11180.00ms : -0.51;-0.83;-0.21;16.85;32.59;7.57
11200.00ms : -0.55;-0.81;-0.22;-2.87;36.32;4.70
11220.00ms : -0.62;-0.86;-0.24;-21.24;41.08;18.62
11240.00ms : -0.52;-0.96;-0.10;-22.46;51.27;8.00
11260.00ms : -0.53;-0.74;0.12;-12.57;20.14;-6.29
11280.00ms : -0.52;-0.77;0.02;-8.36;-12.27;-5.74
11300.00ms : -0.52;-0.86;-0.10;-5.86;-19.53;-8.85
11320.00ms : -0.53;-0.80;-0.12;-4.46;-13.73;-8.42
11340.00ms : -0.59;-0.77;-0.09;-3.36;-13.55;0.73
11360.00ms : -0.62;-0.76;-0.09;-1.77;-16.24;7.39
11380.00ms : -0.60;-0.87;-0.16;-12.02;-12.82;8.36
11400.00ms : -0.63;-0.94;-0.29;-20.75;4.03;-5.49
11420.00ms : -0.76;-1.07;-0.20;-35.10;11.05;-31.74
11440.00ms : -0.86;-0.93;0.01;-32.17;-27.77;-46.75
11460.00ms : -0.80;-0.83;-0.38;-37.41;-61.58;-10.56
11480.00ms : -0.98;-0.80;-0.61;-46.08;-35.71;41.26
11500.00ms : -0.84;-0.95;-0.58;-74.58;-19.04;71.78
11520.00ms : -0.69;-1.02;-0.46;-117.92;-19.04;64.39
11540.00ms : -0.51;-0.93;-0.43;-166.08;-17.82;44.74
11560.00ms : -0.33;-0.84;-0.53;-183.59;6.84;21.61
11580.00ms : -0.39;-0.67;-0.31;-202.33;46.08;20.08
11600.00ms : -0.43;-0.55;-0.03;-224.67;35.83;28.69
11620.00ms : -0.32;-0.52;0.04;-272.95;4.52;18.01
11640.00ms : -0.18;-0.17;0.30;-313.48;-49.87;-9.95
11660.00ms : -0.04;-0.40;0.10;-285.95;-74.46;-0.18
11680.00ms : -0.12;-0.44;0.10;-278.26;-54.20;-25.27
11700.00ms : -0.20;-0.44;0.05;-251.10;-35.64;-53.77
11720.00ms : -0.22;-0.31;0.08;-237.18;-17.88;-93.44
11740.00ms : -0.16;-0.17;0.11;-239.56;-7.75;-146.85
11760.00ms : -0.24;0.14;0.42;-231.14;-9.83;-203.12
11780.00ms : -0.40;0.46;0.25;-182.50;-2.87;-217.83
11800.00ms : -0.52;0.67;0.25;-147.89;29.97;-213.75
11820.00ms : -0.43;0.79;0.43;-117.61;59.45;-205.20
11840.00ms : -0.42;0.91;0.59;-92.41;67.32;-195.92
11860.00ms : -0.55;1.25;0.57;-64.27;75.01;-163.76
11880.00ms : -0.41;1.35;0.74;-16.85;85.94;-123.54
11900.00ms : -0.19;1.49;1.20;74.04;73.85;-92.59
11920.00ms : -0.15;1.75;1.68;165.22;5.13;-65.49
11940.00ms : -0.01;1.91;1.56;237.43;-79.71;8.12
11960.00ms : 0.07;1.74;1.27;286.19;-165.34;106.02
11980.00ms : 0.14;1.44;0.76;320.62;-230.96;190.80
12000.00ms : 0.11;1.20;0.42;341.98;-280.09;260.07
12020.00ms : 0.23;0.96;-0.03;332.70;-329.83;317.32
12040.00ms : 0.36;0.56;-0.51;312.87;-343.63;367.43
12060.00ms : 0.51;0.23;-0.85;317.38;-338.50;408.08
12080.00ms : 0.72;-0.06;-0.82;286.62;-336.43;433.23
12100.00ms : 1.17;-0.41;-0.64;205.57;-378.17;439.94
12120.00ms : 1.32;-0.96;-1.25;119.08;-371.09;441.77
12140.00ms : 0.94;-1.58;-1.64;59.45;-253.05;382.32
12160.00ms : 0.53;-1.90;-1.39;63.48;-136.90;289.98
12180.00ms : 0.36;-1.96;-1.13;106.57;-43.15;176.57
12200.00ms : 0.43;-1.32;-0.73;76.05;-37.72;109.37
12220.00ms : 0.06;-1.48;-0.08;85.08;-83.98;44.07
12240.00ms : 0.19;-1.31;-0.29;134.83;-200.56;6.71
12260.00ms : 0.24;-0.83;-0.80;152.22;-208.92;20.87
12280.00ms : 0.15;-0.92;-1.09;89.97;-173.22;42.97
12300.00ms : 0.04;-0.96;-1.13;45.47;-101.87;55.60
12320.00ms : 0.01;-1.11;-1.01;36.44;-56.21;72.63
12340.00ms : 0.13;-1.26;-0.97;58.11;-18.98;66.04
12360.00ms : 0.10;-1.12;-0.66;82.15;-23.32;38.27
12380.00ms : 0.12;-0.96;-0.84;91.25;-31.07;21.06
12400.00ms : 0.17;-0.89;-1.00;79.90;-14.47;19.59
12420.00ms : 0.14;-1.02;-1.06;40.22;-5.13;28.99
12440.00ms : 0.22;-1.25;-1.27;-16.60;9.40;22.77
12460.00ms : 0.35;-1.73;-1.37;-68.60;24.72;-4.09
12480.00ms : 0.37;-2.04;-1.35;-103.45;29.30;-46.08
12500.00ms : 0.27;-1.77;-1.45;-103.03;40.65;-75.56
12520.00ms : 0.25;-1.46;-1.46;-115.42;74.58;-87.40
12540.00ms : 0.25;-1.41;-1.38;-136.72;124.33;-114.14
12560.00ms : 0.17;-1.03;-1.11;-198.43;160.16;-143.25
12580.00ms : 0.16;-0.84;-0.93;-260.68;175.05;-163.21
12600.00ms : 0.16;-0.68;-0.83;-260.01;196.29;-162.66
12620.00ms : 0.14;-0.70;-0.55;-226.14;200.81;-139.89
12640.00ms : 0.14;-0.80;-0.42;-188.90;192.57;-135.25
12660.00ms : 0.11;-0.75;-0.38;-207.21;181.46;-167.18
12680.00ms : 0.16;-0.57;-0.24;-243.65;168.46;-207.70
12700.00ms : 0.13;-0.39;-0.14;-198.06;157.29;-189.82
12720.00ms : 0.12;-0.35;0.02;-149.54;141.91;-143.80
12740.00ms : 0.12;-0.38;0.11;-145.87;125.85;-142.03
12760.00ms : -0.14;-0.20;0.23;-169.37;102.17;-146.12
12780.00ms : -0.42;-0.01;0.15;-203.37;93.32;-138.55
12800.00ms : -0.14;-0.35;0.03;-206.18;122.86;-136.96
12820.00ms : 0.05;-0.37;0.20;-191.22;133.91;-142.88
12840.00ms : -0.10;-0.16;0.53;-160.71;85.27;-100.89
12860.00ms : -0.17;-0.19;0.25;-159.00;71.04;-87.04
12880.00ms : -0.16;-0.14;0.16;-149.90;60.24;-122.13
12900.00ms : 0.02;-0.10;0.53;-168.88;46.81;-152.47
12920.00ms : 0.03;0.02;0.67;-204.59;-54.44;-158.75
12940.00ms : -0.09;0.08;0.28;-206.79;-125.43;-112.92
12960.00ms : -0.36;0.24;-0.05;-205.81;-124.57;-64.27
12980.00ms : -0.41;0.32;-0.01;-205.57;-103.64;-54.69
13000.00ms : -0.43;0.17;-0.14;-224.06;-53.71;-95.58
13020.00ms : -0.35;0.46;0.15;-202.58;-17.52;-143.98
13040.00ms : -0.31;0.91;0.48;-139.22;-28.81;-131.23
13060.00ms : -0.80;1.47;0.49;-89.90;-38.15;-61.10
13080.00ms : -0.77;1.26;0.56;-95.89;-34.36;-15.26
13100.00ms : -0.73;1.13;0.69;-80.93;-44.62;1.28
13120.00ms : -0.89;1.17;0.65;-47.18;-54.14;13.31
13140.00ms : -0.92;1.18;0.57;-4.88;-38.02;32.29
13160.00ms : -0.89;1.17;0.69;37.48;-28.81;58.11
13180.00ms : -0.83;1.15;0.75;75.01;-45.17;87.16
13200.00ms : -0.85;1.27;0.62;102.17;-61.65;136.23
13220.00ms : -0.83;1.16;0.54;117.43;-58.84;188.11
13240.00ms : -0.88;0.98;0.43;127.01;-53.47;210.57
13260.00ms : -0.79;0.89;0.37;151.31;-57.07;242.43
13280.00ms : -0.71;0.84;0.24;164.18;-65.06;287.17
13300.00ms : -0.45;0.52;-0.03;158.63;-62.44;324.10
13320.00ms : -0.21;0.06;-0.16;149.48;-51.88;319.15
13340.00ms : -0.08;-0.21;-0.18;149.23;-48.16;294.25
13360.00ms : 0.12;-0.37;-0.08;125.00;-56.88;248.05
13380.00ms : 0.25;-0.62;0.05;88.93;-85.69;186.10
13400.00ms : 0.28;-0.85;0.28;56.70;-166.14;108.89
13420.00ms : 0.09;-0.61;0.13;88.07;-255.68;102.72
13440.00ms : -0.11;-1.05;-0.14;117.86;-319.46;92.77
13460.00ms : -0.08;-1.16;-0.69;74.71;-320.25;80.57
13480.00ms : -0.01;-1.10;-0.68;73.00;-256.90;97.53
13500.00ms : -0.19;-0.97;-0.44;92.10;-227.17;92.53
13520.00ms : -0.11;-0.93;-0.75;127.93;-203.98;57.25
13540.00ms : -0.62;-0.75;-0.87;50.66;-160.95;-7.75
13560.00ms : -0.65;-1.20;-0.83;17.52;-160.58;-21.79
13580.00ms : -0.50;-1.33;-0.83;33.02;-143.98;-84.72
13600.00ms : -0.31;-0.88;-0.78;68.36;-101.87;-123.41
13620.00ms : -0.76;-0.26;-0.40;35.64;-118.65;-128.66
13640.00ms : -0.89;-0.29;-0.70;20.94;-173.52;-60.00
13660.00ms : -0.66;-0.83;-0.94;20.26;-133.48;-67.99
13680.00ms : -0.63;-0.98;-0.87;-13.61;-92.10;-163.15
13700.00ms : -0.84;-0.44;-0.50;-48.28;-123.29;-197.45
13720.00ms : -0.95;0.02;-0.75;-46.20;-119.93;-93.08
13740.00ms : -0.81;-0.59;-0.79;-41.63;-65.67;-75.38
13760.00ms : -0.67;-0.53;-0.51;-33.02;-72.94;-113.40
13780.00ms : -0.48;-0.16;-0.49;9.95;-115.66;-121.95
13800.00ms : -0.47;-0.14;-0.61;-18.43;-177.25;-111.82
13820.00ms : -0.69;-0.28;-0.89;-27.47;-199.52;-108.03
13840.00ms : -0.71;-0.44;-1.09;-11.35;-174.80;-100.16
13860.00ms : -0.67;-0.37;-1.19;5.00;-155.94;-98.69
13880.00ms : -0.57;-0.21;-1.23;-1.04;-162.17;-108.28
13900.00ms : -0.63;-0.08;-1.21;-9.77;-158.20;-95.83
13920.00ms : -0.65;-0.17;-1.14;10.38;-149.48;-73.79
13940.00ms : -0.49;-0.05;-1.29;13.55;-165.28;-77.39
13960.00ms : -0.58;0.19;-1.57;8.79;-182.80;-67.44
13980.00ms : -0.82;0.11;-1.87;7.51;-157.84;-47.61
14000.00ms : -0.97;0.03;-2.09;10.56;-101.75;-33.75
14020.00ms : -0.90;0.04;-2.14;12.76;-43.21;-18.37
14040.00ms : -0.89;0.02;-1.97;-2.99;-14.34;-12.76
14060.00ms : -1.00;0.11;-1.99;-23.93;4.82;10.25
14080.00ms : -1.02;-0.03;-2.17;-26.92;54.02;38.64
14100.00ms : -1.07;-0.16;-2.23;-37.41;125.98;58.23
14120.00ms : -0.97;-0.13;-2.11;-40.65;199.16;78.00
14140.00ms : -0.81;-0.17;-1.81;-70.50;256.59;91.00
14160.00ms : -0.66;-0.19;-1.26;-128.60;266.05;83.62
14180.00ms : -0.77;-0.26;-1.30;-178.34;238.71;77.39
14200.00ms : -1.00;-0.27;-1.57;-150.76;275.51;96.98
14220.00ms : -0.71;-0.75;-1.71;-100.16;336.18;96.13
14240.00ms : -0.34;-0.79;-1.27;-64.27;373.54;30.03
14260.00ms : -0.52;0.12;-0.94;-74.46;368.71;17.09
14280.00ms : -0.44;0.41;-0.92;-116.94;370.91;78.31
14300.00ms : -0.50;0.03;-0.54;-136.90;363.10;117.92
14320.00ms : -0.37;-0.31;-0.53;-115.05;345.58;107.60
14340.00ms : -0.36;-0.18;-0.53;-107.24;364.26;73.73
14360.00ms : -0.43;-0.32;-0.27;-90.76;363.65;59.33
14380.00ms : -0.22;-0.72;-0.06;-76.78;337.52;22.71
14400.00ms : -0.14;-0.52;0.24;-52.00;289.86;-20.20
14420.00ms : -0.26;-0.25;0.32;-32.29;236.69;12.08
14440.00ms : -0.20;-0.19;0.30;-37.17;190.67;78.49
14460.00ms : -0.20;-0.46;0.28;-61.89;164.43;111.27
14480.00ms : -0.37;-0.69;0.09;-74.65;178.96;98.08
14500.00ms : -0.20;-0.82;0.07;-58.78;204.71;62.56
14520.00ms : -0.02;-0.52;0.35;-45.17;198.24;34.06
14540.00ms : -0.06;-0.10;0.61;-43.15;144.29;48.46
14560.00ms : 0.04;-0.26;0.61;-0.55;92.71;91.92
14580.00ms : 0.15;-0.37;0.54;11.72;66.04;93.51
14600.00ms : 0.23;-0.39;0.64;23.19;30.58;68.24
14620.00ms : 0.25;-0.47;0.68;15.44;-7.81;23.50
14640.00ms : 0.31;-0.44;0.67;38.70;-41.44;-24.41
14660.00ms : 0.36;-0.41;0.80;56.03;-73.85;-57.86
14680.00ms : 0.35;-0.12;1.00;51.03;-120.00;-93.32
14700.00ms : 0.40;-0.05;1.10;58.04;-185.49;-105.16
14720.00ms : 0.40;0.19;0.91;61.65;-248.29;-79.16
14740.00ms : 0.37;-0.04;0.74;70.50;-305.11;-29.91
14760.00ms : 0.41;-0.28;0.44;94.30;-354.98;34.48
14780.00ms : 0.25;-0.29;0.36;95.64;-412.90;81.18
14800.00ms : 0.19;-0.56;-0.07;92.65;-446.41;114.75
14820.00ms : 0.27;-1.11;-0.28;99.49;-420.84;94.30
14840.00ms : 0.13;-0.93;-0.25;158.45;-398.07;59.33
14860.00ms : -0.00;-0.52;-0.64;165.28;-383.73;47.67
14880.00ms : -0.15;-0.76;-0.92;110.35;-364.26;38.45
14900.00ms : -0.19;-1.01;-0.91;123.72;-304.69;40.59
14920.00ms : -0.16;-0.89;-0.61;187.99;-277.71;29.11
14940.00ms : -0.38;-0.42;-0.80;184.14;-302.43;16.72
14960.00ms : -0.48;-0.38;-1.60;74.89;-272.03;48.46
14980.00ms : -0.51;-0.84;-1.49;37.78;-177.31;71.72
15000.00ms : -0.27;-0.94;-0.99;90.45;-115.54;52.31
15020.00ms : 0.04;-0.77;-0.49;196.23;-126.53;13.37
15040.00ms : 0.05;-0.07;-0.39;232.67;-208.13;-1.10
15060.00ms : -0.09;0.46;-1.13;138.98;-288.76;84.96
15080.00ms : -0.15;-0.50;-1.99;7.14;-294.86;172.00
15100.00ms : 0.11;-1.65;-2.25;6.16;-211.18;141.85
15120.00ms : 0.13;-1.40;-1.79;64.27;-130.43;36.56
15140.00ms : 0.10;-0.74;-1.24;126.34;-115.91;-15.75
15160.00ms : 0.06;0.01;-1.15;118.16;-144.47;-7.87
15180.00ms : -0.02;0.11;-1.62;20.51;-165.65;83.62
15200.00ms : 0.06;-0.83;-2.01;-5.74;-119.51;110.47
15220.00ms : 0.06;-1.00;-1.84;13.55;-41.50;65.61
15240.00ms : 0.22;-0.62;-1.42;14.83;-32.90;30.27
15260.00ms : 0.01;-0.68;-1.68;-63.96;-43.33;61.22
15280.00ms : 0.03;-1.00;-1.85;-52.37;31.86;54.99
15300.00ms : 0.24;-0.80;-1.84;-100.10;92.29;43.27
15320.00ms : 0.18;-0.77;-1.56;-100.65;161.01;54.44
15340.00ms : 0.19;-0.85;-1.18;-68.60;173.40;36.80
15360.00ms : 0.06;-0.95;-1.09;-83.07;109.25;-24.54
15380.00ms : -0.00;-1.00;-1.44;-69.64;69.95;-42.24
15400.00ms : 0.13;-1.01;-1.52;-65.49;93.63;-42.42
15420.00ms : 0.01;-0.98;-1.38;-91.80;112.67;-64.45
15440.00ms : -0.03;-0.93;-1.41;-123.78;131.23;-94.91
15460.00ms : -0.02;-1.00;-1.60;-137.70;168.27;-114.62
15480.00ms : -0.19;-1.00;-1.38;-96.92;205.69;-104.98
15500.00ms : -0.06;-0.89;-1.13;-71.78;225.95;-101.01
15520.00ms : -0.31;-0.65;-0.92;-56.21;209.59;-105.77
15540.00ms : -0.38;-0.58;-1.20;-74.83;216.49;-95.21
15560.00ms : -0.25;-0.75;-1.40;-124.08;288.39;-130.13
15580.00ms : -0.30;-0.75;-1.16;-109.07;347.78;-140.26
15600.00ms : -0.14;-0.76;-0.98;-70.01;376.95;-122.07
15620.00ms : -0.01;-0.55;-0.70;-25.76;408.20;-110.60
15640.00ms : -0.31;-0.36;-0.34;-17.82;394.65;-87.28
15660.00ms : -0.46;-0.45;-0.29;-19.78;361.94;-81.79
15680.00ms : -0.48;-0.44;-0.45;-3.42;376.89;-63.96
15700.00ms : -0.36;-0.74;-0.29;-12.57;408.14;-88.56
15720.00ms : -0.24;-0.79;0.18;-26.73;382.32;-144.59
15740.00ms : -0.32;-0.46;0.12;0.12;356.75;-156.92
15760.00ms : -0.54;-0.49;0.22;25.76;348.45;-154.91
15780.00ms : -0.47;-0.57;0.22;40.59;321.29;-147.95
15800.00ms : -0.38;-0.70;0.26;40.59;289.55;-157.78
15820.00ms : -0.35;-0.57;0.18;53.53;276.86;-164.43
15840.00ms : -0.42;-0.44;0.24;84.23;275.51;-145.08
15860.00ms : -0.42;-0.55;0.23;101.50;276.00;-126.71
15880.00ms : -0.11;-0.91;0.06;87.04;284.73;-156.86
15900.00ms : -0.15;-0.86;0.14;61.10;286.93;-190.19
15920.00ms : -0.08;-0.70;0.27;49.87;263.37;-184.02
15940.00ms : -0.03;-0.79;0.19;32.53;248.29;-169.25
15960.00ms : 0.15;-0.67;0.30;18.01;222.17;-170.78
15980.00ms : -0.16;-0.45;0.41;3.60;182.13;-148.32
16000.00ms : -0.17;-0.62;0.18;-28.26;167.66;-136.54
16020.00ms : -0.01;-0.53;0.25;-73.00;163.21;-128.36
16040.00ms : 0.00;-0.28;0.43;-104.92;129.03;-111.39
16060.00ms : -0.01;-0.39;0.27;-112.30;120.12;-72.81
16080.00ms : 0.02;-0.51;0.43;-115.72;101.62;-69.34
16100.00ms : -0.07;-0.60;0.29;-126.34;88.87;-81.97
16120.00ms : 0.00;-0.51;0.28;-136.41;98.51;-103.33
16140.00ms : 0.11;-0.27;0.33;-149.41;91.37;-103.21
16160.00ms : 0.15;0.16;0.47;-151.00;75.32;-57.31
16180.00ms : 0.04;0.18;0.52;-144.47;59.39;3.54
16200.00ms : 0.06;0.06;0.51;-155.46;44.98;30.21
16220.00ms : 0.12;-0.12;0.42;-165.16;40.59;22.89
16240.00ms : 0.19;-0.02;0.41;-159.48;51.88;1.89
16260.00ms : 0.16;0.20;0.44;-158.69;45.59;4.03
16280.00ms : 0.11;0.25;0.28;-172.12;55.42;20.81
16300.00ms : 0.20;0.19;0.32;-176.03;68.36;26.49
16320.00ms : 0.24;0.31;0.33;-186.89;67.99;20.81
16340.00ms : 0.28;0.35;0.31;-203.61;69.03;9.83
16360.00ms : 0.26;0.53;0.37;-204.90;59.81;8.67
16380.00ms : 0.30;0.60;0.36;-216.55;39.43;13.18
16400.00ms : 0.25;0.75;0.34;-223.27;17.88;32.53
16420.00ms : 0.27;0.75;0.23;-218.63;10.50;52.31
16440.00ms : 0.29;0.57;0.17;-194.27;23.74;39.98
16460.00ms : 0.37;0.49;0.22;-162.54;27.47;-0.06
16480.00ms : 0.37;0.55;0.14;-133.79;14.77;-35.71
16500.00ms : 0.25;0.71;-0.06;-142.88;14.53;-56.64
16520.00ms : 0.27;1.02;-0.11;-156.25;28.99;-38.45
16540.00ms : 0.30;1.05;-0.06;-162.54;31.80;-7.81
16560.00ms : 0.33;0.92;-0.13;-171.39;36.38;-7.20
16580.00ms : 0.31;0.90;-0.16;-154.54;35.64;-13.12
16600.00ms : 0.34;1.24;-0.04;-121.22;24.60;12.21
16620.00ms : 0.25;1.27;-0.03;-98.39;4.64;48.83
16640.00ms : 0.27;1.05;-0.26;-82.89;5.86;51.57
16660.00ms : 0.38;0.86;-0.28;-59.02;13.67;36.32
16680.00ms : 0.41;0.88;-0.25;-25.39;12.08;13.92
16700.00ms : 0.27;1.25;-0.25;-9.64;7.26;23.13
16720.00ms : 0.23;1.38;-0.25;6.41;10.99;53.77
16740.00ms : 0.26;1.33;-0.12;26.06;10.44;65.73
16760.00ms : 0.10;1.80;0.36;41.20;-19.17;71.96
16780.00ms : 0.19;1.24;-0.24;71.47;-19.17;62.07
16800.00ms : 0.13;1.39;0.02;90.03;-4.46;71.17
16820.00ms : 0.13;1.46;0.25;124.33;-27.22;94.42
16840.00ms : 0.09;1.28;0.04;153.08;-45.23;113.77
16860.00ms : 0.00;1.14;0.06;163.64;-42.97;108.89
16880.00ms : -0.00;1.25;0.14;165.53;-35.40;103.33
16900.00ms : -0.06;1.20;0.16;171.87;-36.56;104.19
16920.00ms : -0.11;1.15;0.13;171.20;-33.26;101.68
16940.00ms : -0.12;1.14;0.17;173.77;-29.42;110.66
16960.00ms : -0.09;1.23;0.23;173.77;-38.33;139.34
16980.00ms : -0.10;1.03;0.13;166.99;-47.36;162.29
17000.00ms : -0.12;0.83;0.06;161.38;-33.51;163.82
17020.00ms : -0.17;0.71;0.15;160.46;-23.56;146.97
17040.00ms : -0.22;0.80;0.29;160.71;-27.40;148.62
17060.00ms : -0.27;0.76;0.21;150.82;-30.58;159.00
17080.00ms : -0.35;0.72;0.25;140.75;-25.15;175.48
17100.00ms : -0.25;0.54;0.24;131.10;-24.54;182.25
17120.00ms : -0.36;0.52;0.24;128.17;-23.93;190.86
17140.00ms : -0.28;0.40;0.21;122.01;-20.26;201.66
17160.00ms : -0.33;0.31;0.22;115.97;-18.07;210.02
17180.00ms : -0.31;0.08;0.15;104.68;-5.80;197.08
17200.00ms : -0.29;0.07;0.21;95.46;4.88;185.24
17220.00ms : -0.36;0.13;0.32;85.14;-5.49;196.78
17240.00ms : -0.33;0.12;0.35;75.26;-26.06;210.57
17260.00ms : -0.26;0.08;0.29;66.47;-30.94;231.32
17280.00ms : -0.13;-0.11;0.24;57.68;-32.96;231.81
17300.00ms : -0.09;-0.17;0.25;42.54;-38.27;230.59
17320.00ms : -0.07;-0.22;0.32;32.59;-47.12;232.67
17340.00ms : -0.03;-0.29;0.28;24.84;-59.02;236.15
17360.00ms : 0.02;-0.29;0.29;23.32;-58.65;234.80
17380.00ms : 0.05;-0.34;0.46;20.39;-76.48;230.53
17400.00ms : 0.09;-0.32;0.56;27.22;-115.36;226.01
17420.00ms : 0.08;-0.34;0.55;28.87;-152.83;219.79
17440.00ms : 0.15;-0.48;0.36;23.80;-172.49;203.49
17460.00ms : 0.16;-0.63;0.18;43.21;-153.99;177.55
17480.00ms : 0.06;-0.62;0.22;78.37;-143.62;178.59
17500.00ms : 0.06;-0.76;0.21;85.08;-152.59;175.42
17520.00ms : 0.05;-0.81;0.07;67.69;-150.02;144.90
17540.00ms : -0.03;-0.91;-0.04;67.81;-127.32;113.10
17560.00ms : -0.06;-1.07;-0.11;87.65;-86.30;60.73
17580.00ms : -0.19;-0.91;0.11;104.00;-69.09;34.73
17600.00ms : -0.27;-0.69;0.29;125.79;-100.83;38.94
17620.00ms : -0.35;-0.62;0.16;139.28;-146.91;73.30
17640.00ms : -0.28;-0.72;-0.05;122.74;-168.95;100.52
17660.00ms : -0.21;-0.85;-0.26;105.59;-160.77;113.04
17680.00ms : -0.21;-0.95;-0.22;91.31;-159.85;115.72
17700.00ms : -0.22;-0.98;-0.24;76.84;-182.74;98.69
17720.00ms : -0.25;-1.04;-0.47;72.02;-175.35;77.21
17740.00ms : -0.18;-1.01;-0.63;94.60;-116.82;53.04
17760.00ms : -0.10;-1.00;-0.42;124.63;-62.01;41.20
17780.00ms : -0.04;-0.96;-0.16;119.08;-86.36;22.83
17800.00ms : 0.04;-1.10;-0.63;102.36;-105.04;23.80
17820.00ms : -0.02;-1.11;-0.41;110.29;-113.46;14.89
17840.00ms : 0.07;-0.97;-0.38;142.58;-107.73;6.35
17860.00ms : 0.00;-0.84;-0.33;155.03;-140.69;-1.04
17880.00ms : -0.05;-1.04;-0.94;86.79;-170.35;-1.46
17900.00ms : -0.04;-1.44;-1.16;59.88;-136.84;-22.40
17920.00ms : 0.02;-1.37;-0.97;71.41;-91.98;-68.97
17940.00ms : -0.06;-0.99;-0.62;101.32;-88.50;-93.08
17960.00ms : -0.16;-0.71;-0.71;104.92;-107.91;-84.90
17980.00ms : -0.12;-0.99;-1.11;75.68;-89.11;-85.45
18000.00ms : -0.05;-1.06;-1.16;73.73;-32.78;-114.07
18020.00ms : -0.26;-1.03;-1.16;63.11;-7.51;-136.66
18040.00ms : -0.50;-1.07;-1.30;64.51;14.34;-155.52
18060.00ms : -0.43;-0.79;-1.43;54.50;72.33;-161.62
18080.00ms : -0.49;-0.52;-1.30;65.25;125.73;-151.12
18100.00ms : -0.58;-0.50;-1.46;44.62;175.42;-123.66
18120.00ms : -0.59;-0.71;-1.52;7.93;256.71;-117.37
18140.00ms : -0.51;-0.86;-1.17;10.56;332.34;-161.56
18160.00ms : -0.64;-0.56;-0.78;22.95;350.95;-191.59
18180.00ms : -0.69;-0.60;-0.54;30.15;315.31;-199.34
18200.00ms : -0.77;-0.60;-0.68;32.53;284.67;-195.19
18220.00ms : -0.69;-0.46;-0.85;41.26;327.51;-179.26
18240.00ms : -0.77;-0.21;-0.63;25.27;379.82;-146.61
18260.00ms : -0.78;-0.20;-0.31;10.25;391.36;-111.94
18280.00ms : -0.71;-0.42;0.04;-10.50;367.80;-116.70
18300.00ms : -0.81;-0.40;0.32;-10.13;284.24;-150.09
18320.00ms : -0.73;-0.21;0.08;4.76;238.22;-162.48
18340.00ms : -0.65;0.08;-0.05;19.71;252.20;-140.26
18360.00ms : -0.95;0.10;0.34;18.25;250.98;-104.55
18380.00ms : -0.87;-0.00;0.39;13.79;224.18;-94.18
18400.00ms : -0.78;0.14;0.34;36.38;221.25;-80.51
18420.00ms : -0.90;0.22;0.41;52.43;231.20;-54.08
18440.00ms : -0.77;0.05;0.51;52.43;230.10;-47.67
18460.00ms : -0.70;0.05;0.59;62.93;223.94;-41.44
18480.00ms : -0.59;0.05;0.67;82.64;216.43;-38.02
18500.00ms : -0.47;-0.14;0.78;94.79;189.03;-53.22
18520.00ms : -0.30;-0.12;0.68;123.29;139.77;-69.52
18540.00ms : -0.26;0.12;0.70;148.25;126.65;-46.69
18560.00ms : -0.28;-0.00;0.68;142.58;78.80;-26.06
18580.00ms : -0.29;-0.18;0.41;146.61;59.51;-15.38
18600.00ms : -0.23;-0.22;0.36;133.30;58.59;-13.06
18620.00ms : -0.14;-0.24;0.38;120.42;47.61;-6.23
18640.00ms : -0.10;-0.35;0.32;108.40;32.29;-1.40
18660.00ms : -0.05;-0.38;0.29;109.99;24.11;0.18
18680.00ms : -0.09;-0.31;0.41;107.91;1.65;10.99
18700.00ms : -0.07;-0.28;0.38;105.71;-33.63;39.86
18720.00ms : 0.01;-0.42;0.28;99.73;-58.78;61.65
18740.00ms : -0.09;-0.55;0.29;89.36;-76.35;64.39
18760.00ms : 0.08;-0.64;0.24;65.98;-97.96;46.39
18780.00ms : 0.06;-0.56;0.28;71.17;-113.34;57.19
18800.00ms : 0.04;-0.46;0.30;78.31;-134.89;87.34
18820.00ms : 0.02;-0.41;0.29;65.00;-163.39;122.50
18840.00ms : 0.11;-0.60;0.10;42.85;-176.64;147.46
18860.00ms : 0.11;-0.75;0.04;14.04;-172.79;166.20
18880.00ms : 0.12;-0.94;0.08;-1.89;-164.12;170.23
18900.00ms : 0.12;-1.00;0.15;-8.67;-155.76;155.21
18920.00ms : 0.14;-1.07;0.30;-27.04;-179.32;115.36
18940.00ms : 0.10;-1.04;0.25;-8.91;-211.00;75.26
18960.00ms : -0.00;-0.80;0.11;3.48;-218.08;59.45
18980.00ms : -0.07;-0.58;0.01;1.59;-208.50;80.38
19000.00ms : -0.10;-0.64;-0.07;1.04;-184.51;105.71
19020.00ms : -0.12;-0.78;0.00;0.49;-166.14;118.84
19040.00ms : -0.11;-1.05;0.04;21.73;-161.13;117.74
19060.00ms : -0.13;-0.58;0.00;23.86;-177.55;126.53
19080.00ms : -0.13;-0.44;-0.16;13.61;-168.88;164.79
19100.00ms : -0.12;-0.88;-0.18;24.29;-143.86;170.53
19120.00ms : -0.09;-1.00;-0.09;35.64;-133.61;141.91
19140.00ms : -0.06;-1.05;-0.10;36.50;-135.07;123.66
19160.00ms : -0.04;-1.07;-0.17;34.12;-131.29;114.20
19180.00ms : -0.09;-1.08;-0.26;28.93;-123.78;104.19
19200.00ms : -0.06;-1.07;-0.26;42.42;-110.78;91.31
19220.00ms : -0.04;-1.10;-0.28;38.51;-99.37;69.58
19240.00ms : -0.04;-1.22;-0.21;37.05;-91.13;46.26
19260.00ms : 0.02;-0.96;-0.18;18.31;-95.40;43.58
19280.00ms : 0.04;-1.08;-0.18;17.46;-83.50;47.18
19300.00ms : 0.08;-0.94;-0.18;20.08;-85.14;46.45
19320.00ms : 0.04;-1.01;-0.19;28.56;-83.86;34.73
19340.00ms : 0.01;-1.22;-0.24;27.47;-88.62;5.98
19360.00ms : -0.04;-1.15;-0.33;53.16;-70.50;9.22
19380.00ms : 0.07;-1.32;-0.36;62.99;-67.32;-37.35
19400.00ms : 0.00;-1.22;-0.42;70.37;-49.87;-71.47
19420.00ms : -0.11;-1.17;-0.50;56.64;-35.34;-86.30
19440.00ms : -0.08;-1.21;-0.49;44.43;-14.04;-110.96
19460.00ms : -0.09;-1.16;-0.40;55.24;4.94;-139.22
19480.00ms : -0.21;-1.03;-0.41;48.52;4.27;-153.38
19500.00ms : -0.33;-1.15;-0.51;23.99;5.80;-162.35
19520.00ms : -0.30;-1.22;-0.54;7.26;23.38;-179.26
19540.00ms : -0.27;-0.96;-0.52;4.94;43.52;-184.39
19560.00ms : -0.36;-0.85;-0.44;6.41;59.08;-171.14
19580.00ms : -0.47;-0.86;-0.40;14.65;53.04;-172.85
19600.00ms : -0.56;-0.76;-0.49;5.55;56.52;-168.95
19620.00ms : -0.53;-0.89;-0.56;3.48;82.89;-179.87
19640.00ms : -0.57;-0.85;-0.46;2.75;99.91;-207.82
19660.00ms : -0.65;-0.70;-0.42;5.49;110.60;-230.90
19680.00ms : -0.58;-0.68;-0.40;7.81;135.50;-252.32
19700.00ms : -0.60;-0.50;-0.26;5.80;148.50;-271.42
19720.00ms : -0.82;-0.18;-0.10;4.39;129.39;-259.83
19740.00ms : -1.05;0.13;-0.04;13.18;104.86;-201.84
19760.00ms : -1.02;0.05;-0.11;14.65;105.96;-143.01
19780.00ms : -1.06;-0.15;-0.13;12.88;120.48;-117.86
19800.00ms : -1.04;-0.16;-0.02;9.16;125.98;-104.37
19820.00ms : -1.01;-0.19;-0.08;8.54;127.44;-93.14
19840.00ms : -0.93;-0.30;-0.08;6.10;145.39;-104.61
19860.00ms : -0.95;-0.12;-0.02;10.19;161.07;-105.83
19880.00ms : -0.87;-0.05;0.03;13.55;170.29;-93.99
19900.00ms : -0.85;0.01;0.19;11.29;174.50;-90.15
19920.00ms : -0.76;0.01;0.34;13.24;166.99;-78.43
19940.00ms : -0.62;0.02;0.46;20.45;147.71;-67.57
19960.00ms : -0.65;0.02;0.46;41.38;136.47;-63.66
19980.00ms : -0.64;0.16;0.61;52.55;128.05;-60.55
20000.00ms : -0.65;0.19;0.72;52.67;88.44;-50.84
20020.00ms : -0.72;0.11;0.41;56.15;73.97;-30.15
20040.00ms : -0.71;-0.05;0.35;67.20;85.14;-23.93
20060.00ms : -0.69;0.04;0.40;71.84;83.19;-14.47
20080.00ms : -0.65;0.09;0.50;64.76;79.53;6.23
20100.00ms : -0.60;0.08;0.55;59.81;64.64;30.33
20120.00ms : -0.56;0.08;0.54;57.37;48.65;53.34
20140.00ms : -0.55;0.03;0.51;47.97;29.85;73.79
20160.00ms : -0.48;-0.02;0.45;43.21;22.95;92.35
20180.00ms : -0.41;-0.05;0.47;36.38;15.20;104.37
20200.00ms : -0.38;-0.11;0.43;31.80;3.72;113.28
20220.00ms : -0.34;-0.11;0.44;24.84;-2.44;118.29
20240.00ms : -0.31;-0.15;0.42;18.68;-16.85;127.38
20260.00ms : -0.29;-0.21;0.36;21.48;-20.81;142.03
20280.00ms : -0.21;-0.32;0.38;32.23;-27.65;145.39
20300.00ms : -0.19;-0.39;0.35;36.74;-32.47;140.32
20320.00ms : -0.14;-0.44;0.27;39.31;-30.15;134.03
20340.00ms : -0.10;-0.41;0.34;30.03;-36.99;137.27
20360.00ms : -0.08;-0.37;0.35;13.18;-52.06;147.16
20380.00ms : -0.02;-0.32;0.35;-5.00;-60.97;166.99
20400.00ms : 0.03;-0.33;0.44;-11.41;-73.91;185.55
20420.00ms : 0.03;-0.32;0.47;-8.73;-89.54;196.72
20440.00ms : 0.06;-0.45;0.31;1.34;-88.99;196.29
20460.00ms : 0.03;-0.50;0.30;12.76;-71.17;183.35
20480.00ms : 0.06;-0.44;0.46;16.05;-77.82;170.04
20500.00ms : 0.10;-0.51;0.43;22.16;-94.18;159.18
20520.00ms : 0.09;-0.55;0.30;21.85;-99.55;150.70
20540.00ms : 0.04;-0.59;0.23;32.29;-92.41;153.20
20560.00ms : 0.01;-0.74;0.17;28.56;-88.75;151.55
20580.00ms : 0.00;-0.86;0.09;32.29;-75.26;131.29
20600.00ms : -0.04;-0.85;0.22;33.14;-66.65;101.62
20620.00ms : -0.08;-0.65;0.30;45.17;-81.97;94.91
20640.00ms : -0.07;-0.66;0.17;53.22;-96.01;107.54
20660.00ms : 0.01;-0.96;-0.04;73.18;-74.71;109.13
20680.00ms : 0.06;-0.91;0.02;91.86;-41.26;88.99
20700.00ms : 0.03;-0.64;0.16;99.73;-31.07;77.09
20720.00ms : -0.06;-0.65;0.11;92.41;-41.02;83.50
20740.00ms : -0.02;-0.80;-0.02;89.05;-42.48;92.04
20760.00ms : 0.12;-0.94;-0.03;107.67;-25.63;77.03
20780.00ms : 0.06;-0.70;0.01;111.27;-31.43;57.37
20800.00ms : -0.04;-0.97;0.10;125.43;-61.10;69.58
20820.00ms : -0.01;-1.07;-0.23;96.92;-76.66;63.78
20840.00ms : 0.22;-1.28;-0.47;72.94;-27.28;35.64
20860.00ms : 0.32;-1.04;-0.16;75.68;5.19;10.56
20880.00ms : -0.15;-1.07;0.25;91.80;-44.86;13.37
20900.00ms : 0.04;-1.20;-0.40;69.95;-64.58;18.74
20920.00ms : 0.03;-1.26;-0.52;48.16;-35.52;15.56
20940.00ms : 0.19;-1.42;-0.35;44.62;-6.35;-24.17
20960.00ms : 0.11;-1.31;-0.11;42.79;-20.20;-67.08
20980.00ms : -0.07;-1.30;-0.28;32.59;-43.95;-95.40
21000.00ms : -0.06;-1.41;-0.48;19.71;-29.97;-121.03
21020.00ms : -0.02;-1.32;-0.47;18.68;3.36;-159.18
21040.00ms : -0.02;-1.09;-0.32;22.22;24.23;-187.74
21060.00ms : -0.21;-0.90;-0.33;12.82;27.16;-185.73
21080.00ms : -0.26;-1.04;-0.40;-9.34;30.70;-182.25
21100.00ms : -0.24;-1.08;-0.44;-16.97;44.13;-196.17
21120.00ms : -0.29;-0.98;-0.41;-18.92;61.95;-205.14
21140.00ms : -0.30;-0.87;-0.35;-16.78;78.25;-210.02
21160.00ms : -0.45;-0.73;-0.21;-30.03;79.77;-215.39
21180.00ms : -0.63;-0.68;-0.21;-30.46;73.30;-207.82
21200.00ms : -0.55;-0.80;-0.31;-34.36;80.63;-200.44
21220.00ms : -0.36;-0.92;-0.21;-43.03;91.61;-228.39
21240.00ms : -0.45;-0.64;-0.07;-35.64;90.76;-256.41
21260.00ms : -0.76;-0.28;-0.04;-28.56;75.44;-244.45
21280.00ms : -0.91;-0.23;-0.12;-32.41;75.38;-215.03
21300.00ms : -0.86;-0.25;-0.11;-35.10;90.82;-196.04
21320.00ms : -0.79;-0.21;0.09;-34.73;95.40;-187.56
21340.00ms : -0.79;-0.10;0.24;-38.76;78.12;-192.63
21360.00ms : -0.73;-0.04;0.22;-36.32;66.59;-202.03
21380.00ms : -0.73;0.05;0.23;-12.15;59.08;-195.50
21400.00ms : -0.72;0.05;0.12;1.89;60.24;-180.85
21420.00ms : -0.78;0.06;0.06;3.66;80.44;-170.96
21440.00ms : -0.82;0.14;0.16;0.98;81.36;-159.67
21460.00ms : -0.87;0.21;0.15;-3.66;77.27;-138.12
21480.00ms : -0.89;0.25;0.15;-6.35;85.27;-117.13
21500.00ms : -0.87;0.31;0.28;-0.12;90.09;-101.01
21520.00ms : -0.89;0.43;0.36;8.61;81.05;-74.52
21540.00ms : -0.87;0.44;0.37;10.80;70.19;-42.42
21560.00ms : -0.86;0.41;0.34;10.25;68.42;-16.60
21580.00ms : -0.83;0.37;0.38;13.43;67.81;0.85
21600.00ms : -0.79;0.36;0.38;19.78;65.92;15.87
21620.00ms : -0.71;0.30;0.45;31.31;59.39;31.19
21640.00ms : -0.69;0.32;0.44;38.45;45.10;50.11
21660.00ms : -0.66;0.24;0.37;34.55;41.14;64.76
21680.00ms : -0.63;0.12;0.30;38.51;44.19;67.63
21700.00ms : -0.59;0.07;0.32;45.41;49.56;63.42
21720.00ms : -0.53;0.12;0.40;45.41;44.92;68.12
21740.00ms : -0.55;0.07;0.36;40.41;39.06;76.42
21760.00ms : -0.51;0.00;0.35;40.16;38.39;78.67
21780.00ms : -0.50;-0.00;0.40;37.72;31.19;84.96
21800.00ms : -0.48;-0.04;0.36;33.63;27.95;92.10
21820.00ms : -0.47;-0.10;0.36;31.07;25.63;93.75
21840.00ms : -0.45;-0.08;0.36;23.07;27.65;93.14
21860.00ms : -0.43;-0.11;0.41;23.80;21.18;97.78
21880.00ms : -0.36;-0.13;0.43;23.56;13.37;102.05
21900.00ms : -0.35;-0.13;0.45;18.80;0.73;107.54
21920.00ms : -0.34;-0.09;0.47;16.05;-10.80;118.90
21940.00ms : -0.32;-0.14;0.49;16.54;-24.54;132.51
21960.00ms : -0.27;-0.21;0.39;20.08;-30.33;144.04
21980.00ms : -0.28;-0.27;0.38;20.32;-30.33;146.67
22000.00ms : -0.22;-0.29;0.42;19.90;-34.79;148.07
22020.00ms : -0.22;-0.24;0.39;13.49;-41.26;158.63
22040.00ms : -0.26;-0.32;0.38;14.28;-44.98;167.79
22060.00ms : -0.27;-0.30;0.34;10.62;-47.24;177.43
22080.00ms : -0.26;-0.37;0.35;13.06;-44.68;187.13
22100.00ms : -0.21;-0.40;0.35;13.98;-41.08;186.83
22120.00ms : -0.15;-0.45;0.40;15.32;-45.04;182.43
22140.00ms : -0.11;-0.49;0.42;18.74;-53.96;174.26
22160.00ms : -0.08;-0.50;0.41;25.88;-64.82;171.63
22180.00ms : -0.02;-0.58;0.34;31.62;-68.73;162.84
22200.00ms : 0.01;-0.65;0.28;34.06;-62.74;143.25
22220.00ms : -0.01;-0.68;0.24;36.62;-52.67;121.03
22240.00ms : -0.01;-0.75;0.21;42.30;-41.14;94.91
22260.00ms : -0.04;-0.79;0.22;48.71;-33.81;66.47
22280.00ms : -0.11;-0.72;0.26;51.33;-37.11;46.14
22300.00ms : -0.20;-0.57;0.34;59.81;-55.42;51.27
22320.00ms : -0.25;-0.50;0.27;63.84;-77.09;83.19
22340.00ms : -0.24;-0.61;0.13;57.07;-78.37;105.29
22360.00ms : -0.19;-0.71;0.11;53.04;-71.11;108.95
22380.00ms : -0.15;-0.73;0.15;52.73;-64.58;97.05
22400.00ms : -0.13;-0.75;0.19;69.82;-67.08;89.66
22420.00ms : -0.13;-0.78;0.15;98.75;-75.07;84.17
22440.00ms : -0.20;-0.76;-0.11;100.59;-74.34;85.51
22460.00ms : -0.14;-0.92;-0.29;85.45;-43.64;87.28
22480.00ms : -0.03;-0.99;-0.18;85.02;-1.71;85.45
22500.00ms : -0.12;-0.95;-0.01;91.67;-1.89;72.45
22520.00ms : -0.10;-1.08;-0.10;89.42;-17.03;62.26
22540.00ms : -0.03;-1.02;-0.19;85.14;-16.78;62.74
22560.00ms : -0.00;-1.05;-0.18;70.43;-17.64;63.60
22580.00ms : 0.03;-1.08;-0.21;62.74;-13.61;56.58
22600.00ms : 0.05;-1.08;-0.22;50.17;-8.97;46.81
22620.00ms : 0.10;-1.14;-0.20;36.38;-7.69;34.55
22640.00ms : 0.11;-1.13;-0.16;37.29;-8.48;12.82
22660.00ms : 0.11;-1.07;-0.22;33.45;-13.06;-5.80
22680.00ms : 0.13;-1.12;-0.26;24.48;-9.03;-21.67
22700.00ms : 0.14;-1.11;-0.24;20.26;-3.23;-35.58
22720.00ms : 0.13;-1.09;-0.15;15.50;-9.89;-53.04
22740.00ms : 0.11;-1.14;-0.12;14.89;-28.81;-68.85
22760.00ms : 0.08;-1.04;-0.21;15.38;-42.36;-76.54
22780.00ms : -0.02;-1.04;-0.26;16.97;-44.80;-82.09
22800.00ms : -0.08;-1.05;-0.35;14.34;-34.24;-91.74
22820.00ms : -0.05;-1.05;-0.32;10.93;-15.87;-108.64
22840.00ms : -0.13;-1.05;-0.26;1.40;-15.01;-125.31
22860.00ms : -0.31;-1.13;-0.32;-3.36;-25.76;-131.84
22880.00ms : -0.29;-1.19;-0.41;-0.92;-15.38;-147.40
22900.00ms : -0.24;-0.93;-0.32;2.20;1.89;-166.75
22920.00ms : -0.42;-0.80;-0.20;5.13;-6.29;-156.37
22940.00ms : -0.62;-1.02;-0.35;-0.55;-18.07;-144.65
22960.00ms : -0.47;-1.04;-0.44;-10.13;-1.59;-148.86
22980.00ms : -0.46;-0.84;-0.25;-3.54;10.07;-160.03
23000.00ms : -0.63;-0.67;-0.20;-1.95;0.00;-148.07
23020.00ms : -0.71;-0.79;-0.33;2.26;-5.13;-135.62
23040.00ms : -0.60;-0.83;-0.47;-6.84;22.34;-132.02
23060.00ms : -0.55;-0.82;-0.29;-6.10;42.85;-139.77
23080.00ms : -0.68;-0.62;-0.23;1.34;39.67;-141.85
23100.00ms : -0.79;-0.59;-0.29;2.20;39.55;-129.70
23120.00ms : -0.79;-0.63;-0.40;-4.03;59.20;-123.78
23140.00ms : -0.76;-0.69;-0.34;-6.71;84.05;-129.21
23160.00ms : -0.81;-0.59;-0.24;-8.73;97.17;-139.71
23180.00ms : -0.87;-0.44;-0.13;-5.80;98.57;-138.61
23200.00ms : -0.83;-0.43;-0.16;-6.84;106.26;-138.06
23220.00ms : -0.85;-0.39;-0.08;-6.53;110.84;-144.23
23240.00ms : -0.82;-0.31;-0.07;1.28;113.89;-140.50
23260.00ms : -0.91;-0.34;-0.04;12.88;119.14;-137.27
23280.00ms : -0.93;-0.28;-0.08;23.25;125.92;-135.93
23300.00ms : -0.87;-0.21;-0.08;24.41;144.78;-133.91
23320.00ms : -0.78;-0.05;0.06;24.11;160.22;-119.69
23340.00ms : -0.82;0.03;0.25;20.87;157.10;-94.24
23360.00ms : -0.74;-0.07;0.27;14.95;149.48;-78.80
23380.00ms : -0.80;-0.06;0.27;11.60;146.06;-69.40
23400.00ms : -0.73;-0.20;0.23;9.28;150.09;-72.81
23420.00ms : -0.67;-0.08;0.30;8.79;149.17;-73.55
23440.00ms : -0.66;-0.04;0.32;2.38;147.77;-63.72
23460.00ms : -0.59;-0.10;0.40;-1.89;150.33;-63.54
23480.00ms : -0.52;-0.07;0.43;-0.43;144.90;-65.43
23500.00ms : -0.54;-0.02;0.50;3.23;131.23;-58.29
23520.00ms : -0.50;-0.03;0.47;6.90;122.56;-51.09
23540.00ms : -0.48;0.01;0.51;17.52;120.06;-49.01
23560.00ms : -0.42;0.07;0.55;17.58;113.10;-37.60
23580.00ms : -0.41;0.08;0.62;15.56;97.35;-21.36
23600.00ms : -0.36;0.16;0.62;10.93;81.60;-1.95
23620.00ms : -0.36;0.14;0.61;4.03;66.16;20.08
23640.00ms : -0.32;0.02;0.57;11.78;61.52;28.44
23660.00ms : -0.27;-0.01;0.59;25.02;54.50;28.26
23680.00ms : -0.24;0.08;0.60;28.69;38.64;38.45
23700.00ms : -0.23;0.13;0.56;26.25;25.33;61.77
23720.00ms : -0.22;0.05;0.52;26.92;19.53;81.67
23740.00ms : -0.20;-0.04;0.53;35.77;12.63;90.76
23760.00ms : -0.15;-0.05;0.52;47.24;2.69;94.60
23780.00ms : -0.09;0.02;0.56;46.02;-10.62;115.36
23800.00ms : -0.04;-0.02;0.55;39.92;-28.44;134.40
23820.00ms : 0.01;-0.06;0.59;36.50;-46.88;149.72
23840.00ms : 0.03;-0.10;0.63;33.33;-75.74;159.42
23860.00ms : 0.08;-0.16;0.53;27.53;-96.74;163.82
23880.00ms : 0.03;-0.12;0.44;24.23;-99.37;172.85
23900.00ms : 0.10;-0.34;0.36;28.26;-90.15;173.16
23920.00ms : 0.15;-0.43;0.31;25.15;-76.05;149.35
23940.00ms : 0.19;-0.31;0.37;19.23;-66.89;135.44
23960.00ms : 0.23;-0.29;0.50;13.06;-78.00;139.22
23980.00ms : 0.22;-0.44;0.45;15.44;-88.62;132.93
24000.00ms : 0.17;-0.65;0.41;27.65;-86.98;102.66
24020.00ms : -0.04;-0.64;0.44;44.25;-89.17;63.17
24040.00ms : -0.27;-0.48;0.38;56.40;-93.75;40.28
24060.00ms : -0.41;-0.29;0.32;63.84;-93.51;52.67
24080.00ms : -0.46;-0.26;0.30;65.67;-93.63;86.73
24100.00ms : -0.42;-0.22;0.31;73.49;-94.48;130.25
24120.00ms : -0.38;-0.33;0.24;68.91;-96.50;166.26
24140.00ms : -0.32;-0.48;0.18;65.25;-90.27;181.88
24160.00ms : -0.29;-0.50;0.21;70.98;-85.39;189.94
24180.00ms : -0.24;-0.53;0.18;64.76;-86.30;192.26
24200.00ms : -0.09;-0.77;0.04;58.41;-73.12;170.35
24220.00ms : -0.02;-0.74;0.04;69.58;-51.27;148.74
24240.00ms : -0.04;-0.61;0.15;83.25;-43.70;159.00
24260.00ms : -0.12;-0.72;0.14;90.33;-50.96;159.85
24280.00ms : -0.10;-0.78;-0.12;85.57;-47.30;159.55
24300.00ms : 0.00;-0.89;-0.15;84.53;-16.36;148.99
24320.00ms : 0.08;-0.94;-0.08;88.38;2.56;145.20
24340.00ms : 0.10;-1.07;-0.05;94.24;3.78;133.30
24360.00ms : 0.54;-1.82;-0.65;146.42;19.10;126.04
24380.00ms : 0.31;-1.29;-0.07;135.86;-23.62;58.35
24400.00ms : 0.33;-1.12;-0.19;113.40;-21.36;12.02
24420.00ms : 0.38;-1.02;-0.26;84.41;-14.47;4.03
24440.00ms : 0.42;-1.07;-0.17;69.64;-11.23;-0.55
24460.00ms : 0.54;-0.84;-0.00;83.86;-37.90;49.56
24480.00ms : 0.35;-1.01;-0.23;71.29;-66.59;39.86
24500.00ms : 0.28;-1.18;-0.39;62.81;-65.80;1.22
24520.00ms : 0.33;-1.28;-0.41;49.56;-54.81;-38.51
24540.00ms : 0.24;-1.27;-0.34;58.96;-53.83;-88.87
24560.00ms : 0.13;-1.18;-0.48;49.01;-51.76;-119.69
24580.00ms : 0.04;-1.26;-0.51;31.25;-36.74;-145.94
24600.00ms : 0.12;-1.27;-0.42;13.43;-27.04;-172.97
24620.00ms : 0.12;-1.34;-0.40;13.43;-29.66;-214.17
24640.00ms : -0.00;-1.28;-0.46;5.07;-22.16;-253.97
24660.00ms : -0.18;-1.19;-0.64;-10.44;0.85;-280.46
24680.00ms : -0.16;-1.11;-0.63;-37.84;33.33;-301.27
24700.00ms : -0.25;-0.98;-0.46;-56.95;51.57;-314.94
24720.00ms : -0.25;-0.84;-0.36;-62.32;54.93;-302.61
24740.00ms : -0.19;-0.88;-0.38;-72.02;56.58;-332.52
24760.00ms : -0.09;-0.61;-0.25;-79.04;54.20;-370.97
24780.00ms : -0.37;-0.20;-0.07;-80.57;23.07;-386.47
24800.00ms : -0.84;0.23;-0.26;-68.91;2.87;-344.79
24820.00ms : -1.00;0.18;-0.38;-81.36;19.53;-291.99
24840.00ms : -0.79;-0.13;-0.28;-90.27;50.35;-291.08
24860.00ms : -0.83;-0.03;-0.08;-70.68;43.27;-308.04
24880.00ms : -0.98;0.22;-0.19;-41.87;47.55;-305.60
24900.00ms : -0.91;0.38;-0.25;-33.69;79.28;-292.48
24920.00ms : -0.88;0.46;-0.09;-36.80;98.08;-269.04
24940.00ms : -0.75;0.40;-0.08;-36.07;103.03;-257.08
24960.00ms : -0.73;0.52;-0.10;-20.69;112.43;-250.92
24980.00ms : -0.80;0.79;-0.02;-4.15;123.05;-233.76
25000.00ms : -0.78;0.94;0.04;1.95;136.78;-205.26
25020.00ms : -0.71;1.06;0.16;5.74;142.15;-169.86
25040.00ms : -0.64;1.13;0.37;8.00;126.77;-131.71
25060.00ms : -0.69;1.33;0.40;20.63;97.53;-81.12
25080.00ms : -0.70;1.25;0.35;30.52;90.94;-37.48
25100.00ms : -0.55;1.11;0.42;50.96;90.58;-9.58
25120.00ms : -0.40;0.93;0.48;76.17;73.67;4.52
25140.00ms : -0.42;0.87;0.36;78.49;59.57;24.54
25160.00ms : -0.41;0.74;0.26;74.16;60.12;32.84
25180.00ms : -0.37;0.61;0.31;84.41;65.61;24.84
25200.00ms : -0.33;0.61;0.37;97.47;60.18;16.97
25220.00ms : -0.30;0.69;0.40;99.98;40.28;28.99
25240.00ms : -0.27;0.79;0.40;95.03;19.41;66.71
25260.00ms : -0.27;0.76;0.43;88.56;-1.65;104.61
25280.00ms : -0.27;0.59;0.40;90.88;-17.33;130.37
25300.00ms : -0.29;0.48;0.32;92.59;-29.48;149.66
25320.00ms : -0.28;0.48;0.33;88.20;-39.43;173.71
25340.00ms : -0.25;0.36;0.34;77.27;-50.23;198.06
25360.00ms : -0.24;0.28;0.33;77.88;-62.87;217.65
25380.00ms : -0.36;0.27;0.15;84.78;-57.01;253.72
25400.00ms : -0.23;-0.03;0.14;80.81;-39.43;267.40
25420.00ms : -0.21;-0.13;0.28;78.12;-34.67;254.88
25440.00ms : -0.19;-0.12;0.33;73.79;-41.14;246.15
25460.00ms : -0.16;-0.07;0.41;62.38;-56.58;255.07
25480.00ms : -0.19;-0.18;0.25;51.27;-67.93;272.58
25500.00ms : -0.20;-0.52;0.08;47.36;-44.86;255.74
25520.00ms : -0.14;-0.78;0.10;50.90;-15.32;208.07
25540.00ms : -0.14;-0.76;0.25;50.78;-7.51;159.06
25560.00ms : -0.24;-0.64;0.23;46.14;-13.98;133.73
25580.00ms : -0.22;-0.60;0.24;35.52;-16.91;124.15
25600.00ms : -0.21;-0.62;0.26;33.39;-19.53;116.58
25620.00ms : -0.20;-0.60;0.24;37.78;-20.26;108.03
25640.00ms : -0.14;-0.65;0.09;49.56;-7.45;98.94
25660.00ms : -0.08;-0.65;0.07;65.80;22.58;78.49
25680.00ms : -0.24;-0.66;0.35;65.67;6.29;67.14
25700.00ms : -0.20;-0.66;0.22;72.08;18.55;53.34
25720.00ms : -0.25;-0.70;0.35;69.58;-9.46;36.38
25740.00ms : -0.32;-0.66;0.24;81.54;-29.42;34.24
25760.00ms : -0.30;-0.66;0.13;85.27;-32.96;40.95
25780.00ms : -0.28;-0.65;0.10;79.04;-32.29;51.09
25800.00ms : -0.26;-0.84;0.03;70.86;-33.87;65.86
25820.00ms : -0.20;-0.97;-0.02;61.58;-27.59;43.15
25840.00ms : -0.11;-0.87;0.05;56.64;-19.71;25.70
25860.00ms : -0.20;-0.77;0.10;54.93;-27.34;24.35
25880.00ms : -0.22;-0.92;-0.03;59.51;-25.82;16.60
25900.00ms : -0.20;-0.99;-0.04;57.50;-24.66;-11.29
25920.00ms : -0.15;-0.89;0.02;51.51;-24.96;-35.22
25940.00ms : -0.18;-0.85;0.11;53.77;-49.62;-46.51
25960.00ms : -0.26;-0.78;-0.08;62.62;-61.10;-41.20
25980.00ms : -0.37;-0.95;-0.26;58.90;-58.90;-29.85
26000.00ms : -0.28;-1.19;-0.31;40.89;-45.96;-40.89
26020.00ms : -0.14;-1.29;-0.16;27.04;-44.13;-82.46
26040.00ms : -0.22;-1.13;-0.15;11.05;-60.67;-131.90
26060.00ms : -0.35;-1.02;-0.30;-3.66;-65.12;-154.72
26080.00ms : -0.44;-0.94;-0.38;-31.62;-59.69;-147.71
26100.00ms : -0.46;-0.82;-0.29;-43.46;-54.08;-129.09
26120.00ms : -0.50;-0.89;-0.19;-48.83;-59.69;-123.05
26140.00ms : -0.46;-0.89;-0.26;-43.33;-54.57;-131.47
26160.00ms : -0.76;-0.78;-0.21;-20.45;-35.71;-135.62
26180.00ms : -0.68;-0.70;-0.45;-34.48;-19.35;-143.86
26200.00ms : -0.73;-0.68;-0.44;-48.22;11.17;-130.80
26220.00ms : -0.86;-0.59;-0.37;-44.31;39.43;-123.41
26240.00ms : -0.99;-0.57;-0.25;-34.97;42.24;-119.26
26260.00ms : -0.96;-0.73;-0.36;-45.41;61.58;-121.89
26280.00ms : -0.90;-0.59;-0.22;-57.19;72.69;-132.02
26300.00ms : -0.96;-0.43;-0.05;-59.69;61.77;-125.31
26320.00ms : -0.94;-0.37;-0.16;-52.80;67.75;-121.46
26340.00ms : -0.94;-0.31;-0.22;-47.61;88.38;-116.64
26360.00ms : -0.95;-0.19;-0.05;-52.67;98.94;-117.74
26380.00ms : -1.02;-0.02;0.03;-59.81;98.14;-105.96
26400.00ms : -1.02;0.09;0.08;-64.45;96.19;-75.38
26420.00ms : -1.03;0.14;0.12;-73.00;99.67;-59.02
26440.00ms : -0.99;0.08;0.18;-91.00;111.02;-69.03
26460.00ms : -0.91;0.01;0.24;-73.00;108.40;-90.70
26480.00ms : -0.83;0.10;0.22;-41.93;119.57;-93.20
26500.00ms : -0.75;0.20;0.29;-24.54;133.79;-88.20
26520.00ms : -0.70;0.20;0.48;-5.86;124.08;-78.49
26540.00ms : -0.67;0.29;0.52;4.82;106.75;-64.88
26560.00ms : -0.66;0.24;0.54;10.62;90.88;-58.72
26580.00ms : -0.65;0.20;0.44;25.15;86.85;-64.45
26600.00ms : -0.55;0.28;0.46;42.85;94.79;-65.19
26620.00ms : -0.51;0.29;0.60;62.13;81.60;-49.99
26640.00ms : -0.46;0.41;0.59;63.84;55.36;-26.31
26660.00ms : -0.47;0.36;0.51;52.49;36.74;3.17
26680.00ms : -0.44;0.20;0.46;40.47;27.28;10.56
26700.00ms : -0.46;0.12;0.51;43.09;13.12;12.63
26720.00ms : -0.41;0.17;0.49;53.53;-0.98;23.68
26740.00ms : -0.37;0.23;0.43;45.96;-6.90;49.44
26760.00ms : -0.32;0.17;0.55;28.14;-25.09;73.61
26780.00ms : -0.31;0.07;0.51;19.65;-48.28;94.97
26800.00ms : -0.32;-0.18;0.27;31.43;-51.27;99.91
26820.00ms : -0.28;-0.14;0.20;33.63;-27.65;99.91
26840.00ms : -0.26;-0.17;0.38;22.09;-23.50;96.44
26860.00ms : -0.25;-0.16;0.46;12.82;-36.74;98.82
26880.00ms : -0.24;-0.17;0.43;11.35;-50.48;105.53
26900.00ms : -0.23;-0.14;0.39;9.03;-54.14;119.32
26920.00ms : -0.28;-0.19;0.35;9.83;-55.91;138.67
26940.00ms : -0.28;-0.32;0.28;4.70;-48.83;134.89
26960.00ms : -0.33;-0.29;0.31;2.20;-45.78;132.14
26980.00ms : -0.32;-0.37;0.29;-6.23;-44.43;130.00
27000.00ms : -0.31;-0.46;0.20;4.58;-25.63;122.19
27020.00ms : -0.28;-0.47;0.29;21.00;-3.17;104.19
27040.00ms : -0.31;-0.38;0.46;31.31;-12.27;92.53
27060.00ms : -0.32;-0.25;0.43;35.52;-32.96;106.51
27080.00ms : -0.32;-0.32;0.32;29.05;-42.60;122.01
27100.00ms : -0.34;-0.42;0.27;35.77;-38.57;132.26
27120.00ms : -0.36;-0.50;0.26;42.54;-37.41;134.16
27140.00ms : -0.38;-0.60;0.20;47.49;-34.00;122.31
27160.00ms : -0.37;-0.59;0.13;53.83;-23.19;116.94
27180.00ms : -0.28;-0.72;0.11;62.01;-7.81;111.21
27200.00ms : -0.17;-0.77;0.19;73.30;-0.67;96.37
27220.00ms : -0.12;-0.78;0.21;82.58;-1.83;78.31
27240.00ms : -0.11;-0.74;0.22;93.08;-9.83;69.40
27260.00ms : -0.12;-0.71;0.16;100.59;-22.46;86.30
27280.00ms : -0.12;-0.81;0.11;95.89;-34.79;96.13
27300.00ms : -0.06;-1.08;0.02;91.74;-34.61;71.41
27320.00ms : -0.12;-0.99;-0.03;88.07;-29.91;33.75
27340.00ms : -0.16;-1.06;-0.02;93.51;-31.49;1.95
27360.00ms : -0.14;-1.01;-0.03;88.44;-41.08;-22.95
27380.00ms : -0.17;-0.98;-0.01;82.95;-48.83;-39.55
27400.00ms : -0.24;-0.94;-0.13;85.51;-49.62;-47.85
27420.00ms : 0.23;-0.72;-0.63;120.30;8.24;-22.71
27440.00ms : -0.20;-1.01;-0.36;71.66;-19.96;-63.11
27460.00ms : -0.39;-0.98;-0.20;41.32;-19.47;-95.83
27480.00ms : -0.48;-0.89;-0.18;26.00;-21.55;-84.66
27500.00ms : -0.69;-0.82;-0.22;-3.11;-47.61;-50.48
27520.00ms : -0.63;-1.38;-0.43;-15.99;-34.24;-78.31
27540.00ms : -0.59;-1.39;-0.43;-43.15;-11.17;-117.92
27560.00ms : -0.51;-1.12;-0.30;-58.72;2.38;-138.12
27580.00ms : -0.60;-0.86;-0.21;-56.82;7.51;-133.61
27600.00ms : -0.72;-0.72;-0.25;-56.34;17.46;-117.19
27620.00ms : -0.62;-0.86;-0.26;-66.65;34.06;-115.36
27640.00ms : -0.53;-0.89;-0.21;-85.08;44.19;-133.79
27660.00ms : -0.48;-0.78;-0.11;-82.76;51.09;-155.64
27680.00ms : -0.67;-0.56;-0.03;-65.43;51.94;-159.36
27700.00ms : -0.71;-0.55;-0.15;-66.47;64.15;-156.80
27720.00ms : -0.66;-0.56;-0.04;-71.72;71.84;-161.80
27740.00ms : -0.72;-0.29;0.11;-81.54;69.95;-156.86
27760.00ms : -0.84;-0.24;0.16;-85.88;59.57;-150.39
27780.00ms : -0.85;-0.17;0.09;-95.52;68.05;-146.30
27800.00ms : -0.80;-0.18;0.18;-95.52;76.35;-145.51
27820.00ms : -0.64;-0.22;0.31;-91.67;69.76;-150.09
27840.00ms : -0.66;-0.04;0.36;-94.54;45.78;-153.56
27860.00ms : -0.77;0.20;0.27;-83.74;35.52;-137.45
27880.00ms : -0.85;0.12;0.09;-73.55;49.68;-137.21
27900.00ms : -0.81;0.11;0.08;-65.98;75.68;-154.05
27920.00ms : -0.68;0.30;0.25;-49.50;85.14;-156.43
27940.00ms : -0.69;0.64;0.42;-33.51;68.42;-116.15
27960.00ms : -0.81;0.83;0.44;-25.94;50.42;-57.68
27980.00ms : -0.84;0.63;0.42;-10.68;46.39;-26.12
28000.00ms : -0.72;0.43;0.41;24.05;53.59;-24.11
28020.00ms : -0.66;0.49;0.46;53.34;49.74;-22.89
28040.00ms : -0.60;0.47;0.41;51.15;52.98;-0.61
28060.00ms : -0.58;0.35;0.38;48.46;57.37;9.70
28080.00ms : -0.58;0.20;0.38;55.30;59.45;8.06
28100.00ms : -0.51;0.09;0.31;66.35;62.99;-3.60
28120.00ms : -0.54;0.26;0.25;81.54;84.35;0.79
28140.00ms : -0.43;0.33;0.49;78.49;77.15;22.64
28160.00ms : -0.45;0.36;0.51;71.04;47.91;47.36
28180.00ms : -0.41;0.27;0.45;73.43;34.91;72.33
28200.00ms : -0.35;0.15;0.41;80.87;25.82;83.74
28220.00ms : -0.25;0.25;0.43;77.94;20.26;97.90
28240.00ms : -0.23;0.35;0.53;69.89;5.74;137.63
28260.00ms : -0.09;0.22;0.52;58.23;-22.58;182.43
28280.00ms : 0.01;0.00;0.47;60.67;-39.92;212.46
28300.00ms : 0.05;-0.19;0.46;70.31;-51.15;209.59
28320.00ms : 0.10;-0.35;0.43;81.85;-54.99;184.57
28340.00ms : 0.09;-0.34;0.46;84.53;-63.90;164.37
28360.00ms : 0.07;-0.38;0.45;80.32;-81.54;144.17
28380.00ms : 0.10;-0.31;0.39;67.38;-93.02;145.81
28400.00ms : 0.06;-0.35;0.43;60.73;-106.81;157.53
28420.00ms : 0.05;-0.37;0.44;50.78;-129.46;165.65
28440.00ms : -0.04;-0.38;0.38;34.06;-152.04;162.41
28460.00ms : -0.13;-0.51;0.21;25.70;-163.45;150.02
28480.00ms : -0.23;-0.54;0.09;21.30;-164.37;148.01
28500.00ms : -0.26;-0.64;-0.07;24.23;-156.37;156.13
28520.00ms : -0.26;-0.77;-0.14;36.74;-133.91;165.71
28540.00ms : -0.29;-0.89;-0.15;56.46;-97.60;170.53
28560.00ms : -0.32;-0.99;-0.17;63.29;-65.49;153.99
28580.00ms : -0.29;-1.12;-0.14;66.59;-38.45;124.82
28600.00ms : -0.24;-1.13;-0.01;67.69;-28.69;84.72
28620.00ms : -0.19;-1.04;0.05;65.86;-27.22;51.94
28640.00ms : -0.14;-0.85;0.02;66.53;-26.31;37.48
28660.00ms : -0.20;-0.71;0.01;68.36;-29.24;45.04
28680.00ms : -0.20;-0.81;-0.03;73.36;-37.05;65.25
28700.00ms : -0.04;-0.93;-0.09;79.41;-31.98;69.82
28720.00ms : 0.12;-1.48;-0.38;119.14;-18.86;76.29
28740.00ms : -0.09;-0.91;-0.07;96.74;-61.83;48.52
28760.00ms : -0.17;-0.79;-0.29;62.62;-67.99;58.23
28780.00ms : -0.07;-0.95;-0.31;58.47;-36.93;55.48
28800.00ms : 0.05;-1.04;-0.08;53.34;-38.21;23.07
28820.00ms : -0.03;-1.26;-0.29;53.96;-88.01;38.02
28840.00ms : 0.00;-1.46;-0.59;25.82;-70.31;-1.71
28860.00ms : -0.02;-1.61;-0.43;6.35;-48.34;-46.81
28880.00ms : 0.00;-1.57;-0.40;18.49;-30.70;-123.17
28900.00ms : -0.03;-1.11;-0.44;16.24;-6.35;-175.78
28920.00ms : -0.25;-0.97;-0.42;3.48;3.48;-214.17
28940.00ms : -0.24;-1.10;-0.52;-21.97;20.81;-233.52
28960.00ms : -0.18;-0.89;-0.42;-23.56;46.20;-232.42
28980.00ms : -0.32;-0.62;-0.24;-27.34;44.07;-201.72
29000.00ms : -0.65;-0.90;-0.44;-42.97;28.38;-182.13
29020.00ms : -0.76;-1.07;-0.60;-63.29;41.99;-194.52
29040.00ms : -0.48;-1.22;-0.52;-72.94;66.89;-260.86
29060.00ms : -0.42;-0.87;-0.23;-62.44;75.13;-312.62
29080.00ms : -0.88;-0.27;-0.18;-62.26;51.27;-299.68
29100.00ms : -1.10;-0.17;-0.40;-75.93;64.51;-252.93
29120.00ms : -0.95;-0.28;-0.30;-94.36;89.54;-236.27
29140.00ms : -0.84;-0.31;-0.09;-108.28;88.62;-251.59
29160.00ms : -0.80;-0.16;-0.09;-94.36;83.56;-289.86
29180.00ms : -0.64;0.10;-0.15;-59.33;113.34;-307.25
29200.00ms : -0.54;0.36;0.08;-10.44;137.94;-306.15
29220.00ms : -0.66;0.86;0.33;-8.24;122.38;-258.54
29240.00ms : -0.83;0.94;0.28;-23.99;102.54;-201.11
29260.00ms : -0.71;0.69;0.36;-27.71;85.45;-194.09
29280.00ms : -0.67;0.85;0.20;4.21;100.34;-182.62
29300.00ms : -0.76;1.08;0.45;29.17;110.47;-156.01
29320.00ms : -0.77;1.24;0.56;53.34;99.55;-102.11
29340.00ms : -0.65;1.02;0.59;65.55;71.59;-55.11
29360.00ms : -0.58;0.84;0.45;86.91;55.05;-20.32
29380.00ms : -0.55;0.78;0.48;111.82;49.38;14.71
29400.00ms : -0.55;0.90;0.53;127.14;35.52;40.71
29420.00ms : -0.47;0.79;0.58;138.73;2.44;81.42
29440.00ms : -0.36;0.72;0.49;139.71;-28.20;118.23
29460.00ms : -0.33;0.55;0.38;138.67;-54.81;141.66
29480.00ms : -0.24;0.48;0.33;130.74;-72.81;180.85
29500.00ms : -0.17;0.30;0.24;112.24;-87.46;216.86
29520.00ms : -0.19;0.20;0.19;81.60;-92.22;239.20
29540.00ms : -0.16;0.05;0.15;57.92;-93.38;261.05
29560.00ms : -0.09;-0.25;0.11;54.14;-85.57;269.17
29580.00ms : -0.09;-0.39;0.13;52.86;-75.07;258.18
29600.00ms : -0.07;-0.47;0.19;47.00;-72.27;245.12
29620.00ms : -0.15;-0.46;0.14;30.70;-70.98;225.52
29640.00ms : -0.22;-0.57;0.12;19.59;-70.37;212.16
29660.00ms : -0.17;-0.66;0.09;17.46;-67.99;212.28
29680.00ms : -0.17;-0.71;0.10;18.31;-60.00;214.23
29700.00ms : -0.23;-0.72;0.10;1.04;-54.81;203.31
29720.00ms : -0.24;-0.91;0.03;4.70;-37.05;170.72
29740.00ms : -0.22;-0.97;0.07;23.44;-14.89;127.87
29760.00ms : -0.19;-0.98;0.14;47.49;-6.47;81.18
29780.00ms : -0.24;-0.82;0.24;64.70;-12.15;46.14
29800.00ms : -0.35;-0.77;0.14;70.13;-23.01;36.13
29820.00ms : -0.47;-0.74;-0.02;62.93;-15.87;30.40
29840.00ms : -0.50;-0.71;-0.10;65.06;2.81;38.09
29860.00ms : -0.40;-0.73;0.00;72.75;15.81;52.86
29880.00ms : -0.35;-0.92;0.08;69.64;10.25;38.15
29900.00ms : -0.29;-0.80;0.04;63.29;2.75;24.17
29920.00ms : -0.28;-0.68;-0.01;67.14;-3.36;43.09
29940.00ms : -0.22;-0.93;-0.09;61.16;-4.15;60.36
29960.00ms : -0.18;-1.01;-0.15;62.13;8.54;48.40
29980.00ms : -0.13;-1.06;-0.10;72.75;5.07;38.64
30000.00ms : -0.01;-1.08;-0.17;68.91;6.96;14.34
30020.00ms : -0.06;-1.15;-0.16;56.21;-6.77;-14.95
30040.00ms : -0.08;-1.18;-0.18;42.42;-33.63;-27.65
30060.00ms : 0.05;-1.25;-0.31;26.37;-45.23;-38.76
30080.00ms : 0.08;-1.21;-0.32;-0.24;-48.28;-61.89
30100.00ms : -0.05;-1.13;-0.28;-9.95;-55.73;-84.72
30120.00ms : -0.27;-1.08;-0.37;-19.23;-71.78;-91.49
30140.00ms : -0.32;-1.19;-0.45;-32.29;-61.83;-106.14
30160.00ms : -0.17;-1.14;-0.40;-43.03;-40.59;-131.65
30180.00ms : -0.27;-0.88;-0.22;-48.83;-38.70;-145.32
30200.00ms : -0.56;-0.82;-0.28;-60.85;-49.13;-141.36
30220.00ms : -0.51;-1.03;-0.48;-73.12;-35.40;-146.18
30240.00ms : -0.35;-1.01;-0.45;-89.05;-7.69;-173.52
30260.00ms : -0.49;-0.69;-0.24;-91.43;-4.03;-198.85
30280.00ms : -0.75;-0.50;-0.28;-94.85;-18.25;-201.54
30300.00ms : -0.61;-0.69;-0.39;-116.88;-11.72;-208.50
30320.00ms : -0.46;-0.55;-0.39;-130.19;-13.18;-232.36
30340.00ms : -0.88;0.07;-0.29;-118.23;-9.89;-213.62
30360.00ms : -1.36;0.37;-0.10;-89.72;-14.28;-156.49
30380.00ms : -1.44;0.41;-0.18;-89.54;-2.69;-111.08
30400.00ms : -1.41;0.44;-0.00;-80.87;17.76;-61.89
30420.00ms : -1.44;0.44;0.18;-57.62;17.46;-10.56
30440.00ms : -1.39;0.27;0.12;-39.18;20.51;20.08
30460.00ms : -1.41;0.32;0.13;-20.02;36.19;42.36
30480.00ms : -1.40;0.27;0.10;-12.76;48.16;58.47
30500.00ms : -1.25;0.11;-0.02;-11.11;68.42;75.81
30520.00ms : -1.17;0.04;0.08;5.37;82.28;78.43
30540.00ms : -1.14;0.14;0.01;7.63;95.03;84.35
30560.00ms : -1.01;0.05;0.11;5.43;109.86;91.67
30580.00ms : -0.88;-0.06;0.16;7.87;113.77;97.90
30600.00ms : -0.83;-0.20;0.12;10.07;116.33;87.28
30620.00ms : -0.70;-0.18;0.08;21.12;128.17;76.97
30640.00ms : -0.63;-0.18;0.18;21.79;136.29;72.45
30660.00ms : -0.52;-0.27;0.19;21.24;122.68;72.14
30680.00ms : -0.27;-0.36;0.15;13.12;113.10;62.62
30700.00ms : -0.14;-0.43;0.17;21.36;116.21;46.51
30720.00ms : -0.02;-0.42;0.29;21.97;112.85;22.40
30740.00ms : 0.08;-0.41;0.37;15.32;97.84;-8.79
30760.00ms : 0.13;-0.38;0.39;7.93;82.52;-34.42
30780.00ms : 0.10;-0.34;0.40;5.98;73.79;-48.28
30800.00ms : -0.00;-0.38;0.44;24.48;73.61;-59.81
30820.00ms : -0.06;-0.37;0.59;53.96;60.55;-87.16
30840.00ms : -0.15;-0.29;0.55;71.96;35.03;-109.62
30860.00ms : -0.15;-0.16;0.51;89.17;23.13;-112.55
30880.00ms : -0.23;0.02;0.55;105.29;4.70;-87.22
30900.00ms : -0.34;0.00;0.57;111.39;-33.51;-44.62
30920.00ms : -0.45;-0.18;0.32;124.02;-58.65;-4.15
30940.00ms : -0.47;-0.40;0.11;115.05;-65.25;14.28
30960.00ms : -0.42;-0.44;-0.01;115.60;-51.21;33.94
30980.00ms : -0.26;-0.54;0.12;126.28;-46.45;51.03
31000.00ms : -0.26;-0.51;0.21;130.37;-72.75;56.40
31020.00ms : -0.40;-0.49;0.02;130.55;-105.29;77.15
31040.00ms : -0.39;-0.70;-0.29;130.74;-104.37;108.40
31060.00ms : -0.35;-0.79;-0.30;123.84;-83.13;131.90
31080.00ms : -0.34;-1.03;-0.21;119.14;-82.76;134.77
31100.00ms : -0.22;-1.05;-0.38;72.14;-94.30;137.27
31120.00ms : -0.28;-1.28;-0.44;62.01;-14.77;108.89
31140.00ms : -0.50;-1.30;-0.21;47.85;-36.07;83.13
31160.00ms : -0.29;-1.39;-0.43;43.82;-26.49;52.86
31180.00ms : -0.29;-1.32;-0.19;36.99;-34.06;23.50
31200.00ms : -0.72;-1.58;-0.03;60.49;-78.98;-8.61
31220.00ms : -0.27;-1.31;-0.52;34.12;-53.04;-16.54
31240.00ms : -0.15;-1.23;-0.42;14.77;-37.11;-11.11
31260.00ms : -0.04;-1.14;-0.28;3.42;-41.87;-12.94
31280.00ms : -0.15;-1.10;-0.21;-9.58;-61.16;-44.86
31300.00ms : -0.26;-1.02;-0.38;-24.66;-70.37;-60.24
31320.00ms : -0.21;-0.99;-0.42;-40.83;-60.91;-52.19
31340.00ms : -0.10;-1.08;-0.29;-56.46;-60.73;-61.83
31360.00ms : -0.29;-0.94;-0.22;-60.85;-84.59;-71.23
31380.00ms : -0.42;-0.88;-0.37;-57.98;-94.30;-70.86
31400.00ms : -0.43;-0.92;-0.51;-72.57;-78.12;-64.33
31420.00ms : -0.32;-0.91;-0.21;-82.34;-75.93;-87.65
31440.00ms : -0.66;-0.66;-0.18;-91.13;-115.91;-69.58
31460.00ms : -0.90;-0.76;-0.49;-110.66;-123.66;-38.70
31480.00ms : -0.79;-1.05;-0.58;-133.73;-93.44;-34.48
31500.00ms : -0.81;-0.87;-0.36;-151.25;-76.48;-45.84
31520.00ms : -1.05;-0.67;-0.33;-153.02;-74.10;-27.71
31540.00ms : -1.13;-0.76;-0.40;-135.38;-51.39;-13.18
31560.00ms : -1.13;-0.88;-0.36;-133.73;-22.77;-33.45
31580.00ms : -1.14;-1.09;-0.22;-115.36;1.83;-82.15
31600.00ms : -1.06;-0.56;-0.30;-101.44;31.86;-118.59
31620.00ms : -1.03;-0.47;-0.27;-84.96;79.41;-109.07
31640.00ms : -1.00;-0.39;-0.06;-67.20;93.69;-116.27
31660.00ms : -0.93;-0.36;-0.04;-51.09;105.53;-129.09
31680.00ms : -0.84;-0.21;-0.07;-45.96;131.04;-136.96
31700.00ms : -0.75;-0.06;0.11;-38.21;153.20;-135.86
31720.00ms : -0.66;-0.11;0.33;-13.18;156.37;-143.07
31740.00ms : -0.68;-0.00;0.33;-0.67;148.44;-154.60
31760.00ms : -0.64;0.01;0.27;7.39;148.62;-147.16
31780.00ms : -0.60;0.03;0.23;13.06;151.61;-128.23
31800.00ms : -0.46;-0.01;0.36;21.97;156.49;-115.84
31820.00ms : -0.39;-0.02;0.57;31.31;136.35;-108.15
31840.00ms : -0.30;0.00;0.57;54.93;111.45;-113.77
31860.00ms : -0.30;0.05;0.54;76.72;93.57;-102.48
31880.00ms : -0.29;0.09;0.48;84.72;82.70;-82.28
31900.00ms : -0.23;0.01;0.51;96.13;69.46;-63.90
31920.00ms : -0.21;0.02;0.62;102.29;47.73;-43.88
31940.00ms : -0.22;0.06;0.57;111.69;21.85;-26.79
31960.00ms : -0.25;-0.00;0.52;118.96;8.36;-9.28
31980.00ms : -0.25;-0.16;0.43;123.05;-2.38;-0.92
32000.00ms : -0.19;-0.25;0.53;132.81;-15.56;9.52
32020.00ms : -0.21;-0.33;0.35;126.95;-30.46;-28.26
32040.00ms : -0.25;-0.09;0.37;115.17;-28.20;2.99
32060.00ms : -0.28;-0.38;0.35;108.09;-61.83;36.07
32080.00ms : -0.26;-0.59;0.08;93.08;-56.95;31.19
32100.00ms : -0.26;-0.64;0.24;85.27;-58.35;26.43
32120.00ms : -0.31;-0.55;0.21;67.93;-77.39;21.79
32140.00ms : -0.43;-0.60;0.06;60.30;-81.30;39.61
32160.00ms : -0.47;-0.68;-0.01;52.00;-67.20;45.59
32180.00ms : -0.48;-0.63;0.05;43.27;-56.95;46.51
32200.00ms : -0.49;-0.56;0.12;36.80;-63.17;49.80
32220.00ms : -0.52;-0.54;0.08;34.24;-72.88;59.20
32240.00ms : -0.50;-0.60;0.03;24.90;-82.52;67.20
32260.00ms : -0.50;-0.73;-0.04;23.44;-80.63;71.66
32280.00ms : -0.44;-0.75;-0.04;31.86;-75.50;71.96
32300.00ms : -0.40;-0.75;0.00;37.66;-78.31;69.21
32320.00ms : -0.40;-0.79;-0.04;35.83;-84.96;70.80
32340.00ms : -0.35;-0.86;-0.08;34.61;-86.55;68.54
32360.00ms : -0.37;-0.83;-0.10;32.41;-89.97;60.30
32380.00ms : -0.41;-0.79;-0.13;30.76;-94.85;61.40
32400.00ms : -0.37;-0.82;-0.14;30.33;-98.14;68.60
32420.00ms : -0.35;-0.86;-0.17;22.22;-103.03;67.63
32440.00ms : -0.31;-0.93;-0.17;16.17;-111.69;65.19
32460.00ms : -0.39;-0.91;-0.16;11.60;-133.06;72.75
32480.00ms : -0.55;-0.92;-0.42;5.07;-143.74;74.04
32500.00ms : -0.50;-1.07;-0.61;-9.03;-105.22;87.89
32520.00ms : -0.37;-1.25;-0.45;-17.15;-70.31;62.56
32540.00ms : -0.50;-1.13;-0.30;-22.34;-78.67;42.72
32560.00ms : -0.52;-1.26;-0.47;-22.64;-80.08;42.11
32580.00ms : -0.44;-1.35;-0.47;-18.92;-62.26;15.01
32600.00ms : -0.35;-1.28;-0.41;-22.22;-49.38;-18.98
32620.00ms : -0.34;-1.16;-0.34;-26.49;-51.33;-38.70
32640.00ms : -0.33;-1.14;-0.36;-30.94;-61.65;-41.26
32660.00ms : -0.30;-1.15;-0.42;-44.62;-62.93;-38.88
32680.00ms : -0.36;-1.24;-0.48;-57.56;-52.43;-46.39
32700.00ms : -0.40;-1.17;-0.47;-66.22;-40.65;-71.04
32720.00ms : -0.52;-1.02;-0.43;-78.86;-37.17;-84.41
32740.00ms : -0.61;-1.04;-0.48;-95.46;-33.14;-94.42
32760.00ms : -0.63;-1.00;-0.45;-116.21;-24.84;-108.22
32780.00ms : -0.78;-0.84;-0.52;-134.83;-15.56;-108.83
32800.00ms : -0.95;-0.75;-0.60;-147.89;10.99;-102.17
32820.00ms : -0.96;-0.72;-0.53;-158.69;48.34;-104.25
32840.00ms : -0.92;-0.63;-0.33;-162.05;70.80;-123.78
32860.00ms : -0.80;-0.49;-0.26;-162.35;90.94;-139.71
32880.00ms : -0.74;-0.27;-0.21;-156.49;114.07;-142.40
32900.00ms : -0.80;-0.12;-0.03;-157.29;129.46;-150.27
32920.00ms : -0.67;-0.12;0.05;-135.25;145.75;-173.58
32940.00ms : -0.49;0.05;0.32;-96.62;151.86;-192.14
32960.00ms : -0.45;0.19;0.44;-68.79;133.30;-194.89
32980.00ms : -0.45;0.34;0.47;-45.23;111.33;-173.40
33000.00ms : -0.56;0.40;0.46;-22.58;98.57;-138.43
33020.00ms : -0.62;0.29;0.41;-5.68;94.06;-117.74
33040.00ms : -0.58;0.27;0.43;15.08;100.95;-113.34
33060.00ms : -0.56;0.45;0.53;28.38;101.75;-104.98
33080.00ms : -0.54;0.69;0.61;36.07;106.14;-68.79
33100.00ms : -0.45;0.61;0.73;50.66;81.24;-22.46
33120.00ms : -0.38;0.58;0.69;61.95;63.78;20.81
33140.00ms : -0.30;0.44;0.68;74.83;35.28;48.77
33160.00ms : -0.25;0.33;0.57;85.57;19.35;69.82
33180.00ms : -0.15;0.22;0.55;104.86;1.40;94.73
33200.00ms : -0.06;0.14;0.50;111.33;-18.25;115.36
33220.00ms : -0.00;-0.01;0.44;105.41;-36.68;131.23
33240.00ms : 0.07;-0.18;0.42;105.16;-50.90;131.77
33260.00ms : 0.06;-0.21;0.38;108.95;-60.73;132.87
33280.00ms : 0.04;-0.37;0.28;103.03;-68.05;127.20
33300.00ms : 0.02;-0.57;0.15;103.70;-56.82;109.19
33320.00ms : 0.03;-0.69;0.20;103.64;-39.79;77.21
33340.00ms : -0.05;-0.59;0.30;109.31;-44.49;46.33
33360.00ms : -0.22;-0.41;0.33;113.89;-65.19;47.73
33380.00ms : -0.33;-0.39;0.25;112.85;-91.49;70.25
33400.00ms : -0.37;-0.39;0.10;108.09;-105.71;96.98
33420.00ms : -0.38;-0.47;0.02;96.86;-109.92;117.00
33440.00ms : -0.33;-0.60;-0.01;90.39;-113.46;129.82
33460.00ms : -0.29;-0.70;-0.03;81.30;-126.77;140.01
33480.00ms : -0.22;-0.85;-0.14;70.07;-133.54;145.57
33500.00ms : -0.13;-0.94;-0.19;68.24;-125.92;144.53
33520.00ms : -0.09;-1.05;-0.22;73.00;-115.91;135.38
33540.00ms : -0.06;-1.20;-0.24;73.12;-106.38;109.44
33560.00ms : -0.05;-1.21;-0.28;47.30;-106.57;82.40
33580.00ms : 0.01;-1.28;-0.20;30.76;-105.29;64.94
33600.00ms : -0.01;-1.26;-0.18;36.19;-119.08;63.42
33620.00ms : -0.12;-1.26;-0.43;20.51;-127.56;52.19
33640.00ms : -0.26;-1.43;-0.62;15.63;-98.08;36.13
33660.00ms : -0.15;-1.56;-0.43;28.14;-57.25;-5.00
33680.00ms : -0.11;-1.54;-0.17;35.89;-68.36;-66.65
33700.00ms : -0.22;-1.33;-0.27;32.78;-97.53;-104.55
33720.00ms : -0.25;-1.18;-0.48;21.97;-92.65;-108.76
33740.00ms : -0.29;-1.18;-0.55;-0.31;-68.05;-96.68
33760.00ms : -0.35;-1.23;-0.45;-17.76;-59.14;-95.46
33780.00ms : -0.47;-1.12;-0.51;-34.61;-64.70;-109.92
33800.00ms : -0.59;-0.99;-0.69;-58.65;-45.47;-117.74
33820.00ms : -0.63;-1.05;-0.71;-67.87;-3.17;-139.83
33840.00ms : -0.63;-0.90;-0.61;-70.31;30.58;-156.13
33860.00ms : -0.71;-0.65;-0.49;-77.09;48.83;-146.24
33880.00ms : -0.91;-0.51;-0.41;-83.07;55.18;-131.41
33900.00ms : -0.85;-0.52;-0.42;-81.30;81.60;-120.42
33920.00ms : -0.73;-0.52;-0.22;-75.93;104.31;-126.10
33940.00ms : -0.67;-0.36;0.01;-65.55;104.49;-132.75
33960.00ms : -0.69;-0.19;0.19;-51.03;89.05;-129.33
33980.00ms : -0.73;-0.08;0.23;-33.20;68.48;-118.65
34000.00ms : -0.88;-0.04;0.16;-22.71;57.13;-101.26
34020.00ms : -0.94;-0.11;0.11;-10.31;50.23;-78.98
34040.00ms : -0.96;-0.15;0.12;-1.34;48.46;-61.40
34060.00ms : -1.02;-0.09;0.08;5.07;50.11;-36.50
34080.00ms : -1.01;-0.10;0.05;9.28;58.90;-11.29
34100.00ms : -1.06;-0.12;0.04;11.35;71.35;14.28
34120.00ms : -1.04;-0.21;0.09;14.95;81.67;31.19
34140.00ms : -0.93;-0.27;0.14;21.61;86.67;43.88
34160.00ms : -0.80;-0.25;0.17;32.29;89.48;53.59
34180.00ms : -0.72;-0.19;0.26;44.37;91.80;71.90
34200.00ms : -0.61;-0.23;0.34;57.62;82.70;88.56
34220.00ms : -0.55;-0.25;0.32;63.05;61.71;100.95
34240.00ms : -0.49;-0.31;0.23;58.84;43.95;112.12
34260.00ms : -0.41;-0.41;0.19;51.88;32.29;115.23
34280.00ms : -0.34;-0.49;0.10;52.43;32.65;110.17
34300.00ms : -0.36;-0.51;0.07;59.57;50.42;103.64
34320.00ms : -0.33;-0.50;0.13;63.84;60.73;97.41
34340.00ms : -0.29;-0.49;0.19;72.75;61.65;99.12
34360.00ms : -0.15;-0.44;0.25;96.07;53.34;98.33
34380.00ms : -0.12;-0.34;0.27;121.70;36.80;102.17
34400.00ms : -0.09;-0.39;0.23;115.72;9.95;105.16
34420.00ms : 0.09;-0.70;0.15;101.62;-12.76;93.93
34440.00ms : 0.18;-0.86;0.08;102.17;-28.44;75.32
34460.00ms : 0.25;-0.94;0.06;101.44;-43.95;61.46
34480.00ms : 0.23;-0.93;0.00;99.73;-54.63;49.13
34500.00ms : 0.22;-1.03;-0.14;87.71;-50.29;29.30
34520.00ms : 0.26;-1.07;-0.05;96.07;-58.59;6.53
34540.00ms : 0.10;-0.88;-0.05;86.49;-105.59;7.63
34560.00ms : -0.04;-0.89;-0.27;75.26;-142.15;36.13
34580.00ms : -0.13;-1.04;-0.55;54.14;-142.21;64.88
34600.00ms : -0.11;-1.25;-0.71;57.92;-99.98;66.96
34620.00ms : -0.17;-1.34;-0.66;58.35;-53.04;40.83
34640.00ms : -0.09;-1.32;-0.59;51.27;-18.13;2.93
34660.00ms : -0.07;-1.36;-0.48;13.49;0.18;-35.10
34680.00ms : -0.06;-1.38;-0.28;18.92;-11.54;-60.24
34700.00ms : -0.04;-1.21;-0.24;25.57;-43.76;-82.82
34720.00ms : -0.11;-1.08;-0.35;17.64;-75.26;-86.98
34740.00ms : -0.24;-1.07;-0.51;0.31;-82.70;-65.61
34760.00ms : -0.29;-1.18;-0.59;-10.93;-67.14;-50.60
34780.00ms : -0.21;-1.25;-0.52;-13.55;-48.89;-68.24
34800.00ms : -0.16;-1.11;-0.42;-12.27;-51.39;-96.80
34820.00ms : -0.29;-0.94;-0.45;-24.23;-63.48;-102.11
34840.00ms : -0.57;-0.89;-0.63;-47.49;-56.82;-83.37
34860.00ms : -0.51;-1.05;-0.69;-61.04;-15.99;-66.59
34880.00ms : -0.37;-1.07;-0.57;-79.10;16.72;-96.50
34900.00ms : -0.70;-0.95;-0.58;-120.97;15.26;-116.46
34920.00ms : -0.79;-1.08;-0.68;-128.66;40.04;-122.19
34940.00ms : -0.41;-1.23;-0.59;-129.88;84.23;-176.27
34960.00ms : -0.34;-0.69;-0.24;-116.33;92.47;-217.16
34980.00ms : -0.75;-0.19;-0.07;-111.76;70.92;-176.57
35000.00ms : -0.91;-0.36;-0.10;-116.94;50.96;-118.23
35020.00ms : -0.97;-0.60;-0.15;-109.44;53.16;-89.66
35040.00ms : -1.05;-0.57;-0.16;-103.21;65.86;-89.36
35060.00ms : -1.06;-0.58;-0.13;-85.51;91.74;-91.49
35080.00ms : -0.93;-0.50;0.04;-65.37;107.30;-99.00
35100.00ms : -0.94;-0.33;0.07;-51.57;111.82;-94.36
35120.00ms : -0.83;-0.28;0.12;-35.89;122.74;-85.69
35140.00ms : -0.82;-0.14;0.22;-25.63;121.77;-76.29
35160.00ms : -0.76;-0.15;0.25;-20.69;118.47;-71.53
35180.00ms : -0.73;-0.06;0.30;-9.34;117.80;-64.51
35200.00ms : -0.62;-0.08;0.40;8.24;109.01;-58.72
35220.00ms : -0.58;-0.01;0.43;23.25;100.65;-51.15
35240.00ms : -0.64;0.04;0.36;33.02;94.79;-34.18
35260.00ms : -0.67;-0.01;0.21;39.73;112.24;-17.70
35280.00ms : -0.55;-0.07;0.22;46.08;133.00;-12.51
35300.00ms : -0.42;-0.14;0.31;53.65;145.32;-8.85
35320.00ms : -0.29;-0.09;0.51;62.44;135.80;2.56
35340.00ms : -0.30;-0.09;0.48;67.14;111.51;20.57
35360.00ms : -0.23;-0.23;0.40;74.46;104.25;27.34
35380.00ms : -0.17;-0.36;0.41;79.47;93.57;20.45
35400.00ms : -0.07;-0.36;0.37;76.78;91.06;12.94
35420.00ms : 0.02;-0.43;0.43;80.93;86.36;2.01
35440.00ms : 0.10;-0.47;0.42;86.79;80.57;-16.66
35460.00ms : 0.10;-0.45;0.50;94.60;67.75;-29.54
35480.00ms : 0.16;-0.57;0.45;103.21;46.14;-41.02
35500.00ms : 0.17;-0.57;0.43;107.18;26.61;-49.68
35520.00ms : 0.15;-0.55;0.40;106.51;-1.95;-44.01
35540.00ms : 0.13;-0.64;0.33;102.78;-21.42;-37.48
35560.00ms : 0.06;-0.66;0.35;99.49;-42.91;-40.83
35580.00ms : -0.08;-0.57;0.28;96.50;-67.02;-30.58
35600.00ms : -0.28;-0.50;0.18;100.95;-80.93;-3.78
35620.00ms : -0.33;-0.50;0.11;110.72;-87.40;22.28
35640.00ms : -0.29;-0.60;0.08;110.66;-94.48;36.80
35660.00ms : -0.22;-0.68;0.08;114.99;-106.69;41.44
35680.00ms : -0.24;-0.64;0.06;116.33;-130.86;50.72
35700.00ms : -0.20;-0.68;-0.07;115.60;-149.23;72.69
35720.00ms : -0.22;-0.71;-0.23;108.09;-150.76;97.41
35740.00ms : -0.19;-0.87;-0.38;94.60;-135.86;112.79
35760.00ms : -0.13;-1.09;-0.35;75.99;-118.10;104.37
35780.00ms : -0.14;-1.11;-0.30;69.09;-116.70;82.70
35800.00ms : -0.20;-1.01;-0.31;65.49;-126.71;71.11
35820.00ms : -0.19;-1.00;-0.39;53.83;-132.20;79.96
35840.00ms : -0.04;-1.09;-0.40;43.40;-115.48;76.23
35860.00ms : 0.01;-1.28;-0.34;36.19;-127.01;56.46
35880.00ms : -0.07;-1.22;-0.46;40.47;-142.33;6.53
35900.00ms : -0.14;-1.05;-0.51;44.19;-151.25;7.39
35920.00ms : -0.10;-1.10;-0.78;18.49;-131.10;18.01
35940.00ms : -0.11;-1.33;-0.56;17.94;-114.75;-8.36
35960.00ms : -0.13;-1.28;-0.59;21.18;-126.83;-43.21
35980.00ms : -0.25;-1.16;-0.79;0.24;-113.46;-62.07
36000.00ms : -0.23;-1.25;-0.74;-17.27;-86.79;-63.29
36020.00ms : -0.10;-1.36;-0.50;-27.40;-88.38;-89.66
36040.00ms : -0.15;-1.11;-0.49;-20.39;-109.62;-111.08
36060.00ms : -0.38;-0.81;-0.65;-35.28;-118.47;-100.71
36080.00ms : -0.46;-0.94;-0.74;-46.14;-104.43;-71.41
36100.00ms : -0.41;-1.14;-0.62;-45.72;-89.90;-71.04
36120.00ms : -0.32;-1.15;-0.44;-44.80;-104.13;-100.28
36140.00ms : -0.60;-0.83;-0.68;-56.70;-119.75;-101.56
36160.00ms : -0.78;-0.85;-0.88;-77.88;-89.90;-68.36
36180.00ms : -0.73;-1.07;-0.75;-92.77;-61.28;-64.09
36200.00ms : -0.67;-1.12;-0.59;-105.35;-58.53;-91.98
36220.00ms : -0.85;-0.88;-0.66;-108.03;-60.91;-105.35
36240.00ms : -0.98;-0.69;-0.82;-114.07;-21.61;-90.58
36260.00ms : -1.01;-0.61;-0.64;-116.94;19.35;-76.48
36280.00ms : -1.06;-0.49;-0.48;-119.26;35.28;-66.47
36300.00ms : -1.11;-0.35;-0.54;-130.68;58.29;-33.63
36320.00ms : -1.15;-0.40;-0.54;-133.42;94.24;10.44
36340.00ms : -1.12;-0.59;-0.50;-120.91;139.53;28.44
36360.00ms : -0.98;-0.71;-0.37;-105.71;183.29;-1.65
36380.00ms : -0.81;-0.60;-0.11;-87.34;207.82;-39.61
36400.00ms : -0.62;-0.43;0.13;-65.80;200.38;-60.97
36420.00ms : -0.62;-0.25;0.24;-40.10;178.41;-47.55
36440.00ms : -0.59;-0.34;0.21;-23.25;159.30;-26.98
36460.00ms : -0.59;-0.46;0.19;-8.42;152.89;-16.85
36480.00ms : -0.47;-0.55;0.20;4.46;152.77;-24.60
36500.00ms : -0.39;-0.48;0.21;20.51;153.99;-33.69
36520.00ms : -0.35;-0.41;0.25;27.95;150.82;-28.75
36540.00ms : -0.23;-0.52;0.27;34.67;145.26;-25.88
36560.00ms : -0.15;-0.53;0.31;45.10;137.08;-34.48
36580.00ms : -0.08;-0.49;0.35;54.63;130.31;-46.51
36600.00ms : 0.01;-0.43;0.39;65.98;126.40;-48.71
36620.00ms : -0.00;-0.39;0.45;76.29;95.70;-51.33
36640.00ms : -0.05;-0.37;0.39;85.69;65.80;-31.68
36660.00ms : -0.04;-0.54;0.33;84.05;46.51;-13.67
36680.00ms : -0.07;-0.66;0.26;86.73;34.55;-11.29
36700.00ms : -0.16;-0.74;0.18;79.77;37.23;-26.49
36720.00ms : -0.17;-0.75;0.17;81.97;44.19;-37.48
36740.00ms : -0.15;-0.65;0.26;87.46;46.51;-42.66
36760.00ms : -0.17;-0.58;0.31;99.00;25.15;-37.23
36780.00ms : -0.17;-0.56;0.21;96.44;7.69;-24.29
36800.00ms : -0.20;-0.57;0.22;95.28;-8.91;-6.35
36820.00ms : -0.21;-0.56;0.17;95.64;-28.08;12.88
36840.00ms : -0.23;-0.58;0.07;99.24;-42.72;34.67
36860.00ms : -0.25;-0.68;-0.05;98.63;-51.51;55.30
36880.00ms : -0.23;-0.86;-0.15;101.68;-50.78;61.22
36900.00ms : -0.23;-0.96;-0.23;106.75;-44.31;49.68
36920.00ms : -0.24;-0.99;-0.26;94.73;-45.84;39.92
36940.00ms : -0.16;-1.04;-0.27;86.73;-52.00;40.83
36960.00ms : -0.13;-1.07;-0.30;77.94;-63.23;41.26
36980.00ms : -0.12;-1.16;-0.38;57.68;-71.35;42.18
37000.00ms : -0.09;-1.26;-0.42;39.12;-72.75;42.05
37020.00ms : -0.03;-1.27;-0.39;27.59;-76.05;37.84
37040.00ms : -0.03;-1.22;-0.45;15.44;-69.03;28.56
37060.00ms : -0.06;-1.26;-0.43;8.12;-66.04;8.73
37080.00ms : -0.08;-1.23;-0.40;7.63;-70.68;-6.10
37100.00ms : -0.06;-1.21;-0.40;4.39;-76.84;-20.02
37120.00ms : 0.01;-1.28;-0.37;-12.33;-88.68;-32.96
37140.00ms : 0.02;-1.31;-0.44;-22.64;-112.24;-54.87
37160.00ms : -0.10;-1.13;-0.49;-33.75;-119.69;-50.05
37180.00ms : -0.22;-1.10;-0.50;-41.20;-124.51;-42.54
37200.00ms : -0.23;-1.13;-0.52;-49.32;-126.10;-48.46
37220.00ms : -0.26;-1.14;-0.50;-50.54;-134.58;-52.73
37240.00ms : -0.43;-1.08;-0.60;-64.45;-129.27;-49.62
37260.00ms : -0.44;-1.17;-0.63;-80.93;-118.41;-44.19
37280.00ms : -0.55;-1.25;-0.61;-96.31;-109.74;-55.30
37300.00ms : -0.65;-1.16;-0.66;-113.34;-93.26;-68.18
37320.00ms : -0.73;-1.13;-0.75;-128.85;-58.90;-81.36
37340.00ms : -0.87;-0.93;-0.72;-134.83;-15.32;-91.92
37360.00ms : -0.89;-0.77;-0.59;-141.42;24.84;-89.36
37380.00ms : -0.92;-0.61;-0.43;-149.60;49.32;-84.90
37400.00ms : -0.81;-0.49;-0.33;-155.76;72.08;-64.33
37420.00ms : -0.82;-0.51;-0.22;-143.43;94.91;-54.38
37440.00ms : -0.80;-0.52;-0.19;-127.62;121.95;-66.22
37460.00ms : -0.71;-0.42;-0.10;-110.66;152.59;-88.32
37480.00ms : -0.58;-0.23;0.12;-91.49;170.23;-93.08
37500.00ms : -0.46;-0.12;0.26;-75.56;173.16;-83.37
37520.00ms : -0.39;-0.15;0.36;-56.27;169.56;-77.27
37540.00ms : -0.39;-0.20;0.43;-36.74;161.99;-81.60
37560.00ms : -0.30;-0.15;0.38;-19.53;166.50;-90.58
37580.00ms : -0.32;-0.10;0.46;-13.85;173.46;-87.04
37600.00ms : -0.14;-0.22;0.60;-6.23;159.55;-94.18
37620.00ms : -0.25;0.02;0.70;-8.79;127.20;-84.35
37640.00ms : -0.30;0.05;0.64;6.41;103.70;-44.98
37660.00ms : -0.15;-0.23;0.46;37.84;109.37;-32.29
37680.00ms : -0.00;-0.30;0.65;68.79;112.79;-47.73
37700.00ms : 0.08;-0.21;0.74;92.16;73.67;-54.38
37720.00ms : 0.09;-0.25;0.61;112.49;35.89;-43.21
37740.00ms : 0.10;-0.49;0.48;121.95;14.04;-47.00
37760.00ms : 0.12;-0.54;0.36;114.26;3.23;-63.66
37780.00ms : 0.20;-0.54;0.40;117.07;-5.62;-59.81
37800.00ms : 0.23;-0.44;0.49;114.62;-31.43;-58.47
37820.00ms : 0.14;-0.34;0.43;123.54;-64.15;-46.69
37840.00ms : -0.11;-0.35;0.35;131.77;-91.00;-33.94
37860.00ms : -0.30;-0.35;0.23;134.40;-110.78;-17.88
37880.00ms : -0.47;-0.38;0.10;147.46;-116.52;6.47
37900.00ms : -0.48;-0.40;0.00;151.79;-113.71;27.28
37920.00ms : -0.53;-0.44;-0.07;149.60;-116.88;54.32
37940.00ms : -0.49;-0.64;-0.21;147.40;-114.01;75.44
37960.00ms : -0.45;-0.83;-0.31;137.21;-102.72;85.14
37980.00ms : -0.35;-0.97;-0.33;126.28;-95.83;83.86
38000.00ms : -0.29;-1.08;-0.39;119.75;-92.59;76.84
38020.00ms : -0.27;-1.19;-0.50;99.55;-81.60;58.04
38040.00ms : -0.32;-1.03;-0.43;86.12;-78.25;49.87
38060.00ms : -0.32;-1.08;-0.46;74.16;-80.51;41.93
38080.00ms : -0.34;-1.08;-0.52;69.52;-80.02;41.08
38100.00ms : -0.27;-1.16;-0.67;50.78;-68.91;35.95
38120.00ms : -0.34;-1.15;-0.53;55.73;-65.12;25.15
38140.00ms : -0.29;-1.10;-0.70;43.70;-63.23;19.78
38160.00ms : -0.20;-1.23;-0.67;35.16;-44.68;17.70
38180.00ms : -0.17;-1.21;-0.54;25.57;-56.09;4.27
38200.00ms : -0.19;-1.16;-0.62;10.62;-70.74;1.83
38220.00ms : -0.19;-1.26;-0.68;-6.90;-69.95;7.51
38240.00ms : -0.17;-1.36;-0.65;-17.70;-69.58;-3.23
38260.00ms : -0.19;-1.31;-0.62;-30.09;-78.25;-22.34
38280.00ms : -0.19;-1.26;-0.65;-40.95;-80.02;-34.79
38300.00ms : -0.20;-1.20;-0.59;-50.66;-88.62;-44.92
38320.00ms : -0.19;-1.30;-0.73;-60.49;-89.90;-59.63
38340.00ms : -0.30;-1.12;-0.67;-72.27;-89.78;-80.87
38360.00ms : -0.33;-1.01;-0.66;-89.11;-82.76;-73.67
38380.00ms : -0.39;-0.99;-0.65;-106.02;-73.79;-56.03
38400.00ms : -0.45;-1.12;-0.63;-127.32;-70.74;-45.47
38420.00ms : -0.58;-1.13;-0.70;-123.35;-59.45;-47.85
38440.00ms : -0.67;-0.97;-0.74;-142.40;-42.24;-52.49
38460.00ms : -0.71;-0.98;-0.77;-153.14;-5.98;-51.21
38480.00ms : -0.71;-0.98;-0.63;-164.31;24.41;-59.51
38500.00ms : -0.72;-0.82;-0.50;-173.28;36.50;-61.28
38520.00ms : -0.71;-0.79;-0.44;-178.28;48.58;-56.15
38540.00ms : -0.65;-0.73;-0.30;-168.82;57.62;-68.54
38560.00ms : -0.58;-0.57;-0.24;-174.38;67.20;-64.51
38580.00ms : -0.63;-0.62;-0.23;-163.27;81.54;-55.66
38600.00ms : -0.58;-0.53;-0.16;-155.21;95.09;-64.94
38620.00ms : -0.59;-0.40;-0.08;-151.00;109.68;-76.84
38640.00ms : -0.55;-0.22;-0.00;-144.90;126.65;-86.24
38660.00ms : -0.42;-0.20;0.18;-134.52;143.07;-92.59
38680.00ms : -0.31;-0.15;0.39;-116.15;148.68;-109.37
38700.00ms : -0.26;-0.04;0.53;-90.15;142.27;-121.70
38720.00ms : -0.26;-0.00;0.61;-62.01;129.70;-126.77
38740.00ms : -0.27;-0.13;0.55;-34.55;127.38;-143.25
38760.00ms : -0.23;0.14;0.52;-12.82;142.58;-149.05
38780.00ms : -0.31;0.32;0.79;8.12;139.04;-121.64
38800.00ms : -0.26;0.25;0.81;26.49;113.04;-89.29
38820.00ms : -0.26;0.22;0.76;42.79;84.47;-58.59
38840.00ms : -0.22;0.24;0.69;57.25;60.67;-22.16
38860.00ms : -0.12;0.11;0.65;74.04;42.91;13.55
38880.00ms : -0.06;-0.08;0.59;88.93;29.17;26.92
38900.00ms : 0.06;-0.32;0.54;103.09;16.78;15.44
38920.00ms : 0.10;-0.39;0.57;120.06;-4.52;2.50
38940.00ms : 0.13;-0.34;0.49;121.46;-23.74;-0.98
38960.00ms : 0.19;-0.43;0.46;119.87;-38.02;-3.23
38980.00ms : 0.18;-0.52;0.48;134.34;-62.81;-12.63
39000.00ms : 0.06;-0.37;0.41;148.19;-88.07;-11.72
39020.00ms : -0.06;-0.39;0.31;150.63;-105.96;-6.71
39040.00ms : -0.18;-0.38;0.23;153.14;-110.90;4.39
39060.00ms : -0.31;-0.28;0.26;155.88;-126.40;24.96
39080.00ms : -0.33;-0.32;0.19;149.48;-156.74;61.40
39100.00ms : -0.31;-0.42;-0.03;138.73;-164.86;100.65
39120.00ms : -0.29;-0.68;-0.17;123.84;-149.72;121.22
39140.00ms : -0.20;-0.78;-0.17;118.90;-135.56;117.43
39160.00ms : -0.20;-0.77;-0.13;107.97;-146.30;115.36
39180.00ms : -0.13;-0.91;-0.24;92.16;-160.40;117.37
39200.00ms : -0.05;-1.05;-0.36;73.00;-170.53;122.62
39220.00ms : -0.03;-1.10;-0.44;58.41;-164.55;124.21
39240.00ms : -0.08;-1.13;-0.50;43.40;-170.47;127.87
39260.00ms : -0.14;-1.28;-0.64;32.71;-157.78;114.93
39280.00ms : -0.20;-1.37;-0.71;32.96;-128.17;88.32
39300.00ms : -0.17;-1.49;-0.66;36.38;-99.00;45.72
39320.00ms : -0.10;-1.41;-0.69;21.97;-74.40;-5.62
39340.00ms : -0.22;-1.44;-0.50;-4.82;-74.95;-30.27
39360.00ms : -0.10;-1.54;-0.49;7.32;-85.21;-67.32
39380.00ms : -0.13;-1.29;-0.49;-5.92;-94.24;-97.17
39400.00ms : -0.15;-1.12;-0.56;-13.73;-94.79;-103.15
39420.00ms : -0.25;-1.00;-0.56;-28.69;-91.43;-83.31
39440.00ms : -0.27;-1.08;-0.57;-46.02;-86.18;-68.12
39460.00ms : -0.27;-1.22;-0.56;-51.03;-82.76;-73.30
39480.00ms : -0.31;-1.21;-0.55;-65.55;-80.93;-89.48
39500.00ms : -0.36;-1.15;-0.64;-82.40;-70.31;-100.52
39520.00ms : -0.52;-1.03;-0.60;-80.69;-55.79;-107.30
39540.00ms : -0.58;-0.82;-0.62;-100.52;-42.60;-108.40
39560.00ms : -0.67;-0.91;-0.58;-109.50;-28.93;-102.78
39580.00ms : -0.76;-0.85;-0.63;-119.20;-20.02;-102.54
39600.00ms : -1.01;-0.70;-0.71;-120.18;13.79;-89.97
39620.00ms : -1.16;-0.72;-0.78;-128.42;65.92;-88.44
39640.00ms : -1.14;-0.78;-0.69;-129.33;128.05;-100.22
39660.00ms : -0.94;-0.86;-0.50;-124.27;186.16;-133.79
39680.00ms : -0.71;-0.70;-0.23;-102.29;223.88;-179.75
39700.00ms : -0.54;-0.31;0.06;-82.15;226.68;-193.36
39720.00ms : -0.64;-0.04;0.19;-61.22;201.90;-165.47
39740.00ms : -0.71;-0.02;0.13;-48.40;187.13;-112.00
39760.00ms : -0.66;-0.06;0.20;-31.49;188.84;-85.45
39780.00ms : -0.66;-0.03;0.27;-24.29;189.33;-66.59
39800.00ms : -0.52;-0.04;0.34;-8.06;192.75;-51.45
39820.00ms : -0.44;-0.01;0.40;11.47;189.70;-35.28
39840.00ms : -0.35;-0.01;0.40;26.37;190.92;-20.32
39860.00ms : -0.24;-0.10;0.41;45.29;187.99;-12.08
39880.00ms : -0.01;-0.21;0.47;55.79;182.50;-7.57
39900.00ms : 0.13;-0.27;0.58;69.58;152.34;-7.39
39920.00ms : 0.21;-0.33;0.59;79.35;113.46;-0.49
39940.00ms : 0.31;-0.39;0.54;89.54;83.37;1.77
39960.00ms : 0.39;-0.52;0.59;97.78;55.05;-9.28
39980.00ms : 0.29;-0.59;0.56;108.40;18.13;-27.40
40000.00ms : 0.29;-0.65;0.31;93.93;3.78;-61.16
40020.00ms : 0.21;-0.59;0.46;93.69;-4.21;-68.91
40040.00ms : 0.09;-0.48;0.48;114.81;-27.16;-65.98
40060.00ms : -0.14;-0.35;0.39;106.81;-31.37;-59.63
40080.00ms : -0.23;-0.37;0.42;100.59;-34.79;-49.01
40100.00ms : -0.28;-0.28;0.47;102.78;-50.48;-21.85
40120.00ms : -0.30;-0.32;0.42;102.05;-72.02;11.90
40140.00ms : -0.31;-0.40;0.30;101.50;-85.02;42.85
40160.00ms : -0.19;-0.64;0.18;109.19;-83.98;56.58
40180.00ms : -0.16;-0.72;0.12;109.01;-86.49;48.89
40200.00ms : -0.22;-0.75;0.01;110.47;-85.57;46.69
40220.00ms : -0.27;-0.80;-0.07;108.58;-83.31;53.47
40240.00ms : -0.23;-0.94;-0.16;104.37;-73.61;53.53
40260.00ms : -0.15;-0.89;-0.13;102.97;-72.51;40.28
40280.00ms : -0.13;-0.88;-0.13;99.12;-87.46;36.38
40300.00ms : -0.06;-0.95;-0.20;94.42;-105.29;39.31
40320.00ms : 0.10;-1.00;-0.19;89.42;-127.62;36.13
40340.00ms : 0.07;-0.83;-0.27;88.50;-159.06;48.77
40360.00ms : -0.01;-0.85;-0.45;81.12;-179.69;75.87
40380.00ms : 0.02;-1.09;-0.66;69.34;-167.48;88.20
40400.00ms : 0.13;-1.47;-0.56;69.58;-153.75;55.18
40420.00ms : -0.04;-1.26;-0.38;65.55;-175.90;-12.02
40440.00ms : -0.11;-1.15;-0.73;56.95;-208.62;-30.70
40460.00ms : -0.19;-1.14;-1.00;26.06;-171.08;-32.47
40480.00ms : -0.28;-1.13;-0.85;7.39;-132.32;-26.86
40500.00ms : -0.34;-1.22;-0.68;10.68;-137.82;-42.72
40520.00ms : -0.37;-1.27;-0.86;-3.72;-142.09;-68.66
40540.00ms : -0.45;-1.22;-0.92;-15.14;-120.24;-91.19
40560.00ms : -0.52;-1.05;-0.90;-28.81;-103.58;-86.67
40580.00ms : -0.40;-1.16;-0.84;-35.22;-82.09;-64.51
40600.00ms : -0.35;-1.22;-0.77;-43.15;-78.55;-67.08
40620.00ms : -0.48;-1.08;-0.81;-58.90;-80.44;-77.76
40640.00ms : -0.50;-1.07;-0.84;-78.55;-66.71;-68.48
40660.00ms : -0.42;-1.21;-0.83;-91.06;-49.19;-71.23
40680.00ms : -0.54;-1.21;-0.73;-106.75;-58.53;-111.76
40700.00ms : -0.66;-0.92;-0.83;-113.22;-37.11;-111.82
40720.00ms : -0.66;-0.79;-0.72;-121.89;-6.35;-111.94
40740.00ms : -0.75;-0.81;-0.67;-128.97;6.65;-106.45
40760.00ms : -0.83;-0.65;-0.65;-136.66;28.38;-102.36
40780.00ms : -0.91;-0.55;-0.63;-145.63;58.59;-81.18
40800.00ms : -1.01;-0.58;-0.56;-150.94;83.50;-69.27
40820.00ms : -0.95;-0.51;-0.50;-145.39;117.31;-66.35
40840.00ms : -0.88;-0.38;-0.24;-136.90;139.83;-66.41
40860.00ms : -0.80;-0.28;-0.05;-124.02;146.30;-59.88
40880.00ms : -0.74;-0.21;0.06;-100.52;154.11;-49.99
40900.00ms : -0.62;-0.20;0.25;-68.18;156.49;-45.47
40920.00ms : -0.55;-0.18;0.42;-30.27;139.77;-46.88
40940.00ms : -0.63;-0.15;0.41;-2.69;116.09;-45.29
40960.00ms : -0.68;-0.19;0.29;13.85;104.98;-35.89
40980.00ms : -0.65;-0.16;0.23;30.76;109.50;-16.24
41000.00ms : -0.61;-0.19;0.26;36.93;115.78;2.93
41020.00ms : -0.50;-0.32;0.29;44.37;113.10;8.67
41040.00ms : -0.44;-0.33;0.33;57.92;109.25;9.89
41060.00ms : -0.42;-0.36;0.29;68.05;105.65;15.01
41080.00ms : -0.32;-0.46;0.23;72.94;110.23;14.77
41100.00ms : -0.25;-0.59;0.26;78.55;109.62;5.74
41120.00ms : -0.18;-0.60;0.24;85.39;111.15;-6.84
41140.00ms : -0.08;-0.59;0.30;90.88;115.54;-15.44
41160.00ms : -0.00;-0.61;0.44;95.58;95.52;-29.05
