81007.00ms : -0.91;-0.07;0.05;11.41;26.49;49.19
81027.00ms : -0.85;-0.16;-0.01;4.70;17.88;59.57
81047.00ms : -0.88;-0.22;-0.01;0.12;29.24;49.62
81067.00ms : -0.94;-0.25;-0.04;-0.79;38.57;41.56
81087.00ms : -0.88;-0.37;-0.12;-4.58;56.46;27.89
81107.00ms : -0.82;-0.40;-0.06;-22.64;67.57;11.11
81127.00ms : -0.75;-0.37;-0.02;-45.78;70.62;5.62
81147.00ms : -0.66;-0.37;0.00;-65.49;72.33;-6.41
81167.00ms : -0.63;-0.38;0.06;-85.75;73.67;-20.08
81187.00ms : -0.63;-0.39;0.13;-93.08;69.46;-47.61
81207.00ms : -0.58;-0.31;0.15;-92.90;66.41;-67.20
81227.00ms : -0.49;-0.22;0.16;-94.97;67.75;-76.66
81247.00ms : -0.45;-0.11;0.31;-109.31;43.21;-81.24
81267.00ms : -0.45;-0.08;0.29;-113.65;25.70;-95.76
81287.00ms : -0.47;-0.17;0.12;-109.68;17.58;-121.22
81307.00ms : -0.47;-0.16;-0.04;-97.05;40.47;-160.40
81327.00ms : -0.37;-0.01;0.03;-98.14;61.71;-193.97
81347.00ms : -0.30;0.16;0.10;-102.60;61.34;-218.38
81367.00ms : -0.28;0.45;0.14;-108.95;62.56;-214.66
81387.00ms : -0.32;0.62;0.20;-115.72;47.49;-191.41
81407.00ms : -0.29;0.47;0.06;-128.11;38.21;-183.29
81427.00ms : -0.12;0.35;-0.02;-125.18;49.44;-209.47
81447.00ms : 0.01;0.57;0.08;-120.06;66.83;-257.93
81467.00ms : 0.02;1.03;0.26;-94.97;62.26;-263.79
81487.00ms : -0.21;1.29;0.11;-107.54;38.82;-206.60
81507.00ms : -0.08;1.15;-0.06;-122.07;31.98;-164.73
81527.00ms : -0.04;1.23;0.09;-101.38;51.27;-154.36
81547.00ms : -0.10;1.50;0.28;-60.67;52.12;-127.56
81567.00ms : -0.25;1.67;0.24;-55.48;25.57;-58.47
81587.00ms : -0.16;1.50;0.04;-59.08;19.29;5.92
81607.00ms : -0.09;1.37;0.17;-39.18;25.63;31.43
81627.00ms : -0.05;1.35;0.30;-7.51;20.75;39.67
81647.00ms : -0.02;1.41;0.34;16.97;2.38;52.61
81667.00ms : -0.04;1.55;0.35;45.29;-23.93;78.74
81687.00ms : -0.21;1.76;0.52;96.44;-28.56;124.33
81707.00ms : -0.18;1.71;0.57;139.04;-75.20;173.89
81727.00ms : -0.26;1.81;0.42;167.48;-113.04;235.72
81747.00ms : -0.23;1.87;0.17;169.43;-122.07;311.04
81767.00ms : -0.22;1.79;0.14;159.24;-144.29;391.78
81787.00ms : -0.14;1.37;0.03;165.95;-147.46;452.70
81807.00ms : -0.01;0.73;-0.15;162.72;-143.43;466.43
81827.00ms : 0.04;0.30;-0.26;151.06;-120.30;437.93
81847.00ms : -0.10;0.15;-0.22;140.01;-103.21;410.46
81867.00ms : -0.20;0.13;-0.18;117.37;-87.22;393.43
81887.00ms : -0.23;-0.00;-0.17;85.88;-80.14;383.91
81907.00ms : -0.22;-0.16;-0.20;58.84;-64.58;370.79
81927.00ms : -0.25;-0.26;-0.09;38.76;-60.85;357.48
81947.00ms : -0.21;-0.33;-0.04;40.77;-57.25;354.06
81967.00ms : -0.17;-0.29;-0.05;31.13;-57.62;351.81
81987.00ms : -0.10;-0.39;-0.01;22.40;-53.65;354.13
82007.00ms : 0.07;-0.60;0.00;22.03;-44.07;334.35
82027.00ms : 0.15;-0.73;0.04;31.56;-32.23;299.07
82047.00ms : 0.11;-0.73;0.07;45.41;-30.21;271.55
82067.00ms : 0.14;-0.79;0.00;53.28;-31.68;248.60
82087.00ms : 0.19;-0.83;-0.03;64.39;-23.07;222.05
82107.00ms : 0.17;-0.83;-0.05;67.32;-27.16;199.22
82127.00ms : 0.13;-0.85;-0.18;66.71;-26.25;185.24
82147.00ms : 0.16;-0.93;-0.35;51.76;-17.52;172.97
82167.00ms : 0.28;-1.02;-0.39;33.75;11.05;147.46
82187.00ms : 0.21;-0.97;-0.06;44.43;14.04;122.31
82207.00ms : 0.20;-0.90;-0.12;37.35;-29.79;130.62
82227.00ms : 0.32;-1.16;-0.35;10.56;-45.29;148.38
82247.00ms : 0.45;-1.58;-0.47;2.01;-26.86;118.84
82267.00ms : 0.52;-1.74;-0.53;-7.32;1.95;54.14
82287.00ms : 0.61;-1.75;-0.48;-17.58;32.47;-15.01
82307.00ms : 0.59;-1.65;-0.30;-23.38;41.20;-82.58
82327.00ms : 0.52;-1.45;-0.37;-39.18;41.63;-131.71
82347.00ms : 0.53;-1.36;-0.33;-63.29;46.26;-169.25
82367.00ms : 0.40;-1.34;-0.30;-83.98;40.77;-197.88
82387.00ms : 0.46;-1.47;-0.43;-99.49;50.29;-247.86
82407.00ms : 0.59;-1.55;-0.47;-105.29;77.39;-322.63
82427.00ms : 0.68;-1.28;-0.37;-108.34;106.81;-397.03
82447.00ms : 0.60;-0.91;-0.16;-85.75;116.82;-440.55
82467.00ms : 0.45;-0.43;-0.12;-74.71;123.23;-428.89
82487.00ms : 0.25;-0.37;0.01;-65.19;124.94;-407.23
82507.00ms : 0.11;-0.28;0.02;-67.57;123.96;-397.03
82527.00ms : 0.00;-0.17;0.06;-79.35;123.05;-378.30
82547.00ms : -0.07;-0.13;0.15;-92.53;112.85;-356.26
82567.00ms : -0.07;-0.09;0.14;-99.30;99.43;-344.36
82587.00ms : -0.23;0.16;0.16;-99.37;87.52;-317.69
82607.00ms : -0.40;0.41;0.18;-117.61;73.79;-269.35
82627.00ms : -0.51;0.53;0.30;-137.94;53.22;-216.98
82647.00ms : -0.57;0.62;0.35;-148.01;34.79;-169.25
82667.00ms : -0.62;0.59;0.43;-139.28;22.22;-129.70
82687.00ms : -0.56;0.52;0.44;-120.00;12.08;-114.69
82707.00ms : -0.66;0.68;0.42;-95.15;13.92;-94.42
82727.00ms : -0.68;0.71;0.45;-72.94;18.37;-70.50
82747.00ms : -0.62;0.64;0.54;-42.97;17.88;-57.56
82767.00ms : -0.59;0.47;0.53;-21.91;2.87;-60.91
82787.00ms : -0.53;0.37;0.34;-10.01;1.89;-74.28
82807.00ms : -0.54;0.46;0.32;-0.37;10.31;-83.01
82827.00ms : -0.62;0.72;0.41;4.03;5.86;-62.99
82847.00ms : -0.67;0.81;0.55;10.19;-9.58;-24.54
82867.00ms : -0.71;0.81;0.55;25.27;-31.31;13.55
82887.00ms : -0.72;0.92;0.58;48.52;-50.23;56.70
82907.00ms : -0.82;1.11;0.65;59.88;-82.40;121.89
82927.00ms : -0.92;1.17;0.62;68.85;-115.36;205.87
82947.00ms : -0.77;0.81;0.38;82.03;-127.44;265.75
82967.00ms : -0.59;0.43;0.19;94.06;-119.02;288.33
82987.00ms : -0.54;0.30;0.17;95.76;-117.98;302.31
83007.00ms : -0.50;0.31;0.18;81.85;-133.73;331.36
83027.00ms : -0.42;0.18;0.13;56.95;-151.18;368.35
83047.00ms : -0.30;-0.04;0.01;34.67;-153.32;391.60
83067.00ms : -0.27;-0.27;-0.10;29.66;-141.24;398.99
83087.00ms : -0.23;-0.43;-0.11;24.78;-123.72;395.26
83107.00ms : -0.19;-0.51;-0.13;22.71;-105.96;375.67
83127.00ms : -0.08;-0.68;-0.24;7.14;-81.48;351.62
83147.00ms : -0.08;-0.72;-0.16;16.72;-57.07;323.24
83167.00ms : 0.03;-0.82;-0.13;30.64;-40.41;297.49
83187.00ms : 0.11;-0.96;-0.12;42.11;-35.22;265.69
83207.00ms : 0.14;-1.04;-0.18;43.95;-30.27;232.12
83227.00ms : 0.16;-1.15;-0.25;52.67;-14.83;195.25
83247.00ms : 0.18;-1.22;-0.28;46.45;0.06;152.95
83267.00ms : 0.23;-1.32;-0.26;37.29;15.56;106.20
83287.00ms : 0.20;-1.33;-0.21;39.61;25.76;55.05
83307.00ms : 0.13;-1.15;-0.20;38.39;26.18;16.60
83327.00ms : 0.08;-1.08;-0.23;32.96;23.99;4.21
83347.00ms : 0.09;-1.14;-0.29;20.81;20.87;-0.31
83367.00ms : 0.08;-1.19;-0.29;10.25;21.30;-10.93
83387.00ms : 0.04;-1.18;-0.28;2.01;18.98;-24.60
83407.00ms : -0.02;-1.21;-0.33;-4.09;20.20;-32.71
83427.00ms : -0.05;-1.26;-0.37;-10.80;27.28;-47.06
83447.00ms : -0.05;-1.32;-0.40;-21.91;40.22;-64.15
83467.00ms : -0.01;-1.41;-0.41;-30.21;61.77;-93.51
83487.00ms : -0.02;-1.42;-0.37;-43.95;76.66;-131.65
83507.00ms : 0.01;-1.42;-0.44;-56.46;90.03;-168.76
83527.00ms : 0.03;-1.26;-0.43;-69.58;115.30;-203.61
83547.00ms : 0.05;-1.16;-0.28;-71.78;130.00;-236.51
83567.00ms : 0.09;-1.10;-0.24;-61.71;137.63;-259.40
83587.00ms : 0.07;-0.94;-0.20;-64.21;146.79;-282.35
83607.00ms : 0.01;-0.74;-0.07;-67.20;147.03;-286.62
83627.00ms : -0.04;-0.61;0.00;-68.85;138.79;-282.84
83647.00ms : -0.14;-0.45;0.10;-73.55;127.14;-276.12
83667.00ms : -0.22;-0.32;0.16;-80.51;120.24;-261.23
83687.00ms : -0.27;-0.21;0.27;-85.33;106.02;-236.08
83707.00ms : -0.26;-0.32;0.31;-80.32;84.35;-224.49
83727.00ms : -0.19;-0.36;0.26;-68.85;74.52;-230.35
83747.00ms : -0.18;-0.33;0.27;-57.56;65.61;-242.98
83767.00ms : -0.24;-0.21;0.17;-56.70;60.06;-247.92
83787.00ms : -0.29;-0.14;0.11;-70.19;62.07;-244.45
83807.00ms : -0.34;-0.01;0.19;-87.65;60.00;-243.41
83827.00ms : -0.40;0.18;0.23;-102.54;49.99;-232.36
83847.00ms : -0.45;0.38;0.26;-114.62;47.36;-208.07
83867.00ms : -0.52;0.49;0.33;-118.84;43.58;-176.09
83887.00ms : -0.54;0.57;0.39;-110.11;39.92;-148.74
83907.00ms : -0.55;0.69;0.46;-96.44;36.80;-120.61
83927.00ms : -0.58;0.79;0.49;-79.41;29.42;-88.75
83947.00ms : -0.58;0.90;0.52;-60.24;26.25;-53.59
83967.00ms : -0.65;1.07;0.61;-46.33;16.36;-1.77
83987.00ms : -0.67;1.01;0.68;-30.88;-7.63;52.19
84007.00ms : -0.61;0.88;0.66;-2.81;-30.94;88.38
84027.00ms : -0.65;0.94;0.65;23.74;-50.78;125.61
84047.00ms : -0.69;0.88;0.57;45.90;-69.40;173.77
84067.00ms : -0.63;0.69;0.46;68.60;-74.58;204.47
84087.00ms : -0.66;0.58;0.42;87.65;-82.46;229.74
84107.00ms : -0.61;0.49;0.32;96.31;-89.05;257.08
84127.00ms : -0.55;0.35;0.30;96.74;-98.69;281.43
84147.00ms : -0.48;0.22;0.25;92.47;-115.30;301.15
84167.00ms : -0.42;0.11;0.13;82.21;-130.55;321.72
84187.00ms : -0.38;-0.07;-0.01;63.48;-128.36;340.70
84207.00ms : -0.31;-0.25;0.02;49.87;-122.13;346.62
84227.00ms : -0.27;-0.33;0.06;38.57;-124.51;346.56
84247.00ms : -0.24;-0.37;0.08;25.09;-129.33;349.37
84267.00ms : -0.18;-0.48;0.03;12.82;-126.46;349.98
84287.00ms : -0.12;-0.71;-0.12;-0.61;-107.60;330.44
84307.00ms : -0.10;-0.81;-0.14;10.80;-76.48;298.10
84327.00ms : -0.07;-0.97;-0.16;19.90;-50.96;262.82
84347.00ms : -0.06;-1.10;-0.21;29.54;-34.97;214.66
84367.00ms : -0.02;-1.16;-0.31;30.03;-12.94;171.81
84387.00ms : 0.02;-1.20;-0.26;29.54;9.77;135.01
84407.00ms : 0.06;-1.19;-0.15;28.93;18.31;101.07
84427.00ms : 0.03;-1.15;-0.10;24.29;14.59;75.38
84447.00ms : 0.05;-1.13;-0.08;23.50;11.72;57.13
84467.00ms : 0.06;-1.13;-0.11;21.12;8.48;39.43
84487.00ms : 0.01;-1.16;-0.13;14.53;4.46;30.21
84507.00ms : 0.03;-1.17;-0.20;6.29;7.51;18.74
84527.00ms : -0.00;-1.07;-0.15;-2.81;8.06;12.63
84547.00ms : 0.01;-1.11;-0.13;-5.19;2.32;3.17
84567.00ms : 0.01;-1.08;-0.15;-8.54;1.77;-6.35
84587.00ms : -0.02;-1.08;-0.13;-11.72;-1.59;-17.15
84607.00ms : -0.04;-1.08;-0.17;-17.70;0.06;-27.95
84627.00ms : -0.04;-1.11;-0.14;-25.15;5.13;-40.16
84647.00ms : -0.02;-1.18;-0.14;-25.45;10.56;-61.77
84667.00ms : -0.05;-1.13;-0.06;-23.80;13.55;-88.13
84687.00ms : -0.11;-1.11;-0.10;-26.37;4.39;-101.14
84707.00ms : -0.12;-1.21;-0.23;-36.80;14.89;-116.58
84727.00ms : -0.04;-1.36;-0.23;-47.30;29.66;-152.40
84747.00ms : 0.03;-1.38;-0.21;-45.23;49.38;-212.52
84767.00ms : 0.07;-1.14;-0.11;-35.95;62.87;-268.80
84787.00ms : 0.03;-0.76;-0.01;-26.55;69.58;-291.50
84807.00ms : -0.11;-0.53;0.09;-23.38;63.54;-281.01
84827.00ms : -0.15;-0.58;0.17;-29.11;39.61;-267.64
84847.00ms : -0.28;-0.56;0.11;-33.39;17.88;-263.73
84867.00ms : -0.43;-0.44;-0.01;-32.96;15.20;-255.86
84887.00ms : -0.51;-0.35;-0.03;-26.18;33.20;-240.97
84907.00ms : -0.57;-0.31;-0.00;-20.14;50.84;-233.34
84927.00ms : -0.56;-0.32;0.07;-22.89;54.99;-234.86
84947.00ms : -0.59;-0.21;0.08;-26.67;54.26;-234.50
84967.00ms : -0.61;-0.09;0.10;-34.06;55.60;-228.27
84987.00ms : -0.65;0.03;0.11;-31.98;57.98;-220.03
85007.00ms : -0.67;0.13;0.15;-33.57;57.19;-203.67
85027.00ms : -0.64;0.15;0.20;-43.70;51.45;-182.43
85047.00ms : -0.62;0.16;0.24;-54.50;41.81;-168.76
85067.00ms : -0.65;0.19;0.20;-58.23;39.00;-162.11
85087.00ms : -0.64;0.22;0.15;-59.33;49.80;-157.47
85107.00ms : -0.59;0.25;0.22;-50.66;62.13;-156.49
85127.00ms : -0.55;0.29;0.29;-39.06;63.90;-157.04
85147.00ms : -0.49;0.35;0.30;-34.67;61.58;-156.07
85167.00ms : -0.46;0.38;0.33;-31.49;58.23;-158.20
85187.00ms : -0.46;0.47;0.31;-27.40;51.64;-155.58
85207.00ms : -0.44;0.57;0.32;-26.92;45.53;-146.61
85227.00ms : -0.45;0.77;0.41;-22.28;34.30;-125.79
85247.00ms : -0.53;1.02;0.50;-14.16;17.15;-88.13
85267.00ms : -0.64;1.21;0.58;-4.09;-4.82;-32.96
85287.00ms : -0.69;1.19;0.61;10.62;-29.60;30.27
85307.00ms : -0.66;1.07;0.52;27.59;-45.65;85.69
85327.00ms : -0.63;0.87;0.47;42.36;-59.27;130.19
85347.00ms : -0.65;0.78;0.38;54.99;-64.88;160.64
85367.00ms : -0.66;0.77;0.39;62.62;-72.57;197.69
85387.00ms : -0.67;0.81;0.44;66.53;-94.06;244.20
85407.00ms : -0.62;0.68;0.31;61.28;-116.52;295.10
85427.00ms : -0.56;0.46;0.15;51.76;-124.21;330.14
85447.00ms : -0.48;0.24;0.07;43.33;-120.79;354.37
85467.00ms : -0.39;-0.01;0.03;31.31;-113.65;356.20
85487.00ms : -0.38;-0.12;0.09;15.93;-113.95;351.38
85507.00ms : -0.35;-0.22;0.04;-6.10;-111.76;352.05
85527.00ms : -0.32;-0.39;0.05;-19.65;-105.35;343.14
85547.00ms : -0.33;-0.50;0.06;-22.58;-99.79;326.78
85567.00ms : -0.35;-0.53;0.01;-21.18;-88.93;308.65
85587.00ms : -0.34;-0.53;0.01;-20.14;-74.83;298.10
85607.00ms : -0.29;-0.56;0.01;-9.52;-60.49;289.12
85627.00ms : -0.22;-0.65;0.02;5.49;-47.91;273.25
85647.00ms : -0.13;-0.74;0.01;24.17;-35.34;248.72
85667.00ms : -0.12;-0.81;-0.01;38.76;-31.62;220.83
85687.00ms : -0.04;-0.96;-0.05;51.09;-26.00;185.91
85707.00ms : 0.04;-1.06;-0.10;66.47;-15.87;143.01
85727.00ms : 0.01;-1.06;-0.08;85.63;-3.05;92.65
85747.00ms : -0.04;-0.96;-0.08;84.66;-14.65;72.14
85767.00ms : -0.02;-1.10;-0.18;61.46;-36.01;71.90
85787.00ms : 0.07;-1.26;-0.32;45.17;-33.94;64.03
85807.00ms : -0.07;-1.27;-0.23;41.26;-29.30;39.25
85827.00ms : -0.19;-1.16;-0.33;31.31;-40.10;31.13
85847.00ms : -0.17;-1.35;-0.61;9.40;-22.16;26.92
85867.00ms : -0.12;-1.53;-0.62;-2.56;19.71;-7.87
85887.00ms : -0.07;-1.50;-0.49;-3.05;55.91;-52.98
85907.00ms : -0.09;-1.39;-0.33;-2.99;72.14;-95.09
85927.00ms : -0.08;-1.24;-0.31;-3.11;79.59;-125.37
85947.00ms : -0.10;-1.12;-0.26;-9.64;86.36;-142.52
85967.00ms : -0.10;-0.98;-0.18;-12.39;86.98;-146.24
85987.00ms : -0.17;-0.86;-0.13;-12.21;82.03;-144.47
86007.00ms : -0.27;-0.78;-0.05;-10.56;61.71;-126.34
86027.00ms : -0.26;-0.78;-0.11;-20.81;53.77;-111.51
86047.00ms : -0.26;-0.76;-0.00;-11.84;49.01;-104.92
86067.00ms : -0.37;-0.69;-0.01;-6.84;31.01;-98.57
86087.00ms : -0.41;-0.71;-0.06;-4.82;21.36;-86.36
86107.00ms : -0.49;-0.72;-0.05;-13.43;13.18;-83.86
86127.00ms : -0.52;-0.74;-0.16;-22.77;2.69;-71.59
86147.00ms : -0.52;-0.82;-0.18;-28.75;12.39;-67.57
86167.00ms : -0.59;-0.81;-0.12;-27.77;21.61;-72.02
86187.00ms : -0.61;-0.79;-0.12;-28.02;25.94;-75.20
86207.00ms : -0.62;-0.77;-0.14;-29.48;35.22;-75.26
86227.00ms : -0.57;-0.76;-0.05;-30.40;42.05;-79.35
86247.00ms : -0.61;-0.65;-0.02;-25.27;37.60;-78.49
86267.00ms : -0.62;-0.56;-0.03;-27.71;35.64;-66.83
86287.00ms : -0.64;-0.58;-0.08;-32.41;37.23;-53.77
86307.00ms : -0.54;-0.74;-0.09;-33.14;48.28;-59.45
86327.00ms : -0.47;-0.83;-0.00;-26.18;57.37;-86.49
86347.00ms : -0.44;-0.79;0.02;-18.98;58.65;-114.81
86367.00ms : -0.44;-0.69;-0.01;-21.30;62.87;-130.25
86387.00ms : -0.41;-0.67;0.08;-28.26;67.26;-140.56
86407.00ms : -0.43;-0.68;0.11;-24.90;61.28;-163.27
86427.00ms : -0.42;-0.63;0.01;-24.90;70.68;-184.51
86447.00ms : -0.42;-0.48;0.04;-29.85;80.63;-201.60
86467.00ms : -0.42;-0.36;0.09;-40.41;86.00;-203.43
86487.00ms : -0.44;-0.19;0.12;-59.45;80.38;-193.91
86507.00ms : -0.45;-0.14;0.14;-88.56;65.61;-174.93
86527.00ms : -0.44;-0.15;0.18;-109.80;50.23;-168.27
86547.00ms : -0.49;-0.08;0.14;-116.94;37.05;-171.26
86567.00ms : -0.51;0.10;0.14;-119.57;38.09;-170.10
86587.00ms : -0.55;0.18;0.22;-124.39;34.24;-164.86
86607.00ms : -0.54;0.21;0.23;-121.83;26.79;-170.90
86627.00ms : -0.52;0.32;0.22;-106.26;32.71;-182.68
86647.00ms : -0.52;0.54;0.26;-83.80;41.32;-189.51
86667.00ms : -0.58;0.87;0.37;-68.54;44.07;-171.08
86687.00ms : -0.70;1.11;0.47;-50.96;34.48;-130.07
86707.00ms : -0.76;1.21;0.58;-24.78;21.79;-80.81
86727.00ms : -0.76;1.19;0.58;1.71;5.62;-32.04
86747.00ms : -0.76;1.16;0.61;22.46;-11.35;20.32
86767.00ms : -0.75;1.00;0.52;41.38;-27.53;69.52
86787.00ms : -0.67;0.75;0.41;50.48;-35.40;98.21
86807.00ms : -0.65;0.60;0.38;61.40;-34.97;113.34
86827.00ms : -0.63;0.59;0.36;70.80;-36.93;127.56
86847.00ms : -0.69;0.74;0.46;69.15;-55.42;158.33
86867.00ms : -0.74;0.80;0.43;66.04;-77.58;207.58
86887.00ms : -0.75;0.66;0.31;67.08;-90.76;256.84
86907.00ms : -0.60;0.39;0.16;69.95;-86.12;280.94
86927.00ms : -0.60;0.26;0.13;69.64;-82.21;294.74
86947.00ms : -0.56;0.21;0.11;58.72;-82.15;313.11
86967.00ms : -0.52;0.04;0.06;47.12;-82.03;326.66
86987.00ms : -0.41;-0.17;-0.03;40.53;-66.89;326.11
87007.00ms : -0.33;-0.29;0.04;38.27;-53.10;317.26
87027.00ms : -0.28;-0.30;0.15;35.22;-57.13;313.54
87047.00ms : -0.25;-0.36;0.15;28.56;-66.59;311.71
87067.00ms : -0.16;-0.52;0.07;28.26;-63.17;299.01
87087.00ms : -0.04;-0.67;0.04;35.03;-49.44;270.94
87107.00ms : -0.01;-0.69;0.07;50.23;-39.31;242.74
87127.00ms : -0.01;-0.71;0.06;59.63;-42.66;221.92
87147.00ms : 0.01;-0.77;-0.04;61.89;-45.29;206.54
87167.00ms : 0.01;-0.87;-0.13;63.11;-38.64;185.61
87187.00ms : 0.01;-0.94;-0.23;68.54;-27.83;168.64
87207.00ms : -0.03;-1.05;-0.40;40.83;-9.58;148.50
87227.00ms : 0.06;-1.19;-0.32;19.53;9.46;126.46
87247.00ms : 0.17;-1.26;-0.10;9.95;17.03;108.22
87267.00ms : 0.14;-1.23;0.01;6.90;-3.66;86.36
87287.00ms : 0.08;-1.22;-0.12;8.24;-12.15;68.42
87307.00ms : 0.07;-1.31;-0.24;2.87;-7.14;52.55
87327.00ms : 0.13;-1.47;-0.31;-6.53;9.64;22.46
87347.00ms : 0.21;-1.51;-0.24;-11.29;25.39;-22.09
87367.00ms : 0.19;-1.40;-0.16;-19.59;29.72;-67.08
87387.00ms : 0.15;-1.29;-0.19;-31.56;29.66;-99.00
87407.00ms : 0.13;-1.30;-0.24;-44.74;39.73;-128.60
87427.00ms : 0.13;-1.38;-0.22;-48.22;50.42;-167.24
87447.00ms : 0.12;-1.29;-0.28;-61.04;62.01;-210.45
87467.00ms : 0.15;-1.27;-0.24;-57.74;87.10;-251.46
87487.00ms : 0.16;-1.04;-0.13;-52.86;108.15;-290.10
87507.00ms : 0.05;-0.84;-0.01;-50.11;107.30;-305.24
87527.00ms : 0.02;-0.66;0.03;-48.22;102.42;-308.90
87547.00ms : -0.11;-0.42;0.07;-49.99;100.40;-296.63
87567.00ms : -0.17;-0.32;0.15;-60.30;92.47;-279.60
87587.00ms : -0.22;-0.25;0.19;-68.30;85.63;-260.31
87607.00ms : -0.28;-0.23;0.33;-64.76;69.52;-242.43
87627.00ms : -0.34;-0.25;0.30;-56.58;50.84;-236.08
87647.00ms : -0.38;-0.25;0.23;-52.92;42.79;-231.51
87667.00ms : -0.37;-0.28;0.20;-57.68;40.22;-234.19
87687.00ms : -0.38;-0.17;0.22;-64.15;38.39;-236.02
87707.00ms : -0.42;-0.04;0.29;-73.79;26.67;-235.47
87727.00ms : -0.49;0.14;0.24;-82.64;16.36;-222.90
87747.00ms : -0.53;0.23;0.22;-86.91;13.49;-205.38
87767.00ms : -0.54;0.25;0.13;-77.21;30.76;-197.39
87787.00ms : -0.49;0.28;0.21;-64.58;50.60;-196.59
87807.00ms : -0.47;0.34;0.27;-55.66;55.18;-191.71
87827.00ms : -0.42;0.40;0.31;-56.52;53.16;-182.19
87847.00ms : -0.42;0.47;0.32;-62.44;46.51;-167.30
87867.00ms : -0.40;0.55;0.37;-66.22;39.06;-148.32
87887.00ms : -0.39;0.50;0.36;-66.47;28.50;-138.61
87907.00ms : -0.36;0.48;0.27;-59.75;32.71;-144.47
87927.00ms : -0.34;0.54;0.28;-52.61;39.73;-152.71
87947.00ms : -0.31;0.68;0.36;-46.75;40.89;-154.11
87967.00ms : -0.27;0.85;0.40;-38.76;34.06;-142.03
87987.00ms : -0.37;1.28;0.52;-25.76;17.82;-104.06
88007.00ms : -0.59;1.65;0.70;-7.63;-7.14;-21.06
88027.00ms : -0.59;1.52;0.76;15.81;-41.56;63.35
88047.00ms : -0.55;1.31;0.70;41.44;-76.54;131.47
88067.00ms : -0.56;1.06;0.44;64.15;-89.48;179.57
88087.00ms : -0.52;0.87;0.30;79.35;-81.18;209.78
88107.00ms : -0.57;0.91;0.35;84.96;-78.98;241.21
88127.00ms : -0.54;0.92;0.39;79.04;-91.74;286.93
88147.00ms : -0.49;0.71;0.31;71.11;-108.52;327.82
88167.00ms : -0.44;0.50;0.16;66.89;-111.51;356.02
88187.00ms : -0.34;0.27;0.03;57.25;-101.99;368.16
88207.00ms : -0.30;0.08;0.03;40.41;-95.76;366.21
88227.00ms : -0.26;-0.08;0.08;24.66;-86.12;358.34
88247.00ms : -0.28;-0.14;0.09;12.21;-88.56;352.72
88267.00ms : -0.30;-0.24;0.05;-0.06;-82.03;343.20
88287.00ms : -0.31;-0.33;0.06;-4.21;-68.54;330.75
88307.00ms : -0.29;-0.37;0.05;-4.09;-54.14;318.97
88327.00ms : -0.28;-0.44;0.11;-2.87;-39.86;302.92
88347.00ms : -0.21;-0.56;0.07;4.88;-21.36;277.95
88367.00ms : -0.16;-0.67;0.15;23.38;-2.69;238.71
88387.00ms : -0.18;-0.70;0.16;41.20;-4.70;200.99
88407.00ms : -0.18;-0.79;-0.02;47.12;1.10;173.52
88427.00ms : -0.15;-0.96;-0.09;52.43;15.63;140.56
88447.00ms : -0.13;-0.98;-0.11;62.32;34.30;109.74
88467.00ms : -0.12;-0.94;-0.04;65.80;36.25;96.92
88487.00ms : -0.09;-0.92;-0.01;61.10;25.39;98.69
88507.00ms : -0.02;-0.98;-0.03;55.42;15.63;101.01
88527.00ms : 0.00;-1.07;-0.07;40.41;9.52;95.28
88547.00ms : 0.00;-1.04;-0.08;36.56;8.91;84.11
88567.00ms : 0.03;-1.03;-0.11;30.94;11.90;78.25
88587.00ms : 0.07;-1.08;-0.07;31.37;11.23;69.46
88607.00ms : 0.09;-1.08;-0.07;27.65;2.75;59.94
88627.00ms : 0.12;-1.10;-0.13;18.98;-4.58;49.50
88647.00ms : 0.15;-1.15;-0.10;12.45;-11.11;36.44
88667.00ms : 0.13;-1.16;-0.13;5.43;-18.98;18.62
88687.00ms : 0.14;-1.14;-0.09;-0.12;-19.41;8.61
88707.00ms : 0.09;-1.14;-0.09;-1.53;-25.45;-4.70
88727.00ms : 0.05;-1.10;-0.11;-4.82;-27.16;-15.50
88747.00ms : 0.03;-1.08;-0.10;-4.15;-23.86;-21.00
88767.00ms : -0.08;-1.02;-0.08;-5.86;-27.53;-28.69
88787.00ms : -0.05;-1.04;-0.16;-13.24;-27.83;-28.63
88807.00ms : -0.07;-1.02;-0.14;-11.84;-20.26;-36.87
88827.00ms : -0.17;-0.91;-0.07;-15.75;-20.20;-43.52
88847.00ms : -0.12;-0.94;-0.08;-17.21;-25.15;-40.83
88867.00ms : -0.13;-0.93;-0.08;-19.17;-19.59;-41.87
88887.00ms : -0.08;-0.96;0.03;-27.95;-25.94;-42.48
88907.00ms : -0.03;-1.07;0.01;-37.41;-39.31;-50.35
88927.00ms : -0.03;-1.20;-0.05;-46.81;-44.01;-74.52
88947.00ms : -0.01;-1.36;-0.16;-55.48;-38.51;-114.38
88967.00ms : 0.02;-1.41;-0.31;-61.95;-16.72;-171.51
88987.00ms : 0.14;-1.44;-0.33;-56.64;25.15;-249.33
89007.00ms : 0.24;-1.07;-0.13;-40.77;58.41;-323.97
89027.00ms : 0.17;-0.61;0.09;-28.50;66.28;-356.87
89047.00ms : -0.05;-0.27;0.20;-12.33;52.67;-336.91
89067.00ms : -0.25;-0.24;0.15;-22.28;35.28;-313.78
89087.00ms : -0.42;-0.18;0.14;-20.63;26.12;-287.11
89107.00ms : -0.47;-0.23;0.11;-14.47;26.37;-269.35
89127.00ms : -0.54;-0.23;0.07;-12.15;30.64;-264.40
89147.00ms : -0.59;-0.21;-0.00;-16.42;39.73;-266.17
89167.00ms : -0.61;-0.16;-0.00;-22.46;50.05;-274.35
89187.00ms : -0.60;-0.02;-0.02;-29.79;60.79;-275.27
89207.00ms : -0.54;0.14;0.07;-41.50;71.72;-268.98
89227.00ms : -0.56;0.30;0.24;-51.45;60.42;-253.91
89247.00ms : -0.54;0.38;0.25;-60.55;41.32;-231.99
89267.00ms : -0.54;0.36;0.17;-61.16;39.61;-218.63
89287.00ms : -0.52;0.40;0.23;-62.87;45.23;-221.50
89307.00ms : -0.50;0.56;0.26;-53.10;48.95;-214.66
89327.00ms : -0.53;0.68;0.32;-49.68;46.81;-195.92
89347.00ms : -0.51;0.72;0.35;-46.33;35.40;-175.35
89367.00ms : -0.53;0.71;0.30;-38.39;24.35;-156.49
89387.00ms : -0.53;0.74;0.27;-34.12;20.39;-142.70
89407.00ms : -0.54;0.75;0.24;-24.78;18.49;-131.23
89427.00ms : -0.52;0.80;0.24;-14.95;23.32;-119.14
89447.00ms : -0.54;0.89;0.29;-16.66;15.26;-94.06
89467.00ms : -0.54;0.92;0.30;-17.70;9.40;-63.17
89487.00ms : -0.56;0.96;0.37;-14.34;-3.72;-29.72
89507.00ms : -0.55;0.96;0.37;-9.58;-15.01;-0.67
89527.00ms : -0.58;0.97;0.34;1.59;-20.02;26.43
89547.00ms : -0.57;0.95;0.30;13.98;-18.86;50.42
89567.00ms : -0.58;0.92;0.30;24.23;-17.15;75.26
89587.00ms : -0.61;0.92;0.33;31.37;-25.57;99.79
89607.00ms : -0.62;0.86;0.25;39.06;-28.56;123.47
89627.00ms : -0.61;0.75;0.20;49.26;-21.91;141.60
89647.00ms : -0.61;0.71;0.24;53.34;-22.03;157.65
89667.00ms : -0.61;0.68;0.25;49.19;-34.36;179.32
89687.00ms : -0.62;0.63;0.20;44.92;-38.27;203.86
89707.00ms : -0.59;0.54;0.24;43.03;-39.79;222.47
89727.00ms : -0.59;0.48;0.25;43.95;-45.84;234.44
89747.00ms : -0.55;0.34;0.19;43.21;-49.26;245.18
89767.00ms : -0.55;0.16;0.13;39.67;-45.53;242.31
89787.00ms : -0.55;0.03;0.08;39.61;-33.57;228.45
89807.00ms : -0.54;-0.06;0.10;36.25;-26.31;209.41
89827.00ms : -0.56;-0.07;0.14;32.41;-23.19;200.81
89847.00ms : -0.55;-0.11;0.17;26.06;-28.69;196.41
89867.00ms : -0.56;-0.19;0.13;22.77;-30.46;194.21
89887.00ms : -0.56;-0.24;0.16;22.46;-29.36;188.96
89907.00ms : -0.58;-0.22;0.17;22.46;-31.98;192.63
89927.00ms : -0.57;-0.27;0.17;19.96;-35.77;199.34
89947.00ms : -0.55;-0.37;0.14;17.40;-36.50;201.05
89967.00ms : -0.52;-0.46;0.07;20.39;-30.15;194.58
89987.00ms : -0.50;-0.44;0.08;26.31;-24.11;188.78
90007.00ms : -0.46;-0.42;0.07;26.98;-20.20;190.67
90027.00ms : -0.41;-0.49;0.11;22.83;-23.25;197.88
90047.00ms : -0.32;-0.63;0.09;25.45;-26.92;192.57
90067.00ms : -0.31;-0.68;0.04;30.03;-27.34;179.81
90087.00ms : -0.24;-0.74;0.01;32.59;-25.70;171.33
90107.00ms : -0.19;-0.85;0.01;34.67;-22.89;158.75
90127.00ms : -0.21;-0.94;0.01;34.73;-23.56;136.78
90147.00ms : -0.21;-0.98;-0.04;37.84;-20.02;106.81
90167.00ms : -0.19;-0.94;-0.07;36.01;-8.91;89.84
90187.00ms : -0.18;-0.97;-0.02;33.33;-3.17;80.51
90207.00ms : -0.18;-0.98;0.00;34.06;-5.13;69.70
90227.00ms : -0.19;-0.95;-0.08;25.82;-8.48;62.87
90247.00ms : -0.16;-0.94;-0.11;23.07;-3.60;64.51
90267.00ms : -0.12;-1.01;-0.10;25.70;-1.04;65.06
90287.00ms : -0.09;-1.02;-0.08;28.69;-1.89;58.65
90307.00ms : -0.03;-0.95;-0.06;25.51;-9.46;59.08
90327.00ms : 0.04;-1.00;-0.03;11.90;-25.45;61.52
90347.00ms : 0.09;-1.14;-0.04;-1.95;-44.25;52.92
90367.00ms : 0.12;-1.25;-0.17;-14.59;-50.78;29.85
90387.00ms : 0.11;-1.43;-0.23;-20.51;-38.64;-13.85
90407.00ms : 0.04;-1.44;-0.19;-19.90;-25.21;-73.30
90427.00ms : -0.05;-1.40;-0.25;-24.11;-16.36;-118.71
90447.00ms : -0.11;-1.34;-0.25;-29.66;-1.10;-159.36
90467.00ms : -0.16;-1.24;-0.25;-30.94;18.55;-192.32
90487.00ms : -0.23;-1.08;-0.18;-34.18;35.46;-215.09
90507.00ms : -0.27;-0.92;-0.14;-36.07;46.02;-225.16
90527.00ms : -0.33;-0.76;-0.07;-35.40;54.32;-227.60
90547.00ms : -0.37;-0.59;-0.04;-30.70;60.24;-225.77
90567.00ms : -0.43;-0.39;0.01;-28.63;66.77;-210.27
90587.00ms : -0.45;-0.34;0.10;-23.01;65.61;-190.25
90607.00ms : -0.56;-0.28;0.14;-14.22;60.91;-177.25
90627.00ms : -0.58;-0.26;0.13;-22.46;50.23;-157.29
90647.00ms : -0.53;-0.37;0.18;-23.32;45.47;-144.53
90667.00ms : -0.58;-0.34;0.27;-12.45;35.95;-143.37
90687.00ms : -0.66;-0.26;0.18;-9.77;27.22;-136.41
90707.00ms : -0.69;-0.26;0.17;-12.39;30.27;-118.16
90727.00ms : -0.72;-0.31;0.22;-13.24;23.01;-109.50
90747.00ms : -0.73;-0.32;0.16;-12.82;17.58;-104.13
90767.00ms : -0.73;-0.28;0.10;-13.12;24.11;-103.64
90787.00ms : -0.75;-0.23;0.16;-12.39;29.30;-100.28
90807.00ms : -0.74;-0.14;0.20;-11.90;28.02;-90.33
90827.00ms : -0.75;-0.12;0.19;-15.69;22.16;-76.54
90847.00ms : -0.74;-0.08;0.21;-16.91;18.43;-64.45
90867.00ms : -0.77;-0.07;0.26;-16.91;12.70;-50.05
90887.00ms : -0.77;-0.06;0.28;-12.33;6.90;-39.25
90907.00ms : -0.76;-0.09;0.23;-9.40;4.27;-31.80
90927.00ms : -0.76;-0.09;0.26;-4.09;7.45;-27.59
90947.00ms : -0.79;-0.06;0.25;2.26;3.54;-23.25
90967.00ms : -0.78;-0.03;0.25;2.87;2.38;-11.78
90987.00ms : -0.79;-0.02;0.27;1.46;-3.54;-3.05
91007.00ms : -0.77;0.01;0.28;4.33;-12.15;8.00
91027.00ms : -0.84;0.20;0.32;5.19;-26.49;36.01
91047.00ms : -0.98;0.31;0.32;1.77;-45.84;88.38
91067.00ms : -0.95;0.24;0.23;2.08;-54.26;140.56
91087.00ms : -0.91;0.12;0.18;2.56;-53.10;181.58
91107.00ms : -0.84;0.05;0.20;4.39;-49.56;214.29
91127.00ms : -0.75;-0.02;0.19;6.71;-51.45;242.25
91147.00ms : -0.67;-0.10;0.14;7.69;-51.45;268.86
91167.00ms : -0.56;-0.21;0.12;11.78;-48.77;288.02
91187.00ms : -0.47;-0.37;0.06;17.82;-41.81;294.62
91207.00ms : -0.35;-0.58;-0.02;26.43;-26.25;278.81
91227.00ms : -0.25;-0.73;-0.02;33.51;-11.78;252.93
91247.00ms : -0.19;-0.85;-0.00;42.24;-2.62;223.69
91267.00ms : -0.15;-0.95;-0.02;47.85;2.14;194.95
91287.00ms : -0.11;-1.03;-0.01;44.43;6.59;163.88
91307.00ms : -0.07;-1.08;-0.05;44.92;14.10;131.71
91327.00ms : -0.04;-1.12;-0.06;40.47;21.61;99.30
91347.00ms : -0.02;-1.12;-0.04;31.56;23.86;70.68
91367.00ms : -0.01;-1.10;-0.02;21.73;23.01;44.92
91387.00ms : 0.01;-1.13;0.00;17.03;17.46;17.64
91407.00ms : -0.01;-1.09;-0.01;13.12;13.12;-6.53
91427.00ms : -0.04;-1.04;-0.00;10.07;5.68;-22.77
91447.00ms : -0.12;-0.97;-0.01;6.59;1.28;-31.31
91467.00ms : -0.16;-0.96;-0.05;-1.65;-4.58;-31.25
91487.00ms : -0.16;-0.97;-0.02;-3.48;0.37;-38.09
91507.00ms : -0.26;-0.89;0.03;-8.36;-7.32;-34.67
91527.00ms : -0.26;-0.91;-0.04;-14.53;-8.30;-30.76
91547.00ms : -0.30;-0.91;0.02;-12.76;-5.74;-38.27
91567.00ms : -0.34;-0.83;-0.04;-13.92;-8.12;-35.77
91587.00ms : -0.31;-0.84;-0.02;-14.34;-1.46;-32.23
91607.00ms : -0.40;-0.85;-0.03;-13.61;-4.21;-34.06
91627.00ms : -0.34;-0.94;-0.12;-21.42;4.09;-33.94
91647.00ms : -0.30;-1.09;-0.07;-21.97;21.97;-56.58
91667.00ms : -0.27;-1.20;-0.07;-17.76;35.77;-97.78
91687.00ms : -0.19;-1.28;-0.13;-17.03;57.43;-144.41
91707.00ms : -0.12;-1.23;-0.06;-13.85;77.27;-193.54
91727.00ms : -0.15;-0.97;0.03;-11.29;84.41;-227.72
91747.00ms : -0.16;-0.81;0.05;-8.12;89.97;-240.05
91767.00ms : -0.18;-0.68;0.16;-4.82;88.13;-249.69
91787.00ms : -0.25;-0.56;0.18;-4.64;81.05;-248.41
91807.00ms : -0.25;-0.58;0.16;-6.41;76.84;-249.08
91827.00ms : -0.20;-0.61;0.10;-3.11;78.92;-266.97
91847.00ms : -0.19;-0.54;0.16;-2.93;82.15;-284.12
91867.00ms : -0.21;-0.37;0.25;-6.35;71.11;-292.11
91887.00ms : -0.27;-0.19;0.32;-5.74;51.45;-287.72
91907.00ms : -0.36;0.06;0.33;-11.41;28.32;-262.76
91927.00ms : -0.54;0.28;0.37;-21.48;-0.31;-219.24
91947.00ms : -0.81;0.50;0.34;-34.24;-26.86;-165.89
91967.00ms : -1.07;0.62;0.19;-40.83;-27.65;-106.87
91987.00ms : -1.09;0.58;0.23;-38.94;-14.59;-49.50
92007.00ms : -0.99;0.45;0.33;-36.87;-15.63;-6.77
92027.00ms : -0.98;0.47;0.39;-34.97;-25.21;32.78
92047.00ms : -0.98;0.45;0.40;-32.17;-40.16;77.39
92067.00ms : -0.92;0.40;0.42;-29.05;-54.99;115.23
92087.00ms : -0.99;0.52;0.41;-24.84;-73.12;162.11
92107.00ms : -1.02;0.52;0.36;-22.40;-87.52;221.13
92127.00ms : -0.89;0.35;0.28;-17.58;-91.92;266.60
92147.00ms : -0.71;0.19;0.21;-12.57;-94.42;297.79
92167.00ms : -0.60;0.09;0.18;-13.18;-98.51;326.66
92187.00ms : -0.49;-0.02;0.14;-20.51;-108.22;352.29
92207.00ms : -0.37;-0.20;0.06;-29.30;-111.39;368.04
92227.00ms : -0.27;-0.42;0.03;-31.86;-103.82;367.00
92247.00ms : -0.19;-0.60;-0.05;-27.10;-84.53;344.73
92267.00ms : -0.14;-0.76;-0.05;-17.33;-62.38;315.55
92287.00ms : -0.10;-0.89;-0.08;-7.81;-44.25;279.17
92307.00ms : -0.12;-1.00;-0.10;6.47;-26.43;241.03
92327.00ms : -0.06;-1.06;-0.18;15.14;-5.80;201.66
92347.00ms : -0.00;-1.13;-0.15;19.35;12.15;164.00
92367.00ms : 0.08;-1.17;-0.11;15.20;20.08;127.44
92387.00ms : 0.08;-1.16;-0.09;17.88;23.32;95.89
92407.00ms : 0.08;-1.15;-0.06;16.97;18.68;66.71
92427.00ms : 0.09;-1.14;-0.11;10.86;16.60;48.28
92447.00ms : 0.11;-1.18;-0.08;8.48;17.76;30.88
92467.00ms : 0.11;-1.19;-0.06;6.65;15.50;7.14
92487.00ms : 0.12;-1.15;-0.06;3.48;12.39;-13.85
92507.00ms : 0.07;-1.16;-0.06;-0.79;7.63;-30.88
92527.00ms : 0.04;-1.17;-0.16;-8.73;7.14;-47.61
92547.00ms : 0.04;-1.33;-0.15;-16.91;19.35;-78.67
92567.00ms : 0.00;-1.41;-0.11;-22.03;16.78;-124.15
92587.00ms : 0.04;-1.53;-0.30;-25.21;30.33;-179.69
92607.00ms : 0.11;-1.47;-0.25;-23.25;58.78;-249.94
92627.00ms : 0.03;-1.10;-0.11;-19.23;69.03;-293.03
92647.00ms : -0.10;-0.76;-0.00;-17.52;61.83;-295.78
92667.00ms : -0.27;-0.58;-0.04;-23.32;57.13;-277.71
92687.00ms : -0.34;-0.58;-0.10;-28.26;62.93;-262.27
92707.00ms : -0.33;-0.58;-0.05;-28.20;83.50;-260.80
92727.00ms : -0.28;-0.55;0.03;-24.72;99.55;-274.90
92747.00ms : -0.28;-0.37;0.16;-19.53;106.02;-278.32
92767.00ms : -0.35;-0.21;0.23;-26.25;89.66;-263.06
92787.00ms : -0.39;-0.15;0.23;-33.14;71.11;-239.87
92807.00ms : -0.44;-0.15;0.18;-41.63;56.95;-223.45
92827.00ms : -0.42;-0.16;0.17;-45.65;52.67;-215.76
92847.00ms : -0.43;-0.09;0.21;-49.80;47.42;-207.76
92867.00ms : -0.50;0.03;0.27;-50.84;39.43;-198.43
92887.00ms : -0.63;0.13;0.17;-51.82;35.83;-190.86
92907.00ms : -0.66;0.17;0.05;-46.39;59.94;-180.60
92927.00ms : -0.58;0.21;0.22;-42.18;86.73;-173.95
92947.00ms : -0.51;0.22;0.36;-35.46;87.22;-175.11
92967.00ms : -0.46;0.27;0.37;-34.18;79.65;-185.36
92987.00ms : -0.45;0.35;0.34;-43.70;67.57;-178.41
93007.00ms : -0.45;0.40;0.31;-51.03;59.27;-169.31
93027.00ms : -0.43;0.47;0.28;-54.50;53.89;-154.11
93047.00ms : -0.47;0.61;0.37;-62.56;44.13;-125.12
93067.00ms : -0.46;0.57;0.36;-69.82;30.70;-94.42
93087.00ms : -0.44;0.52;0.33;-67.38;25.45;-84.05
93107.00ms : -0.44;0.55;0.33;-61.40;29.60;-81.12
93127.00ms : -0.41;0.64;0.38;-53.59;31.37;-76.48
93147.00ms : -0.42;0.72;0.44;-46.02;21.48;-64.88
93167.00ms : -0.40;0.69;0.39;-39.49;11.17;-54.38
93187.00ms : -0.38;0.65;0.33;-27.89;15.08;-55.24
93207.00ms : -0.41;0.75;0.38;-14.53;17.88;-53.47
93227.00ms : -0.39;0.78;0.39;-8.24;12.51;-43.52
93247.00ms : -0.39;0.84;0.43;-3.17;4.09;-26.06
93267.00ms : -0.41;0.82;0.43;1.83;-5.49;-8.54
93287.00ms : -0.40;0.81;0.39;9.70;-8.48;9.83
93307.00ms : -0.39;0.78;0.44;20.45;-10.25;22.09
93327.00ms : -0.42;0.82;0.39;24.96;-14.77;40.65
93347.00ms : -0.41;0.71;0.40;27.34;-20.14;57.25
93367.00ms : -0.41;0.64;0.33;31.74;-23.86;63.42
93387.00ms : -0.42;0.71;0.36;34.42;-23.07;73.73
93407.00ms : -0.45;0.79;0.43;39.55;-33.45;92.47
93427.00ms : -0.52;0.90;0.44;47.36;-48.77;122.13
93447.00ms : -0.62;0.97;0.43;53.71;-60.06;168.21
93467.00ms : -0.60;0.95;0.48;61.58;-71.53;216.80
93487.00ms : -0.63;1.01;0.51;68.85;-91.00;274.48
93507.00ms : -0.55;0.87;0.41;70.98;-106.75;335.63
93527.00ms : -0.41;0.52;0.22;66.77;-108.95;370.00
93547.00ms : -0.30;0.20;0.07;59.27;-94.54;374.33
93567.00ms : -0.25;-0.03;0.04;49.07;-73.91;358.89
93587.00ms : -0.17;-0.27;0.04;42.11;-57.50;327.03
93607.00ms : -0.22;-0.24;0.10;37.90;-57.62;297.06
93627.00ms : -0.26;-0.24;0.13;29.48;-59.75;287.11
93647.00ms : -0.24;-0.25;0.21;22.09;-67.20;282.04
93667.00ms : -0.27;-0.23;0.20;16.85;-82.52;288.94
93687.00ms : -0.28;-0.27;0.17;13.24;-87.77;298.16
93707.00ms : -0.23;-0.44;0.10;15.38;-79.96;295.72
93727.00ms : -0.16;-0.56;0.04;31.92;-54.87;277.34
93747.00ms : -0.15;-0.54;0.10;51.51;-37.35;264.47
93767.00ms : -0.11;-0.57;0.09;58.35;-38.33;260.68
93787.00ms : 0.01;-0.75;-0.03;59.51;-35.83;250.67
93807.00ms : 0.08;-0.94;-0.11;60.91;-28.63;226.38
93827.00ms : 0.14;-1.08;-0.19;61.52;-15.50;194.27
93847.00ms : 0.22;-1.16;-0.18;47.73;-9.28;159.97
93867.00ms : 0.22;-1.25;-0.10;31.80;-11.11;127.50
93887.00ms : 0.26;-1.33;-0.14;30.09;-15.63;95.70
93907.00ms : 0.20;-1.39;-0.14;33.26;-8.18;51.51
93927.00ms : 0.16;-1.32;-0.17;37.17;1.10;10.99
93947.00ms : 0.07;-1.22;-0.17;27.28;-1.71;-7.93
93967.00ms : 0.11;-1.25;-0.23;12.27;1.28;-16.85
93987.00ms : 0.04;-1.07;-0.13;9.52;5.13;-25.76
94007.00ms : -0.05;-1.03;-0.10;0.18;-9.28;-21.79
94027.00ms : 0.02;-1.09;-0.20;-3.72;-6.59;-26.49
94047.00ms : -0.08;-1.01;-0.17;-9.03;-3.66;-33.87
94067.00ms : -0.04;-1.04;-0.18;-18.25;-6.84;-31.56
94087.00ms : -0.06;-1.08;-0.13;-26.43;-6.10;-37.84
94107.00ms : -0.04;-1.14;-0.11;-33.87;-8.54;-50.23
94127.00ms : 0.02;-1.31;-0.15;-42.66;-6.47;-80.20
94147.00ms : 0.01;-1.39;-0.16;-45.53;0.31;-122.13
94167.00ms : -0.01;-1.40;-0.37;-55.85;20.51;-167.97
94187.00ms : 0.09;-1.39;-0.28;-63.96;54.38;-220.64
94207.00ms : 0.20;-1.26;-0.12;-59.33;67.20;-277.22
94227.00ms : 0.22;-0.83;-0.05;-53.34;74.28;-315.37
94247.00ms : 0.11;-0.44;0.06;-49.44;76.66;-307.25
94267.00ms : -0.03;-0.32;0.21;-42.11;62.19;-285.03
94287.00ms : -0.18;-0.33;0.23;-31.74;41.75;-267.52
94307.00ms : -0.33;-0.32;0.13;-28.93;32.17;-256.35
94327.00ms : -0.40;-0.31;0.14;-31.31;32.96;-251.83
94347.00ms : -0.49;-0.28;0.19;-32.10;28.87;-252.99
94367.00ms : -0.59;-0.20;0.16;-30.88;22.77;-250.24
94387.00ms : -0.63;-0.18;0.04;-27.47;35.77;-248.66
94407.00ms : -0.63;-0.15;0.05;-27.89;53.28;-249.82
94427.00ms : -0.61;-0.10;0.09;-28.75;62.19;-260.01
94447.00ms : -0.57;0.06;0.11;-28.14;73.97;-265.50
94467.00ms : -0.56;0.24;0.16;-31.19;84.66;-256.71
94487.00ms : -0.57;0.33;0.25;-36.87;84.23;-238.71
94507.00ms : -0.54;0.44;0.32;-44.13;75.99;-215.21
94527.00ms : -0.54;0.49;0.37;-48.71;63.84;-190.12
94547.00ms : -0.52;0.49;0.35;-45.47;55.60;-168.15
94567.00ms : -0.49;0.49;0.32;-41.32;55.30;-154.54
94587.00ms : -0.46;0.51;0.37;-39.31;52.73;-141.36
94607.00ms : -0.43;0.52;0.39;-37.84;43.33;-131.53
94627.00ms : -0.43;0.57;0.39;-33.75;32.59;-122.92
94647.00ms : -0.43;0.64;0.37;-30.76;25.70;-110.35
94667.00ms : -0.44;0.60;0.33;-26.43;21.42;-99.24
94687.00ms : -0.41;0.56;0.30;-22.95;25.09;-93.87
94707.00ms : -0.40;0.62;0.34;-18.92;26.37;-85.45
94727.00ms : -0.41;0.68;0.38;-18.68;22.58;-68.66
94747.00ms : -0.39;0.69;0.40;-15.81;17.15;-57.13
94767.00ms : -0.38;0.72;0.41;-8.85;13.43;-46.94
94787.00ms : -0.36;0.81;0.41;-1.53;9.03;-31.92
94807.00ms : -0.38;0.94;0.48;5.62;-1.22;-5.25
94827.00ms : -0.43;1.03;0.55;14.28;-18.43;31.62
94847.00ms : -0.45;1.05;0.55;24.29;-38.88;72.51
94867.00ms : -0.47;0.95;0.48;36.25;-54.38;108.15
94887.00ms : -0.50;0.84;0.39;47.67;-59.27;136.11
94907.00ms : -0.52;0.75;0.31;56.64;-56.64;160.22
94927.00ms : -0.48;0.72;0.36;63.29;-54.75;182.74
94947.00ms : -0.53;0.84;0.44;60.79;-72.08;220.40
94967.00ms : -0.55;0.89;0.45;58.17;-93.26;270.57
94987.00ms : -0.53;0.82;0.39;59.02;-111.27;322.27
95007.00ms : -0.46;0.56;0.17;64.39;-109.56;363.04
95027.00ms : -0.34;0.29;0.08;57.25;-99.43;377.93
95047.00ms : -0.29;0.11;0.10;46.39;-89.60;377.93
95067.00ms : -0.25;-0.03;0.10;38.76;-81.97;375.79
95087.00ms : -0.18;-0.19;0.13;31.07;-77.82;362.67
95107.00ms : -0.11;-0.29;0.14;22.46;-75.93;349.49
95127.00ms : -0.04;-0.41;0.12;19.17;-71.35;332.40
95147.00ms : -0.04;-0.52;0.08;25.39;-58.78;303.04
95167.00ms : -0.03;-0.61;0.06;38.94;-37.05;264.22
95187.00ms : -0.04;-0.65;0.14;63.60;-20.94;218.93
95207.00ms : -0.06;-0.64;0.16;83.98;-23.86;192.93
95227.00ms : -0.13;-0.72;0.06;91.86;-39.73;178.59
95247.00ms : -0.16;-0.82;-0.02;85.21;-59.27;174.19
95267.00ms : -0.15;-1.01;-0.19;53.28;-79.16;172.30
95287.00ms : -0.10;-1.14;-0.32;37.60;-73.43;169.25
95307.00ms : -0.06;-1.34;-0.33;31.98;-45.65;148.99
95327.00ms : -0.04;-1.43;-0.30;55.05;-12.57;106.20
95347.00ms : -0.06;-1.37;-0.33;71.84;26.79;55.54
95367.00ms : -0.15;-1.22;-0.25;56.34;47.49;9.46
95387.00ms : -0.16;-1.20;-0.25;50.72;61.40;-16.48
95407.00ms : -0.14;-1.15;-0.21;42.79;56.58;-31.43
95427.00ms : -0.18;-1.08;-0.23;31.43;46.51;-35.95
95447.00ms : -0.15;-1.13;-0.31;10.93;38.70;-34.00
95467.00ms : -0.06;-1.30;-0.36;-6.23;41.75;-42.91
95487.00ms : 0.03;-1.51;-0.38;-13.24;58.04;-80.57
95507.00ms : 0.06;-1.49;-0.30;-18.07;73.06;-135.68
95527.00ms : 0.05;-1.37;-0.30;-25.45;81.12;-177.80
95547.00ms : 0.01;-1.17;-0.23;-30.15;86.55;-200.01
95567.00ms : -0.06;-0.97;-0.09;-41.08;78.74;-218.08
95587.00ms : -0.19;-0.81;-0.01;-31.80;57.56;-211.18
95607.00ms : -0.29;-0.74;-0.11;-40.95;43.46;-207.76
95627.00ms : -0.35;-0.66;-0.18;-52.49;48.03;-200.50
95647.00ms : -0.39;-0.63;-0.09;-55.24;51.94;-198.49
95667.00ms : -0.45;-0.56;0.00;-49.99;49.99;-200.38
95687.00ms : -0.47;-0.41;0.04;-18.55;52.31;-193.85
95707.00ms : -0.58;-0.32;-0.03;-49.87;41.38;-174.74
95727.00ms : -0.60;-0.46;0.02;-56.27;42.05;-162.11
95747.00ms : -0.55;-0.50;-0.02;-58.17;51.09;-174.01
95767.00ms : -0.54;-0.46;0.07;-53.34;61.71;-189.51
95787.00ms : -0.52;-0.32;0.08;-44.25;73.61;-195.80
95807.00ms : -0.54;-0.19;0.20;-39.98;77.21;-194.95
95827.00ms : -0.55;-0.14;0.18;-38.82;73.43;-192.63
95847.00ms : -0.55;-0.10;0.14;-40.89;76.35;-192.14
95867.00ms : -0.56;-0.04;0.15;-45.72;75.38;-193.79
95887.00ms : -0.58;0.04;0.12;-51.27;78.31;-191.22
95907.00ms : -0.54;0.10;0.17;-52.43;87.28;-189.88
95927.00ms : -0.51;0.20;0.30;-52.49;84.59;-180.91
95947.00ms : -0.43;0.20;0.33;-48.58;76.66;-180.54
95967.00ms : -0.39;0.30;0.35;-50.29;71.72;-179.32
95987.00ms : -0.45;0.42;0.35;-52.73;60.67;-172.18
96007.00ms : -0.38;0.50;0.32;-53.28;67.99;-146.42
96027.00ms : -0.43;0.38;0.38;-52.06;64.45;-150.15
96047.00ms : -0.28;0.48;0.22;-47.49;69.52;-147.89
96067.00ms : -0.28;0.50;0.26;-48.03;80.63;-149.54
96087.00ms : -0.27;0.75;0.32;-37.66;87.59;-122.44
96107.00ms : -0.14;0.72;0.64;-52.00;112.12;-95.83
96127.00ms : -0.66;0.90;0.84;-47.97;31.62;-66.53
96147.00ms : -0.23;0.86;0.51;-28.93;1.34;-57.19
96167.00ms : -0.31;1.04;0.52;5.43;25.51;-31.86
96187.00ms : -0.40;1.05;0.67;28.93;17.94;6.90
96207.00ms : -0.36;0.99;0.64;31.31;-9.58;44.07
96227.00ms : -0.41;0.89;0.66;41.63;-32.47;74.77
96247.00ms : -0.43;0.80;0.60;55.54;-54.38;101.56
96267.00ms : -0.41;0.69;0.49;59.88;-66.77;125.43
96287.00ms : -0.44;0.55;0.30;62.62;-59.75;135.44
96307.00ms : -0.44;0.52;0.33;64.39;-47.24;141.91
96327.00ms : -0.49;0.68;0.46;67.32;-49.38;164.61
96347.00ms : -0.52;0.65;0.52;77.88;-76.78;205.99
96367.00ms : -0.46;0.52;0.43;82.82;-87.34;230.47
96387.00ms : -0.42;0.35;0.41;84.78;-99.55;243.96
96407.00ms : -0.42;0.28;0.30;77.76;-106.81;248.72
96427.00ms : -0.46;0.24;0.32;72.27;-105.16;257.26
96447.00ms : -0.48;0.12;0.27;62.50;-110.84;270.81
96467.00ms : -0.47;-0.14;0.03;53.34;-95.09;267.09
96487.00ms : -0.39;-0.31;0.13;51.21;-70.31;252.93
96507.00ms : -0.38;-0.32;0.20;53.89;-67.63;236.21
96527.00ms : -0.37;-0.27;0.23;50.78;-72.69;231.20
96547.00ms : -0.40;-0.26;0.21;47.42;-81.18;236.15
96567.00ms : -0.35;-0.30;0.18;49.93;-88.56;249.15
96587.00ms : -0.26;-0.44;0.12;51.15;-94.54;254.46
96607.00ms : -0.22;-0.54;0.09;55.85;-93.75;247.07
96627.00ms : -0.23;-0.61;0.03;59.63;-92.22;237.24
96647.00ms : -0.18;-0.70;-0.04;61.52;-82.58;222.53
96667.00ms : -0.15;-0.70;-0.05;58.35;-71.59;212.22
96687.00ms : -0.11;-0.77;-0.15;57.37;-57.31;213.01
96707.00ms : 0.10;-0.79;-0.40;58.47;-23.50;196.47
96727.00ms : -0.05;-1.10;-0.25;45.53;2.38;174.26
96747.00ms : -0.07;-1.29;-0.25;50.17;14.59;118.53
96767.00ms : -0.03;-1.18;-0.34;44.31;36.74;88.81
96787.00ms : -0.11;-1.17;-0.06;33.81;31.49;66.83
96807.00ms : -0.15;-1.11;-0.05;26.67;8.85;51.15
96827.00ms : -0.14;-1.11;-0.17;18.37;-2.75;47.30
96847.00ms : -0.10;-1.18;-0.30;5.13;-0.85;39.43
96867.00ms : -0.01;-1.23;-0.29;-5.25;12.08;26.86
96887.00ms : 0.00;-1.19;-0.23;-16.05;16.97;6.41
96907.00ms : 0.00;-1.13;-0.24;-26.55;20.45;-5.68
96927.00ms : 0.07;-1.12;-0.21;-34.97;27.83;-16.72
96947.00ms : 0.07;-1.09;-0.16;-47.42;23.13;-27.65
96967.00ms : 0.11;-1.09;-0.15;-54.50;22.89;-44.86
96987.00ms : 0.05;-1.10;-0.06;-55.97;23.56;-70.43
97007.00ms : 0.07;-1.10;-0.09;-61.46;20.57;-98.69
97027.00ms : 0.05;-1.11;-0.10;-72.14;22.16;-127.44
97047.00ms : -0.04;-0.98;-0.10;-77.70;27.89;-152.47
97067.00ms : -0.09;-0.91;-0.06;-79.35;35.52;-166.56
97087.00ms : -0.14;-0.85;-0.00;-82.28;36.99;-180.60
97107.00ms : -0.17;-0.65;0.01;-77.94;47.73;-182.80
97127.00ms : -0.27;-0.51;0.19;-68.79;44.98;-171.63
97147.00ms : -0.35;-0.52;0.25;-65.55;29.17;-155.82
97167.00ms : -0.39;-0.53;0.20;-60.79;16.24;-147.22
97187.00ms : -0.40;-0.50;0.18;-48.46;20.57;-134.83
97207.00ms : -0.42;-0.43;0.18;-37.96;27.83;-129.88
97227.00ms : -0.33;-0.44;0.40;-29.36;26.12;-131.10
97247.00ms : -0.36;-0.31;0.25;-26.49;6.35;-131.29
97267.00ms : -0.43;-0.31;0.19;-27.83;2.20;-117.19
97287.00ms : -0.43;-0.40;0.23;-31.43;-2.01;-111.57
97307.00ms : -0.40;-0.31;0.08;-39.25;0.37;-108.52
97327.00ms : -0.51;-0.43;0.22;-48.52;-2.69;-103.33
97347.00ms : -0.64;-0.51;0.15;-53.04;3.05;-122.86
97367.00ms : -0.63;-0.41;0.12;-62.56;8.42;-135.99
97387.00ms : -0.62;-0.35;0.14;-68.91;23.68;-144.04
97407.00ms : -0.67;-0.22;0.20;-65.49;32.29;-153.20
97427.00ms : -0.72;-0.09;0.20;-66.53;51.27;-143.31
97447.00ms : -0.69;-0.04;0.23;-59.33;75.07;-143.25
97467.00ms : -0.83;0.14;0.31;-54.02;82.64;-132.57
97487.00ms : -0.81;0.27;0.39;-45.53;96.62;-102.05
97507.00ms : -0.80;0.39;0.47;-25.33;109.74;-70.01
97527.00ms : -0.88;0.40;0.71;14.53;112.43;-29.85
97547.00ms : -0.76;0.44;0.85;40.34;102.78;7.63
97567.00ms : -0.73;0.29;0.97;66.10;59.81;33.02
97587.00ms : -0.73;0.20;0.89;85.21;6.90;57.86
97607.00ms : -0.62;0.13;0.61;92.41;-23.74;79.35
97627.00ms : -0.54;0.01;0.40;102.11;-17.46;96.01
97647.00ms : -0.52;-0.13;0.37;103.76;-8.79;99.55
97667.00ms : -0.51;-0.21;0.35;102.42;-6.47;104.00
97687.00ms : -0.50;-0.29;0.35;94.73;-6.35;98.88
97707.00ms : -0.51;-0.21;0.37;103.52;-2.01;100.16
97727.00ms : -0.47;-0.14;0.41;123.47;1.59;120.54
97747.00ms : -0.47;-0.17;0.51;140.01;-19.23;149.17
97767.00ms : -0.46;-0.27;0.50;134.46;-50.29;168.33
97787.00ms : -0.37;-0.41;0.31;118.59;-68.30;174.93
97807.00ms : -0.28;-0.53;0.20;106.99;-66.96;167.66
97827.00ms : -0.22;-0.52;0.13;104.37;-55.54;165.65
97847.00ms : -0.16;-0.55;0.13;102.29;-52.67;169.37
97867.00ms : -0.13;-0.63;0.14;98.69;-55.05;163.51
97887.00ms : -0.07;-0.69;0.07;94.54;-56.88;150.33
97907.00ms : -0.04;-0.76;-0.03;84.90;-55.24;137.33
97927.00ms : 0.02;-0.83;-0.19;54.57;-18.01;111.27
97947.00ms : -0.01;-0.90;-0.10;54.44;3.48;91.98
97967.00ms : 0.02;-0.89;-0.03;62.44;10.80;76.54
97987.00ms : 0.04;-0.86;-0.01;72.51;6.90;65.55
98007.00ms : 0.09;-0.84;-0.07;75.87;5.31;55.18
98027.00ms : 0.12;-0.81;-0.02;72.94;15.50;34.97
98047.00ms : 0.10;-0.97;-0.05;75.07;-12.82;41.99
98067.00ms : 0.13;-0.97;-0.12;71.59;-26.98;41.93
98087.00ms : 0.14;-1.05;-0.18;57.56;-34.67;29.36
98107.00ms : 0.12;-1.09;-0.25;40.22;-32.84;8.54
98127.00ms : 0.10;-1.10;-0.28;23.38;-18.49;-11.90
98147.00ms : -0.00;-1.10;-0.22;11.66;-16.54;-24.72
98167.00ms : -0.12;-1.08;-0.18;2.93;-19.59;-27.04
98187.00ms : -0.09;-1.13;-0.16;-5.92;-27.34;-28.93
98207.00ms : -0.02;-1.14;-0.18;-13.85;-32.35;-41.32
98227.00ms : -0.03;-1.06;-0.17;-26.92;-35.10;-56.82
98247.00ms : -0.09;-1.03;-0.12;-32.10;-44.13;-67.69
98267.00ms : -0.21;-0.96;-0.18;-25.27;-44.98;-64.70
98287.00ms : -0.26;-0.95;-0.26;-27.95;-31.49;-56.64
98307.00ms : -0.19;-1.00;-0.23;-35.71;-16.78;-57.01
98327.00ms : -0.17;-0.96;-0.19;-36.99;-4.15;-61.40
98347.00ms : -0.22;-0.91;-0.13;-33.39;3.85;-63.48
98367.00ms : -0.29;-0.85;-0.14;-33.57;14.16;-63.11
98387.00ms : -0.30;-0.92;-0.16;-45.53;28.63;-66.71
98407.00ms : -0.20;-0.90;-0.11;-55.18;38.33;-85.08
98427.00ms : -0.22;-0.79;-0.08;-60.67;47.91;-94.24
98447.00ms : -0.23;-0.75;-0.03;-65.06;49.80;-92.16
98467.00ms : -0.27;-0.77;-0.04;-73.12;51.88;-90.21
98487.00ms : -0.25;-0.76;0.02;-82.15;55.97;-100.46
98507.00ms : -0.33;-0.63;0.10;-72.27;51.70;-103.21
98527.00ms : -0.52;-0.60;0.22;-60.97;37.66;-85.08
98547.00ms : -0.52;-0.64;0.25;-56.70;19.29;-72.33
98567.00ms : -0.46;-0.65;0.30;-41.26;-3.30;-68.05
98587.00ms : -0.46;-0.64;0.25;-31.92;-23.44;-68.79
98607.00ms : -0.55;-0.62;0.19;-26.06;-26.00;-67.32
98627.00ms : -0.69;-0.62;0.11;-8.97;-8.36;-59.33
98647.00ms : -0.79;-0.61;0.12;-8.18;21.06;-47.67
98667.00ms : -0.74;-0.60;0.26;-5.92;36.25;-40.53
98687.00ms : -0.70;-0.58;0.31;17.52;40.71;-32.84
98707.00ms : -0.69;-0.51;0.34;34.91;41.56;-23.93
98727.00ms : -0.66;-0.57;0.32;68.73;49.26;-16.48
98747.00ms : -0.68;-0.61;0.27;102.23;48.10;-4.76
98767.00ms : 0.01;-0.56;-0.44;111.63;154.97;9.70
98787.00ms : -0.65;-0.63;0.23;113.77;133.18;4.64
98807.00ms : -0.67;-0.60;0.32;133.18;162.29;25.51
98827.00ms : -0.53;-0.56;0.46;124.33;160.89;47.97
98847.00ms : -0.57;-0.62;0.61;66.89;65.92;67.08
98867.00ms : -0.43;-0.80;0.40;54.38;-17.46;72.27
98887.00ms : -0.29;-0.89;-0.04;56.88;-11.29;71.35
98907.00ms : -0.33;-0.88;0.01;68.79;22.77;64.51
98927.00ms : -0.37;-0.82;0.09;67.14;33.26;67.26
98947.00ms : -0.30;-0.84;0.09;68.42;33.87;70.43
98967.00ms : -0.30;-0.88;0.04;70.86;34.18;69.21
98987.00ms : -0.24;-0.86;0.04;86.30;43.46;61.58
99007.00ms : -0.25;-0.79;0.05;92.65;39.43;62.19
99027.00ms : -0.19;-0.82;-0.06;86.85;36.44;70.31
99047.00ms : -0.07;-0.90;-0.18;75.74;40.41;61.52
99067.00ms : -0.07;-0.84;-0.20;69.52;51.94;55.11
99087.00ms : 0.03;-0.88;-0.18;60.36;53.65;48.46
99107.00ms : 0.06;-0.87;-0.21;53.96;52.06;43.76
99127.00ms : 0.10;-0.92;-0.26;46.08;49.74;35.40
99147.00ms : 0.17;-0.92;-0.27;36.44;50.78;23.44
99167.00ms : 0.17;-0.94;-0.25;25.15;35.58;20.08
99187.00ms : 0.19;-1.00;-0.31;18.37;18.55;19.65
99207.00ms : 0.23;-0.91;-0.34;-6.04;14.89;15.69
99227.00ms : 0.22;-0.93;-0.33;-28.08;10.86;23.38
99247.00ms : -0.58;-1.06;-0.21;4.58;18.31;43.21
99267.00ms : 0.30;-1.08;-0.46;-15.63;86.91;34.67
99287.00ms : 0.29;-1.04;-0.34;-41.26;104.55;9.52
99307.00ms : 0.31;-1.05;-0.25;-45.47;96.86;-7.45
99327.00ms : 0.38;-0.94;-0.30;-37.84;103.88;-18.86
99347.00ms : 0.30;-0.92;-0.18;-26.98;103.58;-29.97
99367.00ms : 0.15;-0.89;0.07;-21.79;75.20;-37.84
99387.00ms : 0.07;-0.94;0.14;-25.33;31.62;-38.45
99407.00ms : 0.18;-1.00;0.24;-27.65;-28.50;-42.60
99427.00ms : 0.10;-0.93;-0.03;-12.15;-68.60;-48.34
99447.00ms : 0.17;-0.80;-0.23;-15.20;-44.86;-51.70
99467.00ms : 0.15;-0.86;-0.34;-32.04;5.31;-55.05
99487.00ms : 0.22;-0.92;-0.22;-43.27;36.56;-64.03
99507.00ms : 0.36;-1.11;-0.17;-75.62;12.08;-103.58
99527.00ms : 0.24;-1.09;-0.36;-80.44;-14.28;-158.87
99547.00ms : -0.11;-0.69;-0.38;-81.60;15.75;-162.72
99567.00ms : -0.33;-0.62;-0.09;-66.35;51.15;-113.71
99587.00ms : -0.36;-0.78;0.17;-81.48;29.17;-82.52
99607.00ms : -0.21;-0.92;0.05;-112.92;5.00;-86.18
99627.00ms : -0.18;-0.82;-0.00;-117.55;-3.78;-90.09
99647.00ms : -0.31;-0.78;0.11;-99.37;7.87;-95.76
99667.00ms : -0.39;-0.55;0.24;-92.83;14.34;-83.13
99687.00ms : -0.35;-0.60;0.32;-100.65;13.43;-58.59
99707.00ms : -0.35;-0.65;0.38;-85.39;-17.94;-47.30
99727.00ms : -0.29;-0.64;0.25;-75.93;-32.23;-49.74
99747.00ms : -0.23;-0.64;0.01;-74.34;-1.71;-64.03
99767.00ms : -0.25;-0.65;0.00;-71.96;63.78;-84.29
99787.00ms : -0.26;-0.67;-0.00;-54.75;134.03;-99.85
99807.00ms : -0.16;-0.66;-0.00;-35.95;212.04;-109.99
99827.00ms : -1.46;0.26;5.91;-147.40;-59.69;-65.43
99847.00ms : -0.23;-0.47;0.37;-48.95;4.21;-12.57
99867.00ms : -0.20;-0.51;0.47;-62.32;-55.24;-5.31
99887.00ms : -0.30;-0.54;0.45;-56.82;-91.43;12.57
99907.00ms : -0.43;-0.47;0.55;-64.21;-90.52;16.36
99927.00ms : -0.45;-0.42;0.49;-40.10;-73.43;15.87
99947.00ms : -0.42;-0.45;0.46;-16.78;-55.66;15.63
99967.00ms : -0.57;-0.46;0.32;-27.28;-44.74;25.88
99987.00ms : -0.45;-0.44;0.36;-31.62;-42.11;32.59
100007.00ms : -0.51;-0.39;0.38;-23.99;-23.32;37.78
100027.00ms : -0.38;-0.46;0.42;-26.86;-24.84;39.79
100047.00ms : -0.46;-0.45;0.32;-18.80;-20.39;41.32
100067.00ms : -0.35;-0.54;0.39;-31.43;-30.82;35.58
100087.00ms : -0.48;-0.38;0.42;-37.90;-36.93;35.89
100107.00ms : -0.45;-0.44;0.43;-25.21;-38.33;42.48
100127.00ms : -0.52;-0.41;0.45;-27.83;-39.49;47.85
100147.00ms : -0.53;-0.51;0.44;-21.30;-36.19;41.20
100167.00ms : -0.60;-0.28;0.54;-7.75;-27.47;37.41
100187.00ms : -0.55;-0.36;0.54;-7.51;-31.62;45.41
100207.00ms : -0.54;-0.40;0.51;8.91;-27.04;49.38
100227.00ms : -0.56;-0.38;0.52;16.72;-27.77;56.76
100247.00ms : -0.55;-0.41;0.48;28.50;-18.86;68.05
100267.00ms : -0.55;-0.38;0.48;39.31;-12.76;88.50
100287.00ms : -0.49;-0.44;0.43;43.95;-13.73;105.77
100307.00ms : -0.42;-0.54;0.36;50.48;-13.61;113.40
100327.00ms : -0.42;-0.51;0.35;79.16;-7.45;123.05
100347.00ms : -0.36;-0.64;0.30;89.97;1.83;121.52
100367.00ms : -0.46;-1.01;0.08;113.04;35.52;94.73
100387.00ms : -0.31;-0.33;0.31;85.08;51.64;71.78
100407.00ms : -0.10;-0.73;0.12;78.92;48.95;66.77
100427.00ms : -0.12;-0.71;0.23;81.24;66.77;30.03
100447.00ms : -0.14;-0.52;0.27;92.59;97.84;14.83
100467.00ms : -0.33;-0.73;0.32;39.73;70.13;5.92
100487.00ms : -0.17;-0.89;-0.02;26.43;45.10;-4.46
100507.00ms : -0.09;-0.82;-0.11;10.44;73.91;-24.11
100527.00ms : -0.06;-0.83;-0.15;42.85;129.52;-27.10
100547.00ms : -0.08;-0.81;0.15;38.21;153.44;-33.75
100567.00ms : -0.10;-0.79;0.33;18.55;120.54;-42.24
100587.00ms : -0.15;-0.70;0.29;-3.72;75.01;-36.56
100607.00ms : -0.10;-0.69;0.06;-8.67;74.65;-13.55
100627.00ms : -0.03;-0.84;0.04;-5.68;86.67;-14.95
100647.00ms : 0.00;-0.88;0.04;-18.98;88.50;-29.48
100667.00ms : 0.00;-0.82;0.11;-22.03;80.14;-42.42
100687.00ms : -0.08;-0.68;0.04;-13.98;81.30;-29.17
100707.00ms : 0.03;-0.83;0.14;-15.69;90.58;-46.26
100727.00ms : -0.05;-0.80;0.29;-13.49;71.35;-61.34
100747.00ms : -0.02;-0.78;0.17;-16.17;63.84;-83.19
100767.00ms : -0.08;-0.79;0.18;-5.13;74.34;-101.20
100787.00ms : -0.12;-0.74;0.10;4.88;100.65;-103.88
100807.00ms : -0.13;-0.77;0.24;11.35;110.47;-95.15
100827.00ms : -0.04;-0.88;0.12;12.82;100.40;-84.96
100847.00ms : -0.04;-0.79;0.00;17.64;113.04;-67.57
100867.00ms : -0.07;-0.81;0.03;11.35;120.30;-47.49
100887.00ms : -0.01;-0.92;0.08;-12.33;110.23;-43.88
100907.00ms : 0.02;-0.96;0.01;-30.58;92.53;-51.70
100927.00ms : 0.05;-0.91;-0.09;-36.25;97.23;-43.46
100947.00ms : 0.10;-0.88;-0.10;-32.78;111.76;-28.38
100967.00ms : 0.05;-0.86;0.07;-42.79;108.09;-16.72
100987.00ms : 0.08;-0.76;0.09;-59.08;85.08;-12.63
101007.00ms : 0.10;-0.79;0.12;-79.59;54.26;-6.41
101027.00ms : 0.17;-0.84;0.03;-90.39;38.94;-2.26
101047.00ms : 0.13;-0.77;0.06;-102.17;36.62;1.95
101067.00ms : 0.16;-0.66;0.14;-110.47;30.15;11.90
101087.00ms : 0.17;-0.62;0.15;-117.31;18.37;18.07
101107.00ms : 0.18;-0.62;0.20;-123.47;10.74;18.68
101127.00ms : 0.17;-0.49;0.27;-121.03;5.68;28.14
101147.00ms : 0.14;-0.30;0.30;-117.07;4.88;52.25
101167.00ms : 0.17;-0.35;0.34;-116.39;6.84;64.64
101187.00ms : 0.22;-0.48;0.26;-123.72;19.84;45.41
101207.00ms : 0.20;-0.47;0.31;-132.87;44.62;15.81
101227.00ms : 0.22;-0.27;0.40;-136.60;58.23;-0.06
101247.00ms : 0.20;-0.14;0.52;-134.40;55.05;6.16
101267.00ms : 0.23;-0.10;0.54;-133.54;38.15;19.17
101287.00ms : 0.20;-0.09;0.58;-138.79;17.27;37.60
101307.00ms : 0.23;-0.21;0.40;-141.48;7.02;37.66
101327.00ms : 0.26;-0.02;0.27;-121.03;49.99;24.05
101347.00ms : 0.25;0.07;0.53;-113.77;70.74;19.84
101367.00ms : 0.29;0.02;0.57;-117.37;61.65;4.82
101387.00ms : 0.28;0.02;0.47;-116.39;58.35;-8.54
101407.00ms : 0.33;0.27;0.47;-104.06;82.15;-0.61
101427.00ms : 0.44;0.28;0.62;-96.07;84.35;5.86
101447.00ms : 0.60;0.23;0.60;-73.79;97.84;-22.28
101467.00ms : 0.67;0.38;0.83;-55.30;94.79;-49.68
101487.00ms : 0.77;0.54;0.96;-28.69;63.48;-55.36
101507.00ms : 0.76;0.54;1.14;13.31;10.19;-41.14
101527.00ms : 0.69;0.47;0.98;50.42;-39.18;-36.50
101547.00ms : 0.58;0.40;0.80;72.14;-63.23;-30.76
101567.00ms : 0.50;0.31;0.64;81.18;-67.57;-17.40
101587.00ms : 0.47;0.16;0.49;82.70;-61.58;-11.90
101607.00ms : 0.47;0.07;0.41;83.19;-37.54;-19.35
101627.00ms : 0.46;0.10;0.50;84.78;-18.62;-27.22
101647.00ms : 0.47;0.11;0.70;91.13;-28.20;-31.37
101667.00ms : 0.49;0.14;0.71;97.72;-59.14;-28.26
101687.00ms : 0.48;0.12;0.65;106.14;-82.64;-16.24
101707.00ms : 0.47;0.05;0.64;115.97;-98.63;-6.84
101727.00ms : 0.45;-0.03;0.62;125.49;-116.27;-5.49
101747.00ms : 0.38;-0.04;0.61;132.51;-137.15;1.46
101767.00ms : 0.30;-0.05;0.58;146.55;-158.63;18.49
101787.00ms : 0.26;-0.05;0.60;157.23;-183.53;31.13
101807.00ms : 0.16;-0.07;0.55;157.65;-219.73;43.09
101827.00ms : 0.15;-0.19;0.37;164.00;-241.58;56.95
101847.00ms : 0.09;-0.29;0.18;176.15;-238.22;66.77
101867.00ms : 0.03;-0.41;0.16;170.78;-232.42;71.59
101887.00ms : 0.04;-0.53;0.01;149.35;-225.40;79.16
101907.00ms : 0.00;-0.71;-0.07;128.78;-210.14;76.97
101927.00ms : 0.09;-0.87;-0.20;116.33;-181.70;74.77
101947.00ms : 0.03;-0.85;-0.19;92.10;-156.86;69.40
101967.00ms : 0.06;-0.95;-0.18;67.50;-132.39;56.70
101987.00ms : -0.02;-0.90;-0.09;58.90;-111.08;50.48
102007.00ms : -0.11;-0.79;-0.02;52.00;-102.42;52.55
102027.00ms : -0.18;-0.76;0.02;45.90;-104.86;55.05
102047.00ms : -0.16;-0.79;0.01;37.29;-99.30;67.02
102067.00ms : -0.15;-0.92;0.09;28.75;-103.70;60.67
102087.00ms : -0.11;-0.93;0.07;21.79;-118.04;53.28
102107.00ms : -0.16;-0.90;-0.05;16.91;-120.30;52.86
102127.00ms : -0.17;-0.86;-0.09;12.51;-103.15;48.52
102147.00ms : -0.25;-0.83;0.04;11.41;-101.26;42.79
102167.00ms : -0.21;-0.79;0.10;6.77;-122.01;47.49
102187.00ms : -0.11;-0.78;0.11;5.55;-145.69;62.44
102207.00ms : -0.03;-0.87;0.06;-4.64;-177.80;72.02
102227.00ms : -0.02;-0.84;-0.04;-3.97;-202.70;80.32
102247.00ms : -0.05;-0.81;-0.11;-5.00;-212.52;86.00
102267.00ms : 0.00;-0.88;-0.13;-1.59;-217.16;82.82
102287.00ms : -0.04;-0.81;-0.11;5.68;-223.08;75.20
102307.00ms : -0.10;-0.78;-0.15;10.62;-234.31;81.05
102327.00ms : -0.15;-0.79;-0.26;18.37;-238.89;93.87
102347.00ms : -0.09;-0.85;-0.37;14.83;-228.21;99.00
102367.00ms : -0.09;-1.06;-0.41;11.72;-205.38;82.34
102387.00ms : -0.16;-1.14;-0.41;14.59;-200.93;55.79
102407.00ms : -0.17;-1.07;-0.48;17.21;-189.64;37.23
102427.00ms : -0.30;-0.96;-0.50;16.91;-179.69;37.11
102447.00ms : -0.40;-0.93;-0.50;17.82;-173.10;56.09
102467.00ms : -0.36;-1.08;-0.61;16.11;-155.88;68.54
102487.00ms : -0.40;-1.30;-0.73;5.62;-120.30;47.73
102507.00ms : -0.36;-1.34;-0.74;-1.10;-73.36;13.31
102527.00ms : -0.33;-1.20;-0.59;-1.34;-36.50;-11.90
102547.00ms : -0.33;-1.10;-0.45;2.01;-26.00;-21.36
102567.00ms : -0.39;-1.00;-0.43;7.26;-30.64;-17.40
102587.00ms : -0.41;-0.97;-0.44;7.81;-34.48;0.06
102607.00ms : -0.44;-1.08;-0.54;0.73;-33.33;14.83
102627.00ms : -0.45;-1.18;-0.63;-5.80;-17.15;18.31
102647.00ms : -0.43;-1.27;-0.65;-14.10;3.05;10.80
102667.00ms : -0.40;-1.24;-0.65;-23.32;26.43;1.65
102687.00ms : -0.37;-1.22;-0.61;-31.07;47.91;-6.71
102707.00ms : -0.40;-1.17;-0.64;-36.62;67.08;-9.58
102727.00ms : -0.53;-1.12;-0.53;-39.31;100.89;-13.12
102747.00ms : -0.34;-1.02;-0.61;-54.44;144.23;-8.24
102767.00ms : -0.26;-1.19;-0.35;-68.97;152.34;-19.17
102787.00ms : -0.24;-1.20;-0.22;-95.95;119.93;-58.23
102807.00ms : -0.29;-1.03;-0.25;-119.51;86.79;-79.41
102827.00ms : -0.27;-0.65;-0.31;-112.24;80.93;-46.75
102847.00ms : -0.36;-0.55;-0.14;-83.37;90.33;21.79
102867.00ms : -0.19;-0.65;-0.01;-65.06;81.85;68.85
102887.00ms : -0.14;-0.79;0.11;-78.06;57.86;64.88
102907.00ms : -0.05;-0.82;0.02;-90.94;40.95;50.84
102927.00ms : -0.06;-0.98;-0.05;-92.47;45.90;27.77
102947.00ms : 0.02;-0.97;-0.10;-92.83;53.22;3.05
102967.00ms : 0.05;-0.82;0.00;-76.35;68.24;-4.82
102987.00ms : 0.13;-0.71;0.16;-57.92;74.22;-8.30
103007.00ms : 0.15;-0.70;0.29;-41.99;68.79;-22.71
103027.00ms : 0.15;-0.69;0.32;-26.98;50.35;-37.60
103047.00ms : 0.17;-0.71;0.31;-24.05;18.92;-42.42
103067.00ms : 0.23;-0.64;0.27;-23.50;-14.34;-37.90
103087.00ms : 0.30;-0.62;0.29;-23.74;-41.93;-27.71
103107.00ms : 0.25;-0.61;0.34;-23.38;-66.10;-28.20
103127.00ms : 0.10;-0.63;0.31;-16.36;-88.68;-35.95
103147.00ms : 0.01;-0.67;0.18;-7.87;-102.78;-46.33
103167.00ms : 0.02;-0.66;0.15;-3.05;-107.36;-48.77
103187.00ms : -0.05;-0.59;0.20;7.81;-120.12;-41.81
103207.00ms : -0.18;-0.58;0.16;21.85;-130.86;-36.80
103227.00ms : -0.39;-0.65;-0.00;34.18;-126.22;-36.50
103247.00ms : -0.58;-0.72;-0.15;37.41;-105.65;-35.77
103267.00ms : -0.66;-0.78;-0.18;39.92;-79.83;-29.17
103287.00ms : -0.66;-0.80;-0.11;42.60;-59.88;-23.01
103307.00ms : -0.83;-0.72;-0.10;41.26;-49.32;-11.66
103327.00ms : -1.06;-0.77;-0.17;30.33;-34.18;18.19
103347.00ms : -1.05;-0.98;-0.34;0.12;-2.56;37.66
103367.00ms : -0.95;-1.15;-0.26;-11.47;34.73;26.61
103387.00ms : -0.84;-1.15;-0.08;-7.57;58.17;3.11
103407.00ms : -0.70;-0.89;0.02;1.16;54.02;5.62
103427.00ms : -0.63;-0.82;-0.03;-0.55;51.09;27.04
103447.00ms : -0.48;-0.84;-0.03;1.04;48.77;46.26
103467.00ms : -0.46;-0.90;-0.04;-12.08;42.91;51.76
103487.00ms : -0.26;-0.88;-0.06;-18.31;39.98;52.55
103507.00ms : -0.08;-0.82;-0.03;-22.28;42.48;48.71
103527.00ms : 0.05;-0.76;0.07;-24.41;37.23;40.16
103547.00ms : 0.18;-0.70;0.18;-22.28;20.81;26.00
103567.00ms : 0.25;-0.70;0.20;-18.13;-2.44;8.79
103587.00ms : 0.28;-0.68;0.14;-7.81;-15.08;-15.20
103607.00ms : 0.31;-0.61;0.20;3.48;-19.65;-42.18
103627.00ms : 0.19;-0.58;0.29;15.93;-38.15;-62.19
103647.00ms : -0.04;-0.64;0.22;31.98;-64.27;-71.72
103667.00ms : -0.36;-0.73;-0.02;43.70;-71.84;-77.03
103687.00ms : -0.71;-0.71;-0.22;29.48;-58.47;-65.25
103707.00ms : -0.88;-0.89;-0.29;4.15;-29.60;-41.81
103727.00ms : -0.95;-0.93;-0.10;2.75;-8.79;-15.87
103747.00ms : -1.02;-0.96;0.03;1.46;-8.42;-0.55
103767.00ms : -1.01;-0.95;-0.06;-5.62;-3.78;14.65
103787.00ms : -0.90;-0.99;-0.12;-6.29;17.21;31.56
103807.00ms : -0.74;-0.98;-0.07;-5.31;32.96;38.21
103827.00ms : -0.64;-0.88;-0.03;-3.05;43.52;42.66
103847.00ms : -0.51;-0.88;0.01;-1.65;40.47;47.79
103867.00ms : -0.36;-0.82;-0.03;-7.32;33.08;51.64
103887.00ms : -0.22;-0.75;-0.04;-13.06;33.02;58.35
103907.00ms : -0.08;-0.74;-0.01;-19.29;32.23;59.88
103927.00ms : 0.05;-0.74;0.05;-18.62;27.77;50.42
103947.00ms : 0.18;-0.70;0.13;-12.15;17.09;35.52
103967.00ms : 0.27;-0.69;0.18;-7.51;-1.22;13.43
103987.00ms : 0.32;-0.64;0.18;2.08;-15.01;-17.88
104007.00ms : 0.23;-0.62;0.20;14.53;-23.07;-47.55
104027.00ms : 0.04;-0.69;0.21;29.05;-39.06;-69.27
104047.00ms : -0.35;-0.78;0.04;34.18;-52.67;-79.35
104067.00ms : -0.75;-0.84;-0.14;27.77;-52.73;-64.15
104087.00ms : -0.97;-0.95;-0.32;-2.20;-30.27;-26.12
104107.00ms : -1.05;-1.10;-0.24;-7.69;5.92;9.40
104127.00ms : -0.94;-1.14;-0.05;-9.58;18.13;16.78
104147.00ms : -0.77;-0.98;-0.03;-10.07;27.59;26.25
104167.00ms : -0.58;-0.87;-0.02;-7.87;45.65;31.86
104187.00ms : -0.51;-0.81;0.02;-2.26;60.55;34.55
104207.00ms : -0.52;-0.77;-0.05;-2.87;72.63;39.49
104227.00ms : -0.45;-0.84;-0.14;-4.52;97.90;38.51
104247.00ms : -0.27;-0.85;-0.05;-2.50;114.20;35.52
104267.00ms : -0.14;-0.87;0.05;-1.04;111.94;27.34
104287.00ms : -0.01;-0.88;0.05;0.85;100.65;14.89
104307.00ms : -0.02;-0.77;0.02;14.71;108.58;1.65
104327.00ms : -0.02;-0.79;0.13;8.30;110.41;-18.62
104347.00ms : -0.08;-0.85;0.12;1.40;106.93;-42.05
104367.00ms : -0.14;-1.05;0.03;5.43;107.67;-55.42
104387.00ms : -0.10;-1.15;-0.08;7.87;110.35;-73.06
104407.00ms : -0.06;-1.20;-0.17;-7.69;123.23;-97.72
104427.00ms : -0.04;-1.14;-0.18;-25.09;141.72;-117.86
104447.00ms : 0.06;-1.00;-0.08;-36.13;155.09;-134.52
104467.00ms : 0.15;-0.81;0.06;-39.18;160.10;-137.39
104487.00ms : 0.10;-0.51;0.22;-42.97;142.94;-114.26
104507.00ms : -0.08;-0.53;0.24;-49.44;115.84;-79.10
104527.00ms : 0.01;-0.88;0.13;-47.12;99.06;-77.27
104547.00ms : 0.11;-0.84;0.03;-42.36;114.69;-102.66
104567.00ms : 0.04;-0.73;0.15;-50.66;133.91;-136.29
104587.00ms : -0.05;-0.61;0.24;-47.49;125.73;-134.70
104607.00ms : -0.01;-0.71;0.18;-52.55;116.82;-133.24
104627.00ms : 0.01;-0.67;0.20;-56.70;114.01;-128.05
104647.00ms : -0.05;-0.56;0.30;-66.10;101.07;-116.03
104667.00ms : -0.10;-0.54;0.27;-76.97;92.10;-99.91
104687.00ms : -0.03;-0.57;0.28;-85.08;84.41;-86.67
104707.00ms : -0.00;-0.53;0.29;-94.91;77.09;-74.46
104727.00ms : 0.06;-0.47;0.36;-109.68;61.65;-62.38
104747.00ms : 0.03;-0.39;0.45;-127.93;31.43;-41.50
104767.00ms : -0.07;-0.43;0.35;-140.08;11.84;-22.58
104787.00ms : -0.07;-0.46;0.27;-148.50;13.85;-21.42
104807.00ms : -0.04;-0.37;0.32;-149.41;21.18;-25.70
104827.00ms : -0.04;-0.26;0.42;-148.74;13.24;-19.17
104847.00ms : -0.10;-0.23;0.45;-163.33;0.31;-16.72
104867.00ms : -0.11;-0.21;0.42;-171.94;-5.86;-24.90
104887.00ms : -0.14;-0.06;0.41;-170.47;2.14;-33.87
104907.00ms : -0.15;0.11;0.48;-169.01;10.62;-29.17
104927.00ms : -0.12;0.21;0.62;-165.41;4.76;-21.18
104947.00ms : -0.13;0.39;0.67;-152.53;-5.74;-18.31
104967.00ms : -0.26;0.63;0.72;-128.05;2.01;-4.70
104987.00ms : -0.28;0.69;0.87;-92.10;3.42;15.93
105007.00ms : -0.24;0.64;0.92;-41.63;2.01;30.70
105027.00ms : -0.19;0.51;0.93;4.58;-10.56;34.36
105047.00ms : -0.18;0.42;0.80;37.84;-19.10;33.08
105067.00ms : -0.16;0.36;0.71;59.45;-23.01;36.87
105087.00ms : -0.17;0.22;0.59;69.27;-25.51;42.60
105107.00ms : -0.12;0.02;0.47;69.64;-20.63;37.29
105127.00ms : -0.06;-0.21;0.36;61.28;-14.71;17.52
105147.00ms : -0.03;-0.30;0.28;42.97;-6.23;-6.84
105167.00ms : 0.00;-0.28;0.28;18.43;-2.44;-21.97
105187.00ms : -0.01;-0.24;0.29;-10.13;-3.78;-31.56
105207.00ms : -0.03;-0.24;0.29;-37.48;-4.15;-40.34
105227.00ms : -0.07;-0.15;0.30;-59.33;-1.95;-48.71
105247.00ms : -0.13;0.02;0.42;-75.99;-0.18;-48.71
105267.00ms : -0.18;0.23;0.56;-87.04;-11.29;-43.27
105287.00ms : -0.28;0.54;0.64;-89.36;-10.93;-27.53
105307.00ms : -0.34;0.62;0.77;-68.36;-2.75;-8.54
105327.00ms : -0.32;0.70;0.90;-27.34;-1.46;1.46
105347.00ms : -0.33;0.84;1.05;15.38;-21.12;21.67
105367.00ms : -0.31;0.88;1.03;59.88;-54.81;59.27
105387.00ms : -0.34;0.84;0.86;104.98;-68.79;103.09
105407.00ms : -0.36;0.70;0.76;138.18;-80.32;144.29
105427.00ms : -0.28;0.52;0.58;157.41;-95.52;182.86
105447.00ms : -0.25;0.45;0.47;163.02;-103.58;226.20
105467.00ms : -0.25;0.39;0.36;163.27;-105.10;281.19
105487.00ms : -0.11;0.11;0.23;161.50;-96.80;313.35
105507.00ms : -0.02;-0.16;0.26;146.18;-62.93;294.13
105527.00ms : -0.07;-0.07;0.33;140.26;-84.53;309.94
105547.00ms : 0.15;-0.22;0.19;136.72;-96.74;331.54
105567.00ms : 0.27;-0.41;0.11;122.25;-89.90;328.43
105587.00ms : 0.36;-0.53;0.13;120.36;-76.11;309.63
105607.00ms : 0.43;-0.64;0.20;112.85;-77.27;278.87
105627.00ms : 0.48;-0.63;0.23;111.33;-86.98;247.13
105647.00ms : 0.44;-0.57;0.14;109.25;-82.70;204.90
105667.00ms : 0.43;-0.71;0.13;98.51;-96.80;186.89
105687.00ms : 0.50;-1.05;0.02;89.78;-100.10;140.01
105707.00ms : 0.38;-1.08;-0.02;84.66;-95.09;85.45
105727.00ms : 0.06;-1.02;-0.04;81.05;-89.17;49.50
105747.00ms : -0.22;-1.13;-0.13;72.75;-79.10;35.40
105767.00ms : -0.31;-1.35;-0.24;63.78;-62.74;27.04
105787.00ms : -0.39;-1.40;-0.29;41.50;-38.45;21.06
105807.00ms : -0.39;-1.39;-0.27;17.09;-7.32;13.24
105827.00ms : -0.24;-1.30;-0.21;-6.41;21.67;0.49
105847.00ms : -0.09;-1.13;-0.06;-17.88;39.49;-12.57
105867.00ms : 0.05;-0.91;0.08;-21.61;37.78;-23.99
105887.00ms : 0.17;-0.75;0.19;-18.31;24.11;-32.90
105907.00ms : 0.20;-0.65;0.20;-8.79;7.51;-38.94
105927.00ms : 0.20;-0.61;0.18;-1.83;-1.53;-49.99
105947.00ms : 0.13;-0.59;0.21;11.47;-6.04;-60.97
105967.00ms : -0.08;-0.56;0.25;27.04;-22.09;-57.01
105987.00ms : -0.26;-0.64;0.02;40.53;-29.36;-31.19
106007.00ms : -0.44;-0.97;-0.08;39.31;-30.88;-2.01
106027.00ms : -0.59;-1.13;-0.14;20.75;-17.70;8.30
106047.00ms : -0.59;-1.14;-0.19;9.40;0.55;26.18
106067.00ms : -0.44;-1.18;-0.20;-1.77;28.20;40.16
106087.00ms : -0.30;-1.16;-0.11;-13.12;46.69;36.07
106107.00ms : -0.19;-1.11;-0.08;-24.96;58.04;27.40
106127.00ms : -0.08;-1.05;-0.09;-34.61;70.01;11.29
106147.00ms : 0.02;-0.99;-0.03;-46.69;79.65;-8.85
106167.00ms : 0.10;-1.03;-0.05;-58.96;85.51;-33.87
106187.00ms : 0.23;-1.10;-0.05;-73.67;94.42;-75.50
106207.00ms : 0.34;-1.02;-0.01;-79.28;102.72;-127.20
106227.00ms : 0.31;-0.84;0.08;-80.14;105.29;-162.29
106247.00ms : 0.30;-0.80;0.16;-75.20;94.18;-179.44
106267.00ms : 0.24;-0.84;0.13;-81.60;83.44;-199.40
106287.00ms : 0.17;-0.79;0.10;-84.90;79.59;-216.86
106307.00ms : 0.10;-0.67;0.14;-91.98;73.85;-219.18
106327.00ms : 0.08;-0.58;0.17;-99.49;63.29;-213.99
106347.00ms : 0.09;-0.42;0.29;-107.12;54.08;-203.74
106367.00ms : -0.06;-0.31;0.43;-109.07;32.90;-190.37
106387.00ms : -0.36;-0.10;0.53;-101.50;3.05;-159.91
106407.00ms : -0.64;-0.01;0.50;-88.32;-17.27;-114.07
106427.00ms : -0.79;-0.00;0.45;-77.64;-8.91;-70.68
106447.00ms : -0.82;-0.00;0.50;-62.01;8.67;-36.07
106467.00ms : -0.74;-0.03;0.57;-42.42;19.17;-8.67
106487.00ms : -0.60;-0.14;0.57;-26.73;22.71;5.98
106507.00ms : -0.41;-0.27;0.51;-13.43;24.96;8.36
106527.00ms : -0.24;-0.39;0.39;-4.33;33.81;2.20
106547.00ms : -0.11;-0.58;0.38;-5.37;38.45;-23.56
106567.00ms : -0.02;-0.61;0.35;-7.87;44.25;-53.53
106587.00ms : -0.10;-0.44;0.26;-10.62;44.86;-71.96
106607.00ms : -0.08;-0.56;0.28;-32.10;31.86;-97.96
106627.00ms : -0.08;-0.62;0.29;-53.65;20.69;-125.98
106647.00ms : -0.21;-0.49;0.25;-70.19;17.82;-147.77
106667.00ms : -0.29;-0.37;0.31;-86.98;19.17;-156.07
106687.00ms : -0.35;-0.19;0.31;-93.14;23.99;-153.75
106707.00ms : -0.39;-0.00;0.46;-106.81;33.20;-146.55
106727.00ms : -0.43;0.26;0.58;-105.90;21.48;-122.44
106747.00ms : -0.55;0.58;0.69;-91.61;12.63;-80.26
106767.00ms : -0.62;0.81;0.83;-63.05;7.14;-22.58
106787.00ms : -0.57;0.74;0.88;-20.87;-3.85;33.81
106807.00ms : -0.46;0.60;0.80;23.56;-14.53;79.83
106827.00ms : -0.37;0.47;0.72;58.29;-22.58;117.37
106847.00ms : -0.10;0.46;0.44;93.51;-12.08;149.54
106867.00ms : -0.16;0.54;0.53;117.19;-22.89;195.62
106887.00ms : -0.26;0.40;0.58;131.77;-56.27;240.66
106907.00ms : -0.17;0.13;0.41;143.07;-70.31;272.22
106927.00ms : -0.09;-0.06;0.31;158.39;-69.95;288.57
106947.00ms : -0.03;-0.21;0.28;160.16;-72.75;292.42
106967.00ms : 0.03;-0.29;0.22;160.95;-74.83;295.29
106987.00ms : 0.12;-0.47;0.17;165.41;-71.17;294.01
107007.00ms : 0.22;-0.65;0.13;162.84;-68.54;275.76
107027.00ms : 0.25;-0.78;0.10;158.69;-68.73;245.48
107047.00ms : 0.26;-0.87;0.05;151.49;-68.12;215.39
107067.00ms : 0.24;-0.95;-0.02;142.82;-64.64;183.96
107087.00ms : 0.20;-1.10;-0.13;136.54;-50.54;144.90
107107.00ms : 0.19;-1.18;-0.18;128.91;-31.31;98.75
107127.00ms : 0.18;-1.20;-0.19;113.04;-14.34;53.22
107147.00ms : 0.17;-1.17;-0.14;98.75;-6.53;15.14
107167.00ms : 0.06;-1.13;-0.12;81.12;-9.95;-4.27
107187.00ms : -0.01;-1.13;-0.19;69.95;-12.94;-9.09
107207.00ms : -0.09;-1.15;-0.20;53.96;-1.04;-18.98
107227.00ms : -0.16;-1.19;-0.22;33.26;11.54;-33.87
107247.00ms : -0.15;-1.17;-0.19;22.83;17.27;-45.90
107267.00ms : -0.16;-1.03;-0.16;15.50;22.89;-42.91
107287.00ms : -0.12;-0.97;-0.16;10.74;27.22;-31.74
107307.00ms : -0.13;-0.91;-0.12;1.71;29.85;-27.77
107327.00ms : -0.15;-0.89;-0.08;-8.48;25.02;-22.52
107347.00ms : -0.11;-0.89;-0.05;-12.70;15.38;-21.12
107367.00ms : -0.11;-0.91;-0.04;-15.56;6.47;-16.05
107387.00ms : -0.10;-0.91;-0.05;-11.72;1.22;-11.84
107407.00ms : -0.07;-0.90;-0.05;-9.03;1.28;-9.89
107427.00ms : -0.10;-0.92;-0.06;-5.86;3.85;-9.95
107447.00ms : -0.16;-0.96;-0.05;-1.28;5.55;-13.06
107467.00ms : -0.16;-0.95;-0.07;-2.08;8.24;-16.11
107487.00ms : -0.15;-1.01;-0.14;-0.37;19.47;-21.06
107507.00ms : -0.10;-1.06;-0.13;-3.36;34.12;-35.83
107527.00ms : -0.11;-1.06;-0.14;-10.62;48.52;-58.96
107547.00ms : -0.12;-1.08;-0.13;-19.47;61.16;-82.52
107567.00ms : -0.11;-1.08;-0.16;-19.96;75.32;-105.77
107587.00ms : -0.11;-1.04;-0.15;-21.48;88.56;-119.81
107607.00ms : -0.09;-0.98;-0.12;-24.66;99.30;-125.43
107627.00ms : -0.14;-1.06;-0.10;-21.12;106.51;-136.11
107647.00ms : -0.16;-0.99;-0.10;-30.46;110.47;-151.86
107667.00ms : -0.24;-0.88;-0.12;-36.56;116.82;-151.98
107687.00ms : -0.19;-0.84;-0.25;-41.75;160.16;-159.30
107707.00ms : -0.32;-0.68;0.08;-59.08;170.96;-155.27
107727.00ms : -0.43;-0.46;0.21;-70.74;171.39;-128.11
107747.00ms : -0.39;-0.53;0.30;-73.36;153.14;-101.50
107767.00ms : -0.39;-0.55;0.30;-59.39;138.37;-80.02
107787.00ms : -0.37;-0.64;0.33;-43.21;123.72;-68.12
107807.00ms : -0.32;-0.64;0.28;-32.23;111.33;-60.18
107827.00ms : -0.27;-0.69;0.19;-33.87;115.30;-60.00
107847.00ms : -0.23;-0.76;0.15;-31.74;130.62;-69.70
107867.00ms : -0.19;-0.77;0.13;-34.06;156.31;-90.82
107887.00ms : -0.06;-0.80;0.14;-43.27;173.83;-121.46
107907.00ms : 0.03;-0.75;0.16;-52.73;183.72;-152.77
107927.00ms : 0.09;-0.59;0.26;-63.90;176.76;-165.89
107947.00ms : 0.05;-0.48;0.29;-75.87;158.51;-151.61
107967.00ms : 0.01;-0.49;0.34;-88.32;133.97;-131.23
107987.00ms : -0.00;-0.49;0.36;-94.73;112.37;-109.99
108007.00ms : -0.00;-0.51;0.38;-112.61;88.93;-97.17
108027.00ms : 0.05;-0.42;0.34;-131.23;73.06;-88.81
108047.00ms : 0.05;-0.29;0.40;-150.51;60.61;-74.95
108067.00ms : -0.00;-0.15;0.42;-160.03;52.31;-53.59
108087.00ms : -0.03;-0.07;0.48;-161.62;46.45;-28.20
108107.00ms : -0.04;-0.08;0.52;-162.72;35.71;-11.35
108127.00ms : 0.01;-0.09;0.49;-161.13;25.82;1.77
108147.00ms : -0.03;0.00;0.47;-150.02;27.34;10.25
108167.00ms : 0.01;0.08;0.53;-136.78;31.19;11.84
108187.00ms : 0.03;0.14;0.58;-127.93;26.98;9.28
108207.00ms : -0.02;0.19;0.60;-124.88;18.25;7.45
108227.00ms : 0.03;0.18;0.55;-120.30;12.02;3.60
108247.00ms : 0.03;0.18;0.48;-117.86;16.54;-3.91
108267.00ms : 0.04;0.24;0.51;-109.68;21.30;-8.12
108287.00ms : 0.08;0.25;0.51;-97.78;26.55;-19.35
108307.00ms : 0.07;0.36;0.56;-92.96;26.18;-20.32
108327.00ms : 0.05;0.46;0.60;-82.03;18.07;-16.11
108347.00ms : 0.01;0.45;0.59;-65.12;13.43;-14.59
108367.00ms : 0.07;0.64;0.62;-50.48;14.89;-7.81
108387.00ms : 0.05;0.75;0.77;-37.11;6.77;6.35
108407.00ms : 0.05;0.69;0.80;-14.71;-9.34;19.35
108427.00ms : 0.05;0.64;0.75;10.01;-18.98;27.04
108447.00ms : 0.02;0.67;0.74;31.98;-24.60;34.18
108467.00ms : 0.01;0.65;0.73;51.64;-34.67;48.10
108487.00ms : -0.02;0.62;0.66;68.30;-43.82;64.76
108507.00ms : -0.01;0.58;0.63;81.30;-49.01;80.44
108527.00ms : -0.09;0.54;0.62;92.10;-49.68;95.46
108547.00ms : -0.11;0.54;0.66;101.62;-60.49;115.30
108567.00ms : -0.11;0.49;0.64;111.82;-74.52;136.96
108587.00ms : -0.07;0.56;0.62;122.50;-86.85;164.55
108607.00ms : -0.11;0.60;0.55;131.77;-85.57;200.87
108627.00ms : -0.09;0.51;0.61;144.71;-99.43;243.04
108647.00ms : 0.03;0.30;0.47;158.63;-107.91;265.56
108667.00ms : -0.01;0.07;0.38;167.60;-105.96;266.66
108687.00ms : -0.03;-0.06;0.28;172.73;-92.65;255.62
108707.00ms : -0.00;-0.12;0.27;167.85;-84.78;248.35
108727.00ms : -0.01;-0.09;0.25;157.23;-79.35;256.41
108747.00ms : 0.02;-0.22;0.25;140.93;-85.94;267.21
108767.00ms : 0.06;-0.31;0.17;134.83;-83.98;271.79
108787.00ms : 0.12;-0.38;0.19;138.49;-77.15;270.63
108807.00ms : 0.15;-0.50;0.18;138.61;-75.87;262.15
108827.00ms : 0.26;-0.65;0.12;137.08;-70.92;237.12
108847.00ms : 0.30;-0.74;0.10;128.17;-66.04;202.09
108867.00ms : 0.32;-0.80;0.04;118.35;-59.27;162.84
108887.00ms : 0.34;-0.86;0.02;107.85;-53.59;130.43
108907.00ms : 0.34;-0.90;0.00;101.32;-49.44;96.92
108927.00ms : 0.33;-0.91;0.00;93.44;-47.42;66.71
108947.00ms : 0.31;-0.94;0.01;91.00;-52.06;43.64
108967.00ms : 0.21;-0.93;-0.00;93.20;-57.13;24.35
108987.00ms : 0.04;-0.94;-0.08;96.92;-55.18;5.86
109007.00ms : -0.09;-1.03;-0.16;94.24;-48.46;-12.21
109027.00ms : -0.10;-1.05;-0.20;95.52;-38.70;-21.12
109047.00ms : -0.09;-1.01;-0.32;70.80;-21.85;-18.55
109067.00ms : -0.15;-0.98;-0.21;63.48;-1.10;-12.39
109087.00ms : -0.23;-1.07;-0.17;56.40;-7.20;6.04
109107.00ms : -0.25;-1.12;-0.13;47.06;-18.13;16.05
109127.00ms : -0.29;-1.20;-0.18;32.35;-35.16;22.28
109147.00ms : -0.28;-1.32;-0.29;21.67;-30.70;12.70
109167.00ms : -0.19;-1.26;-0.37;4.15;-4.76;-11.90
109187.00ms : -0.20;-1.19;-0.32;-13.37;28.81;-21.18
109207.00ms : -0.19;-1.18;-0.15;-14.65;24.05;-18.68
109227.00ms : -0.19;-1.13;-0.24;-24.66;23.13;-16.42
109247.00ms : -0.21;-1.22;-0.29;-34.61;36.93;-19.53
109267.00ms : -0.30;-1.34;-0.38;-52.67;60.91;-45.72
109287.00ms : -0.22;-1.34;-0.33;-60.91;80.51;-76.23
109307.00ms : -0.05;-1.16;-0.30;-74.89;101.99;-94.06
109327.00ms : 0.01;-1.06;-0.19;-89.48;105.65;-109.44
109347.00ms : 0.06;-0.96;-0.11;-94.24;102.84;-121.70
109367.00ms : 0.16;-0.85;-0.04;-95.58;98.08;-139.47
109387.00ms : 0.24;-0.75;-0.04;-101.81;99.00;-156.86
109407.00ms : 0.30;-0.61;0.03;-101.75;106.32;-170.23
109427.00ms : 0.31;-0.53;0.14;-96.68;106.38;-174.62
109447.00ms : 0.24;-0.56;0.24;-91.19;90.58;-182.98
109467.00ms : -0.00;-0.52;0.23;-77.76;77.15;-165.16
109487.00ms : -0.13;-0.63;0.25;-73.18;63.48;-153.02
109507.00ms : -0.35;-0.49;0.29;-78.74;43.46;-144.47
109527.00ms : -0.40;-0.45;0.31;-72.51;37.66;-130.25
109547.00ms : -0.41;-0.41;0.27;-80.38;42.30;-118.23
109567.00ms : -0.48;-0.36;0.35;-79.04;42.18;-93.20
109587.00ms : -0.46;-0.38;0.39;-73.55;34.48;-70.31
109607.00ms : -0.31;-0.45;0.32;-75.62;30.52;-62.13
109627.00ms : -0.20;-0.44;0.37;-81.24;31.98;-72.02
109647.00ms : -0.27;-0.40;0.42;-84.11;21.48;-77.64
109667.00ms : -0.28;-0.37;0.40;-83.44;13.12;-82.28
109687.00ms : -0.35;-0.30;0.41;-76.17;9.77;-85.21
109707.00ms : -0.42;-0.21;0.45;-72.20;0.92;-76.72
109727.00ms : -0.49;-0.17;0.45;-72.57;-8.06;-63.72
109747.00ms : -0.53;-0.14;0.44;-74.16;-11.84;-50.42
109767.00ms : -0.60;-0.12;0.42;-70.98;-6.04;-39.31
109787.00ms : -0.61;-0.08;0.44;-71.66;11.05;-34.24
109807.00ms : -0.71;-0.13;0.49;-64.03;14.71;-26.92
109827.00ms : -0.54;-0.11;0.47;-60.49;28.44;-20.75
109847.00ms : -0.54;-0.10;0.53;-58.11;29.72;-22.52
109867.00ms : -0.48;-0.05;0.49;-51.82;33.51;-26.61
109887.00ms : -0.44;0.02;0.49;-47.55;32.96;-20.08
109907.00ms : -0.40;0.06;0.51;-46.20;31.07;-13.55
109927.00ms : -0.38;0.10;0.54;-38.02;28.32;-9.22
109947.00ms : -0.40;0.17;0.58;-30.76;24.29;-1.89
109967.00ms : -0.41;0.25;0.57;-16.97;19.71;7.20
109987.00ms : -0.38;0.34;0.63;-2.01;12.02;22.34
110007.00ms : -0.41;0.34;0.71;17.21;1.22;40.04
110027.00ms : -0.38;0.34;0.72;39.12;-5.31;62.87
110047.00ms : -0.33;0.22;0.70;56.46;-11.60;78.55
110067.00ms : -0.38;0.19;0.65;75.01;-20.57;86.67
110087.00ms : -0.36;0.17;0.63;89.17;-26.25;99.06
110107.00ms : -0.38;0.16;0.58;104.98;-34.12;112.43
110127.00ms : -0.38;0.21;0.60;121.52;-36.32;131.71
110147.00ms : -0.31;0.23;0.60;138.79;-55.36;162.66
110167.00ms : -0.15;0.11;0.54;152.95;-78.61;191.28
110187.00ms : -0.00;-0.02;0.40;164.37;-99.85;208.62
110207.00ms : 0.10;-0.11;0.30;170.96;-116.46;220.46
110227.00ms : 0.17;-0.18;0.18;173.95;-129.52;236.08
110247.00ms : 0.21;-0.35;0.10;179.02;-137.76;245.54
110267.00ms : 0.21;-0.52;-0.05;180.18;-136.90;237.73
110287.00ms : 0.18;-0.75;-0.19;166.26;-125.18;210.27
110307.00ms : 0.12;-0.90;-0.28;143.37;-106.51;174.93
110327.00ms : 0.02;-1.01;-0.31;130.25;-93.75;160.28
110347.00ms : -0.00;-1.15;-0.51;107.60;-71.78;152.71
110367.00ms : -0.02;-1.26;-0.41;74.83;-34.42;137.21
110387.00ms : -0.01;-1.38;-0.37;59.88;-5.37;125.37
110407.00ms : -0.04;-1.56;-0.29;50.48;5.98;87.22
110427.00ms : -0.02;-1.53;-0.26;33.75;11.35;37.66
110447.00ms : -0.07;-1.42;-0.23;14.28;10.25;8.06
110467.00ms : -0.12;-1.34;-0.26;0.79;8.79;-3.11
110487.00ms : -0.09;-1.32;-0.27;-10.31;12.21;-9.58
110507.00ms : -0.04;-1.30;-0.29;-22.52;21.85;-27.71
110527.00ms : -0.11;-1.23;-0.24;-33.75;36.01;-52.25
110547.00ms : -0.14;-1.30;-0.27;-47.49;45.04;-81.12
110567.00ms : -0.10;-1.17;-0.36;-69.70;69.52;-99.79
110587.00ms : -0.09;-1.08;-0.28;-87.95;89.60;-101.68
110607.00ms : -0.06;-1.05;-0.20;-106.20;95.64;-104.49
110627.00ms : -0.02;-1.06;-0.15;-119.51;96.01;-123.96
110647.00ms : 0.02;-0.98;-0.16;-134.22;100.95;-150.82
110667.00ms : 0.10;-0.91;-0.15;-144.78;112.79;-176.76
110687.00ms : 0.13;-0.72;-0.08;-151.61;125.92;-195.92
110707.00ms : 0.15;-0.48;0.06;-155.40;132.32;-197.63
110727.00ms : 0.09;-0.30;0.29;-160.22;122.38;-185.42
110747.00ms : 0.04;-0.20;0.44;-151.73;96.31;-164.55
110767.00ms : 0.03;-0.21;0.51;-137.08;71.35;-149.72
110787.00ms : -0.04;-0.23;0.50;-114.75;54.08;-142.64
110807.00ms : -0.11;-0.20;0.49;-99.85;41.14;-133.24
110827.00ms : -0.18;-0.23;0.45;-88.93;33.33;-123.17
110847.00ms : -0.23;-0.23;0.46;-79.41;33.20;-116.64
110867.00ms : -0.28;-0.20;0.47;-75.01;34.30;-115.78
110887.00ms : -0.29;-0.20;0.47;-72.27;41.20;-118.53
110907.00ms : -0.29;-0.13;0.51;-66.28;47.55;-119.38
110927.00ms : -0.29;-0.11;0.56;-57.62;46.39;-113.22
110947.00ms : -0.26;-0.05;0.57;-48.22;38.45;-102.84
110967.00ms : -0.23;0.02;0.59;-42.48;27.95;-80.57
110987.00ms : -0.27;0.04;0.60;-39.79;13.73;-54.26
