153607.00ms : 1.01;0.05;-0.34;7.39;-0.73;3.36
153626.00ms : 0.98;0.05;-0.34;12.21;-0.43;5.31
153646.00ms : 0.98;0.02;-0.33;7.08;2.38;4.27
153666.00ms : 1.00;0.01;-0.34;1.77;2.75;0.79
153686.00ms : 1.03;0.01;-0.33;-2.26;2.32;2.99
153706.00ms : 0.99;0.05;-0.36;-4.27;0.85;0.24
153726.00ms : 0.99;0.05;-0.36;-2.26;0.18;0.98
153746.00ms : 0.99;0.05;-0.36;0.67;0.67;0.24
153766.00ms : 1.00;0.05;-0.35;2.69;0.31;-0.92
153786.00ms : 0.99;0.04;-0.34;2.56;0.06;-0.24
153806.00ms : 1.01;0.02;-0.34;-0.49;0.31;-0.12
153826.00ms : 1.00;0.03;-0.35;-1.83;0.06;-1.83
153846.00ms : 1.00;0.04;-0.34;-2.20;-1.53;-0.61
153866.00ms : 1.00;0.06;-0.35;-1.46;-1.89;-0.79
153886.00ms : 0.99;0.06;-0.34;-1.89;-2.93;0.00
153906.00ms : 1.00;0.05;-0.35;-3.05;-1.89;-0.55
153926.00ms : 0.98;0.06;-0.35;-2.50;-0.73;-1.65
153946.00ms : 0.99;0.05;-0.32;-2.69;0.37;-4.88
153966.00ms : 0.98;0.05;-0.31;-5.07;2.26;-7.93
153986.00ms : 0.99;0.04;-0.34;-9.40;3.54;-7.87
154006.00ms : 0.90;0.02;-0.36;-11.35;2.75;-5.68
154026.00ms : 1.00;0.05;-0.35;-13.73;3.23;-6.65
154046.00ms : 1.00;0.04;-0.37;-11.11;2.75;-6.53
154066.00ms : 0.96;0.02;-0.36;-7.51;4.76;-6.96
154086.00ms : 1.00;0.01;-0.36;-6.65;5.07;-5.55
154106.00ms : 1.01;-0.01;-0.36;-7.14;4.94;-5.98
154126.00ms : 1.00;-0.01;-0.38;-5.07;7.26;-5.62
154146.00ms : 1.01;0.01;-0.38;-5.43;3.97;-3.48
154166.00ms : 0.99;0.04;-0.36;-5.92;4.03;-4.09
154186.00ms : 0.98;0.04;-0.34;-5.13;5.25;-5.37
154206.00ms : 0.99;0.04;-0.34;-6.59;5.98;-6.35
154226.00ms : 0.98;0.05;-0.33;-8.42;7.63;-8.30
154246.00ms : 0.99;0.02;-0.34;-10.62;9.28;-10.19
154266.00ms : 0.98;0.05;-0.36;-15.20;9.64;-12.82
154286.00ms : 1.00;0.05;-0.40;-13.31;9.58;-11.29
154306.00ms : 1.00;0.01;-0.41;-10.44;9.40;-10.74
154326.00ms : 1.00;0.03;-0.40;-8.36;9.46;-12.70
154346.00ms : 1.00;0.03;-0.41;-3.48;9.16;-12.70
154366.00ms : 0.99;-0.01;-0.40;0.31;10.01;-11.60
154386.00ms : 1.00;-0.02;-0.40;0.24;10.13;-12.21
154406.00ms : 1.00;-0.01;-0.39;-1.16;9.95;-14.53
154426.00ms : 0.98;0.00;-0.41;-2.93;10.50;-14.10
154446.00ms : 1.00;-0.03;-0.42;-1.22;10.25;-12.21
154466.00ms : 1.00;-0.08;-0.40;-1.16;11.17;-13.43
154486.00ms : 0.98;-0.05;-0.40;-5.62;11.23;-15.26
154506.00ms : 0.99;-0.01;-0.44;-6.23;11.05;-15.63
154526.00ms : 1.01;-0.02;-0.46;-2.81;11.41;-14.34
154546.00ms : 1.02;-0.08;-0.47;0.67;9.89;-12.33
154566.00ms : 0.99;-0.10;-0.44;0.31;8.73;-12.88
154586.00ms : 0.99;-0.07;-0.44;-0.55;8.67;-14.34
154606.00ms : 1.00;-0.06;-0.45;0.43;9.64;-13.85
154626.00ms : 1.01;-0.11;-0.44;2.01;10.01;-11.60
154646.00ms : 0.98;-0.11;-0.43;-0.85;9.95;-12.94
154666.00ms : 0.99;-0.09;-0.45;-1.95;9.70;-14.47
154686.00ms : 0.98;-0.07;-0.46;-2.08;10.80;-13.85
154706.00ms : 1.00;-0.09;-0.47;-0.12;11.84;-13.49
154726.00ms : 1.00;-0.13;-0.48;1.10;10.44;-11.54
154746.00ms : 0.99;-0.12;-0.47;0.00;10.01;-11.96
154766.00ms : 0.99;-0.08;-0.49;-0.55;9.77;-13.67
154786.00ms : 0.98;-0.11;-0.51;1.53;10.25;-13.00
154806.00ms : 1.00;-0.16;-0.51;2.62;9.40;-10.01
154826.00ms : 1.01;-0.17;-0.51;1.77;8.24;-9.89
154846.00ms : 0.99;-0.14;-0.47;0.73;8.36;-12.63
154866.00ms : 0.98;-0.12;-0.49;-0.43;8.42;-13.12
154886.00ms : 0.98;-0.14;-0.50;-0.31;10.25;-11.72
154906.00ms : 0.99;-0.15;-0.51;-0.85;9.89;-9.70
154926.00ms : 1.00;-0.14;-0.50;-1.65;8.91;-10.93
154946.00ms : 0.98;-0.14;-0.53;-1.28;8.67;-11.96
154966.00ms : 0.98;-0.15;-0.54;1.10;9.64;-10.86
154986.00ms : 1.00;-0.18;-0.53;1.53;9.09;-8.91
155006.00ms : 1.01;-0.18;-0.54;0.00;7.45;-9.70
155026.00ms : 1.00;-0.16;-0.55;-0.73;6.59;-10.99
155046.00ms : 0.98;-0.18;-0.54;0.00;6.77;-9.70
155066.00ms : 0.99;-0.20;-0.56;0.24;6.47;-8.24
155086.00ms : 0.99;-0.19;-0.53;0.67;6.23;-8.00
155106.00ms : 0.98;-0.19;-0.53;0.49;6.10;-8.85
155126.00ms : 0.98;-0.19;-0.53;-0.18;6.84;-9.46
155146.00ms : 0.99;-0.21;-0.54;-0.92;6.84;-8.18
155166.00ms : 0.98;-0.21;-0.54;-1.95;6.10;-7.26
155186.00ms : 0.98;-0.17;-0.54;-2.69;5.49;-7.63
155206.00ms : 0.98;-0.17;-0.55;-1.95;6.23;-8.97
155226.00ms : 0.99;-0.18;-0.57;-0.98;6.16;-8.54
155246.00ms : 0.98;-0.19;-0.57;-0.31;5.68;-7.45
155266.00ms : 0.97;-0.19;-0.56;0.61;5.19;-7.63
155286.00ms : 0.98;-0.20;-0.56;0.85;5.49;-8.36
155306.00ms : 1.00;-0.20;-0.58;0.85;4.76;-8.36
155326.00ms : 0.98;-0.23;-0.59;1.46;4.09;-8.06
155346.00ms : 0.97;-0.22;-0.57;2.14;3.91;-8.12
155366.00ms : 0.98;-0.22;-0.56;1.46;3.91;-7.57
155386.00ms : 0.97;-0.23;-0.54;1.16;4.94;-8.73
155406.00ms : 0.98;-0.22;-0.56;0.06;4.64;-9.03
155426.00ms : 0.97;-0.22;-0.56;0.49;4.52;-8.06
155446.00ms : 0.95;-0.22;-0.55;0.18;5.49;-8.12
155466.00ms : 0.96;-0.21;-0.56;-0.67;6.35;-8.48
155486.00ms : 0.98;-0.21;-0.58;-0.49;6.16;-8.18
155506.00ms : 0.97;-0.23;-0.59;0.49;6.04;-8.42
155526.00ms : 0.95;-0.25;-0.59;0.61;5.80;-8.97
155546.00ms : 0.97;-0.25;-0.60;-0.98;5.49;-8.91
155566.00ms : 0.98;-0.22;-0.61;-0.79;4.09;-8.85
155586.00ms : 0.97;-0.23;-0.62;2.26;3.54;-8.48
155606.00ms : 0.96;-0.26;-0.60;4.15;3.97;-8.91
155626.00ms : 0.96;-0.26;-0.57;2.62;3.42;-9.46
155646.00ms : 0.96;-0.26;-0.56;0.61;4.33;-9.77
155666.00ms : 0.96;-0.26;-0.58;-0.18;4.15;-8.97
155686.00ms : 0.96;-0.26;-0.61;0.79;4.33;-7.75
155706.00ms : 0.95;-0.27;-0.59;1.28;4.70;-8.42
155726.00ms : 0.96;-0.27;-0.60;0.49;4.09;-8.61
155746.00ms : 0.96;-0.26;-0.60;0.31;4.39;-8.12
155766.00ms : 0.95;-0.26;-0.62;1.04;3.91;-7.93
155786.00ms : 0.95;-0.26;-0.62;2.32;3.48;-7.75
155806.00ms : 0.96;-0.28;-0.61;2.56;3.42;-8.91
155826.00ms : 0.95;-0.28;-0.62;1.59;2.75;-8.24
155846.00ms : 0.95;-0.29;-0.61;1.83;3.78;-8.18
155866.00ms : 0.94;-0.29;-0.60;0.98;3.91;-9.22
155886.00ms : 0.95;-0.27;-0.60;0.24;3.85;-10.01
155906.00ms : 0.94;-0.27;-0.62;1.71;4.15;-8.67
155926.00ms : 0.95;-0.31;-0.61;3.36;5.37;-7.63
155946.00ms : 0.95;-0.31;-0.61;1.46;4.52;-9.16
155966.00ms : 0.95;-0.29;-0.63;0.06;3.85;-9.83
155986.00ms : 0.94;-0.28;-0.63;0.92;4.64;-9.83
156006.00ms : 0.95;-0.31;-0.64;2.62;5.25;-8.61
156026.00ms : 0.95;-0.30;-0.62;1.71;3.85;-9.58
156046.00ms : 0.95;-0.29;-0.61;1.22;2.01;-10.13
156066.00ms : 0.95;-0.33;-0.63;2.62;3.23;-11.41
156086.00ms : 0.94;-0.33;-0.65;3.23;4.15;-14.10
156106.00ms : 0.92;-0.35;-0.64;0.79;4.03;-11.78
156126.00ms : 0.94;-0.32;-0.64;-2.26;3.30;-11.35
156146.00ms : 0.93;-0.30;-0.64;-0.79;1.95;-10.50
156166.00ms : 0.93;-0.31;-0.66;2.26;2.08;-10.07
156186.00ms : 0.92;-0.33;-0.66;5.00;2.81;-10.01
156206.00ms : 0.93;-0.34;-0.63;5.92;2.38;-9.89
156226.00ms : 0.94;-0.35;-0.64;5.92;1.04;-9.16
156246.00ms : 0.94;-0.37;-0.66;4.52;0.92;-9.70
156266.00ms : 0.92;-0.38;-0.65;4.58;1.71;-8.97
156286.00ms : 0.92;-0.39;-0.62;3.66;3.23;-9.09
156306.00ms : 0.93;-0.37;-0.64;1.10;1.83;-9.28
156326.00ms : 0.93;-0.37;-0.65;1.28;2.44;-7.63
156346.00ms : 0.94;-0.37;-0.68;2.87;2.32;-6.53
156366.00ms : 0.93;-0.39;-0.68;3.48;1.89;-6.47
156386.00ms : 0.92;-0.38;-0.66;3.30;1.77;-7.57
156406.00ms : 0.91;-0.39;-0.66;2.44;2.56;-6.47
156426.00ms : 0.92;-0.41;-0.68;1.77;3.30;-4.39
156446.00ms : 0.93;-0.41;-0.68;0.61;3.91;-4.21
156466.00ms : 0.92;-0.39;-0.67;-0.49;4.76;-4.94
156486.00ms : 0.91;-0.35;-0.65;-1.10;3.42;-3.54
156506.00ms : 0.92;-0.36;-0.64;-0.55;1.89;-2.87
156526.00ms : 0.93;-0.38;-0.68;0.85;0.00;-2.87
156546.00ms : 0.91;-0.39;-0.67;1.16;0.67;-3.66
156566.00ms : 0.91;-0.39;-0.67;0.18;1.34;-3.48
156586.00ms : 0.91;-0.40;-0.67;-0.43;1.89;-2.20
156606.00ms : 0.92;-0.40;-0.68;-0.98;2.01;-1.28
156626.00ms : 0.92;-0.38;-0.68;-1.16;0.37;-0.98
156646.00ms : 0.91;-0.38;-0.67;-0.43;1.34;-1.40
156666.00ms : 0.92;-0.38;-0.66;-0.24;0.00;-0.49
156686.00ms : 0.93;-0.38;-0.70;-0.18;-1.34;0.12
156706.00ms : 0.91;-0.39;-0.69;0.49;-1.34;-0.61
156726.00ms : 0.93;-0.41;-0.70;-1.34;-1.16;-2.99
156746.00ms : 0.93;-0.40;-0.69;-4.58;-2.69;-1.83
156766.00ms : 0.92;-0.37;-0.71;-5.19;-3.78;-2.14
156786.00ms : 0.91;-0.37;-0.70;-2.50;-4.64;-1.28
156806.00ms : 0.91;-0.38;-0.69;-0.55;-5.25;0.49
156826.00ms : 0.92;-0.37;-0.66;1.59;-5.37;1.16
156846.00ms : 0.91;-0.38;-0.64;3.11;-4.82;0.55
156866.00ms : 0.91;-0.41;-0.63;2.69;-4.70;1.04
156886.00ms : 0.90;-0.41;-0.64;0.92;-5.07;2.81
156906.00ms : 0.90;-0.41;-0.62;-0.37;-3.42;2.75
156926.00ms : 0.93;-0.38;-0.64;-1.89;-4.52;2.81
156946.00ms : 0.90;-0.39;-0.64;-0.79;-3.97;3.66
156966.00ms : 0.92;-0.41;-0.64;-0.67;-1.77;3.91
156986.00ms : 0.93;-0.39;-0.67;-3.78;-3.78;4.64
157006.00ms : 0.91;-0.35;-0.67;-2.75;-4.46;3.60
157026.00ms : 0.91;-0.37;-0.65;0.31;-2.69;3.97
157046.00ms : 0.92;-0.40;-0.64;-0.73;-2.56;5.62
157066.00ms : 0.93;-0.39;-0.63;-3.72;-3.54;4.39
157086.00ms : 0.92;-0.34;-0.66;-4.46;-4.46;3.78
157106.00ms : 0.90;-0.35;-0.67;-2.01;-2.81;4.03
157126.00ms : 0.93;-0.38;-0.68;-0.85;-2.44;5.98
157146.00ms : 0.95;-0.40;-0.66;-2.87;-4.33;5.19
157166.00ms : 0.93;-0.37;-0.67;-4.46;-6.77;4.03
157186.00ms : 0.92;-0.33;-0.68;-3.17;-6.90;3.72
157206.00ms : 0.92;-0.36;-0.66;0.79;-5.43;5.31
157226.00ms : 0.93;-0.40;-0.65;0.31;-6.47;6.77
157246.00ms : 0.94;-0.41;-0.63;-2.26;-8.12;5.92
157266.00ms : 0.93;-0.36;-0.62;-4.46;-8.42;3.78
157286.00ms : 0.93;-0.33;-0.66;-2.20;-8.06;6.35
157306.00ms : 0.92;-0.38;-0.64;1.77;-5.92;8.61
157326.00ms : 0.93;-0.41;-0.61;-0.24;-7.02;8.30
157346.00ms : 0.95;-0.37;-0.62;-5.19;-8.73;7.69
157366.00ms : 0.93;-0.34;-0.63;-5.31;-8.61;7.14
157386.00ms : 0.92;-0.34;-0.63;-2.01;-6.59;9.28
157406.00ms : 0.93;-0.37;-0.62;-1.59;-6.41;10.74
157426.00ms : 0.95;-0.39;-0.61;-4.27;-7.51;10.74
157446.00ms : 0.94;-0.36;-0.60;-6.84;-8.36;9.22
157466.00ms : 0.94;-0.33;-0.61;-7.39;-8.12;8.79
157486.00ms : 0.95;-0.31;-0.65;-5.37;-8.30;11.54
157506.00ms : 0.94;-0.34;-0.62;-2.81;-7.81;12.45
157526.00ms : 0.95;-0.34;-0.60;-4.15;-9.03;10.80
157546.00ms : 0.94;-0.31;-0.59;-7.20;-9.89;9.03
157566.00ms : 0.94;-0.26;-0.62;-7.02;-10.25;9.70
157586.00ms : 0.94;-0.28;-0.62;-2.44;-8.42;10.86
157606.00ms : 0.95;-0.32;-0.62;-0.37;-8.97;11.17
157626.00ms : 0.95;-0.32;-0.58;-2.69;-10.01;9.22
157646.00ms : 0.95;-0.28;-0.56;-5.13;-10.25;7.02
157666.00ms : 0.93;-0.29;-0.54;-4.09;-7.69;7.93
157686.00ms : 0.94;-0.31;-0.54;-5.13;-6.77;7.69
157706.00ms : 0.96;-0.31;-0.58;-7.02;-7.39;8.61
157726.00ms : 0.95;-0.32;-0.56;-7.93;-7.08;8.42
157746.00ms : 0.95;-0.29;-0.54;-10.13;-6.84;6.53
157766.00ms : 0.95;-0.24;-0.57;-10.68;-6.59;5.19
157786.00ms : 0.95;-0.23;-0.60;-8.06;-6.16;6.04
157806.00ms : 0.97;-0.24;-0.61;-3.91;-7.14;7.57
157826.00ms : 0.97;-0.27;-0.59;-1.16;-7.75;6.16
157846.00ms : 0.97;-0.26;-0.58;-2.01;-8.97;4.21
157866.00ms : 0.96;-0.25;-0.57;-1.71;-10.07;3.85
157886.00ms : 0.97;-0.25;-0.58;0.79;-10.44;5.37
157906.00ms : 0.97;-0.28;-0.56;3.78;-9.83;5.31
157926.00ms : 0.95;-0.30;-0.52;2.01;-9.77;3.60
157946.00ms : 0.96;-0.28;-0.52;-2.26;-9.64;2.26
157966.00ms : 0.97;-0.26;-0.56;-3.36;-10.93;4.15
157986.00ms : 0.97;-0.26;-0.54;-0.31;-9.40;4.94
158006.00ms : 0.95;-0.28;-0.50;0.73;-9.22;3.11
158026.00ms : 0.96;-0.28;-0.51;-1.10;-8.54;2.26
158046.00ms : 0.97;-0.28;-0.53;-2.87;-8.54;4.03
158066.00ms : 0.98;-0.25;-0.56;-2.26;-9.09;4.94
158086.00ms : 0.97;-0.25;-0.54;1.59;-9.34;4.64
158106.00ms : 0.96;-0.28;-0.49;2.56;-8.30;3.78
158126.00ms : 0.97;-0.30;-0.49;-0.49;-7.93;3.72
158146.00ms : 0.98;-0.28;-0.51;-4.03;-8.91;3.72
158166.00ms : 0.97;-0.25;-0.54;-3.42;-9.58;4.76
158186.00ms : 0.97;-0.24;-0.54;-0.98;-9.46;5.74
158206.00ms : 0.97;-0.25;-0.51;1.71;-8.79;5.31
158226.00ms : 0.98;-0.28;-0.49;1.16;-8.97;4.64
158246.00ms : 0.98;-0.28;-0.48;-0.73;-9.46;5.55
158266.00ms : 0.98;-0.25;-0.51;-2.32;-10.01;5.98
158286.00ms : 0.97;-0.23;-0.53;0.06;-10.38;6.41
158306.00ms : 0.98;-0.24;-0.51;2.69;-9.77;7.39
158326.00ms : 0.98;-0.27;-0.49;3.23;-9.52;6.47
158346.00ms : 0.98;-0.28;-0.48;2.50;-10.44;7.08
158366.00ms : 0.96;-0.25;-0.46;0.49;-10.44;7.45
158386.00ms : 0.97;-0.24;-0.46;1.22;-9.34;8.67
158406.00ms : 0.99;-0.26;-0.46;0.55;-8.97;8.42
158426.00ms : 0.96;-0.24;-0.43;-2.32;-8.61;6.41
158446.00ms : 0.97;-0.26;-0.47;-4.03;-8.06;7.39
158466.00ms : 0.98;-0.25;-0.46;-5.74;-7.26;8.79
158486.00ms : 0.98;-0.24;-0.48;-6.65;-8.06;8.73
158506.00ms : 1.01;-0.20;-0.51;-7.14;-9.03;8.06
158526.00ms : 1.00;-0.18;-0.52;-3.85;-10.86;7.57
158546.00ms : 0.98;-0.18;-0.52;1.04;-11.66;8.67
158566.00ms : 0.99;-0.20;-0.50;5.98;-12.02;9.83
158586.00ms : 0.99;-0.24;-0.48;7.75;-12.57;10.25
158606.00ms : 1.00;-0.23;-0.45;5.00;-13.92;9.70
158626.00ms : 0.99;-0.19;-0.45;5.19;-15.08;9.70
158646.00ms : 0.97;-0.18;-0.44;7.08;-13.92;9.40
158666.00ms : 0.98;-0.17;-0.43;8.48;-13.12;9.89
158686.00ms : 0.99;-0.21;-0.45;9.28;-13.06;11.41
158706.00ms : 0.98;-0.23;-0.41;7.63;-13.24;11.66
158726.00ms : 0.96;-0.17;-0.39;6.84;-12.82;9.58
158746.00ms : 0.99;-0.14;-0.41;9.22;-11.96;9.58
158766.00ms : 0.98;-0.16;-0.41;11.54;-10.62;10.50
158786.00ms : 0.97;-0.19;-0.39;10.50;-9.70;10.62
158806.00ms : 0.97;-0.16;-0.38;6.47;-9.16;8.36
158826.00ms : 0.99;-0.13;-0.40;4.88;-8.85;7.26
158846.00ms : 0.99;-0.13;-0.43;5.49;-8.73;7.87
158866.00ms : 0.97;-0.17;-0.38;5.68;-7.39;7.81
158886.00ms : 0.98;-0.17;-0.38;3.72;-7.63;7.26
158906.00ms : 1.00;-0.15;-0.39;1.89;-8.24;6.16
158926.00ms : 1.00;-0.15;-0.40;4.03;-8.42;6.77
158946.00ms : 0.98;-0.17;-0.40;5.62;-7.32;7.81
158966.00ms : 0.98;-0.13;-0.39;6.16;-6.41;7.32
158986.00ms : 1.00;-0.13;-0.39;7.87;-5.92;7.20
159006.00ms : 1.00;-0.16;-0.40;6.90;-6.35;7.45
159026.00ms : 1.00;-0.17;-0.41;4.82;-7.87;7.08
159046.00ms : 1.00;-0.15;-0.41;5.43;-9.46;8.12
159066.00ms : 0.99;-0.15;-0.39;6.41;-8.61;8.97
159086.00ms : 0.99;-0.13;-0.38;6.16;-8.12;8.36
159106.00ms : 0.99;-0.10;-0.39;5.98;-8.54;7.69
159126.00ms : 0.99;-0.08;-0.38;7.87;-8.00;7.32
159146.00ms : 0.97;-0.06;-0.37;11.66;-7.20;7.39
159166.00ms : 0.98;-0.09;-0.34;12.33;-5.00;5.62
159186.00ms : 1.00;-0.12;-0.35;9.22;-5.49;4.52
159206.00ms : 0.98;-0.11;-0.37;6.16;-5.98;2.93
159226.00ms : 0.98;-0.05;-0.37;6.77;-5.25;1.95
159246.00ms : 1.00;-0.10;-0.37;8.30;-4.21;2.20
159266.00ms : 1.00;-0.15;-0.36;5.55;-4.46;2.69
159286.00ms : 0.99;-0.15;-0.36;2.38;-5.74;1.77
159306.00ms : 0.99;-0.13;-0.37;-0.24;-4.94;1.10
159326.00ms : 1.01;-0.15;-0.37;-0.61;-5.07;2.44
159346.00ms : 0.99;-0.15;-0.37;-2.69;-5.13;1.59
159366.00ms : 0.99;-0.11;-0.35;-2.14;-5.31;0.85
159386.00ms : 0.97;-0.04;-0.34;-1.53;-3.66;-0.79
159406.00ms : 1.00;-0.05;-0.36;1.46;-2.62;0.37
159426.00ms : 1.00;-0.14;-0.37;2.50;-2.75;2.32
159446.00ms : 0.97;-0.18;-0.34;0.24;-3.11;1.22
159466.00ms : 0.99;-0.13;-0.34;-0.61;-3.23;0.18
159486.00ms : 1.01;-0.12;-0.36;0.06;-3.30;1.65
159506.00ms : 1.01;-0.14;-0.38;0.85;-3.60;4.09
159526.00ms : 0.99;-0.14;-0.36;1.83;-3.48;4.21
159546.00ms : 0.97;-0.12;-0.33;0.31;-2.50;2.32
159566.00ms : 0.99;-0.08;-0.32;-0.55;-1.95;2.69
159586.00ms : 0.99;-0.07;-0.34;0.55;-1.71;2.56
159606.00ms : 0.98;-0.08;-0.36;2.62;-1.04;2.56
159626.00ms : 0.98;-0.11;-0.34;2.69;-0.18;1.95
159646.00ms : 0.99;-0.11;-0.34;1.40;0.24;1.46
159666.00ms : 1.01;-0.14;-0.36;0.67;0.06;1.89
159686.00ms : 1.00;-0.13;-0.37;0.31;-0.18;2.20
159706.00ms : 0.99;-0.10;-0.35;0.43;-0.18;1.53
159726.00ms : 1.00;-0.10;-0.37;0.85;-0.24;1.65
159746.00ms : 1.00;-0.11;-0.36;-0.06;0.00;2.26
159766.00ms : 0.98;-0.10;-0.34;-1.22;0.31;1.34
159786.00ms : 0.99;-0.07;-0.35;0.06;0.43;1.16
159806.00ms : 1.00;-0.11;-0.35;1.10;0.31;2.08
159826.00ms : 1.00;-0.13;-0.36;-1.46;-0.18;2.50
159846.00ms : 0.99;-0.10;-0.36;-2.14;-0.12;1.71
159866.00ms : 0.99;-0.09;-0.36;-1.53;0.55;1.34
159886.00ms : 1.00;-0.08;-0.36;0.18;-0.06;1.71
159906.00ms : 1.00;-0.08;-0.36;1.65;0.12;1.95
159926.00ms : 0.99;-0.10;-0.36;1.95;0.06;0.92
159946.00ms : 1.00;-0.10;-0.37;1.40;0.49;0.61
159966.00ms : 1.00;-0.10;-0.38;0.55;-0.06;1.04
159986.00ms : 1.00;-0.10;-0.36;-1.16;-0.92;0.67
160006.00ms : 1.00;-0.09;-0.37;-2.20;-1.22;0.73
160026.00ms : 0.99;-0.10;-0.37;-2.50;-0.79;0.55
160046.00ms : 0.98;-0.07;-0.36;-2.87;-0.43;-0.85
160066.00ms : 1.00;-0.06;-0.37;-1.04;-0.24;-1.10
160086.00ms : 1.00;-0.08;-0.36;0.92;-0.43;-0.73
160106.00ms : 0.99;-0.10;-0.37;1.34;-0.24;-0.73
160126.00ms : 0.99;-0.10;-0.36;0.55;0.00;-1.16
160146.00ms : 1.01;-0.10;-0.36;0.43;-0.06;-1.53
160166.00ms : 1.00;-0.10;-0.38;1.22;-0.12;-0.73
160186.00ms : 1.00;-0.13;-0.37;1.77;-0.73;-0.18
160206.00ms : 0.99;-0.13;-0.37;0.67;-0.79;-0.06
160226.00ms : 0.99;-0.11;-0.36;-1.34;-0.85;-0.92
160246.00ms : 1.00;-0.07;-0.37;-1.59;-0.61;-0.98
160266.00ms : 1.01;-0.09;-0.38;1.28;-0.73;0.18
160286.00ms : 1.00;-0.13;-0.36;0.12;-0.67;0.24
160306.00ms : 0.99;-0.11;-0.36;-2.44;-1.28;-1.40
160326.00ms : 1.00;-0.09;-0.37;-2.32;-0.98;-0.85
160346.00ms : 1.00;-0.10;-0.37;-0.31;-1.04;0.06
160366.00ms : 0.99;-0.11;-0.36;-0.92;-0.85;-0.18
160386.00ms : 1.00;-0.09;-0.36;-1.10;-1.34;-0.67
160406.00ms : 1.00;-0.08;-0.37;-0.55;-0.92;-0.61
160426.00ms : 1.00;-0.11;-0.37;-0.67;-1.28;0.00
160446.00ms : 0.99;-0.12;-0.36;-1.71;-1.46;-0.24
160466.00ms : 0.99;-0.10;-0.36;-2.62;-1.59;-0.79
160486.00ms : 1.00;-0.08;-0.37;-2.01;-1.77;-0.98
160506.00ms : 0.99;-0.10;-0.37;-2.32;-1.22;-0.12
160526.00ms : 1.00;-0.11;-0.37;-2.56;-1.53;-1.10
160546.00ms : 0.98;-0.09;-0.35;-2.32;-0.67;-1.95
160566.00ms : 1.00;-0.08;-0.38;-1.34;-0.85;-0.98
160586.00ms : 1.00;-0.11;-0.38;0.31;-1.16;0.31
160606.00ms : 0.99;-0.14;-0.37;0.06;-0.92;-0.31
160626.00ms : 0.99;-0.11;-0.36;-1.65;-1.04;-1.34
160646.00ms : 1.00;-0.10;-0.37;-2.44;-0.98;-0.79
160666.00ms : 1.00;-0.10;-0.36;-2.44;-1.22;-0.55
160686.00ms : 0.99;-0.10;-0.36;-1.89;-1.34;-0.67
160706.00ms : 0.99;-0.10;-0.36;-0.85;-0.98;-0.73
160726.00ms : 0.99;-0.10;-0.36;-0.79;-0.92;-0.79
160746.00ms : 1.00;-0.10;-0.36;-2.01;-1.22;-0.73
160766.00ms : 1.00;-0.10;-0.37;-1.53;-1.53;-0.31
160786.00ms : 1.00;-0.12;-0.36;-0.12;-0.98;-0.43
160806.00ms : 0.99;-0.12;-0.36;-1.40;-1.46;-0.73
160826.00ms : 0.99;-0.09;-0.36;-2.69;-1.10;-1.22
160846.00ms : 1.00;-0.08;-0.37;-1.83;-1.10;-0.67
160866.00ms : 1.00;-0.11;-0.36;-1.59;-1.77;-0.12
160886.00ms : 0.99;-0.11;-0.35;-2.50;-1.28;-1.10
160906.00ms : 1.00;-0.10;-0.36;-2.62;-1.65;-1.53
160926.00ms : 0.99;-0.09;-0.36;-2.20;-1.16;-1.34
160946.00ms : 0.99;-0.08;-0.36;-1.40;-1.10;-1.71
160966.00ms : 0.99;-0.09;-0.36;-1.71;-0.61;-1.71
160986.00ms : 0.99;-0.09;-0.34;-2.32;-0.67;-2.38
161006.00ms : 0.98;-0.09;-0.35;-3.36;0.06;-3.72
161026.00ms : 0.99;-0.09;-0.36;-3.42;0.37;-3.30
161046.00ms : 1.00;-0.11;-0.36;-4.15;0.98;-3.17
161066.00ms : 0.98;-0.11;-0.35;-6.59;1.40;-4.58
161086.00ms : 0.98;-0.10;-0.34;-8.48;1.89;-6.16
161106.00ms : 0.99;-0.08;-0.37;-8.61;2.08;-6.77
161126.00ms : 1.00;-0.13;-0.35;-7.87;2.08;-6.23
161146.00ms : 0.98;-0.13;-0.35;-9.52;2.38;-6.90
161166.00ms : 1.00;-0.09;-0.37;-8.24;2.81;-7.32
161186.00ms : 1.01;-0.11;-0.38;-3.78;3.23;-6.84
161206.00ms : 0.99;-0.14;-0.38;-1.34;3.30;-6.23
161226.00ms : 0.99;-0.15;-0.37;-0.73;2.81;-5.19
161246.00ms : 0.99;-0.13;-0.38;-1.22;3.30;-6.53
161266.00ms : 1.00;-0.12;-0.38;-0.43;3.30;-5.80
161286.00ms : 0.96;-0.13;-0.33;-2.14;4.88;-6.53
161306.00ms : 0.97;-0.08;-0.32;-5.68;5.80;-8.61
161326.00ms : 1.00;-0.07;-0.38;-3.91;5.62;-9.52
161346.00ms : 0.99;-0.12;-0.39;-1.16;5.98;-8.73
161366.00ms : 0.97;-0.16;-0.35;-1.77;7.20;-9.77
161386.00ms : 0.98;-0.15;-0.35;-4.94;7.08;-10.74
161406.00ms : 0.99;-0.13;-0.40;-6.96;7.75;-11.05
161426.00ms : 1.01;-0.13;-0.43;-4.33;6.96;-10.01
161446.00ms : 0.98;-0.19;-0.39;-2.69;7.26;-9.28
161466.00ms : 0.97;-0.16;-0.36;-5.25;8.06;-11.54
161486.00ms : 1.00;-0.12;-0.41;-3.85;7.14;-12.02
161506.00ms : 1.00;-0.17;-0.44;0.67;7.63;-10.31
161526.00ms : 0.98;-0.21;-0.40;1.10;7.20;-8.61
161546.00ms : 0.98;-0.14;-0.39;-2.75;6.90;-11.47
161566.00ms : 1.01;-0.14;-0.44;0.24;6.47;-10.62
161586.00ms : 1.03;-0.28;-0.48;3.36;4.70;-6.53
161606.00ms : 1.01;-0.31;-0.49;3.42;0.85;-3.85
161626.00ms : 0.97;-0.17;-0.41;4.15;-1.28;-4.58
161646.00ms : 0.98;-0.16;-0.39;9.52;2.26;-4.70
161666.00ms : 0.99;-0.26;-0.39;8.42;3.17;-2.50
161686.00ms : 1.00;-0.26;-0.43;-0.31;1.77;-2.26
161706.00ms : 0.97;-0.22;-0.43;-4.09;1.83;-4.58
161726.00ms : 0.97;-0.15;-0.42;-4.33;2.75;-4.46
161746.00ms : 0.97;-0.13;-0.41;-0.85;4.94;-5.25
161766.00ms : 0.98;-0.18;-0.41;2.87;5.55;-4.58
161786.00ms : 0.97;-0.19;-0.40;1.34;5.74;-4.76
161806.00ms : 0.98;-0.17;-0.42;-0.55;5.92;-5.92
161826.00ms : 0.98;-0.19;-0.42;-1.95;7.45;-7.14
161846.00ms : 0.98;-0.22;-0.42;-3.66;7.81;-6.84
161866.00ms : 0.96;-0.24;-0.41;-7.08;8.06;-6.90
161886.00ms : 0.99;-0.21;-0.44;-9.28;7.51;-7.08
161906.00ms : 0.99;-0.17;-0.44;-7.87;8.24;-8.12
161926.00ms : 0.99;-0.19;-0.46;-4.94;8.79;-8.54
161946.00ms : 0.97;-0.23;-0.46;-3.78;9.22;-8.00
161966.00ms : 0.97;-0.22;-0.46;-4.88;8.73;-8.18
161986.00ms : 0.98;-0.19;-0.45;-3.42;8.54;-8.73
162006.00ms : 0.98;-0.21;-0.45;-2.75;9.52;-8.67
162026.00ms : 0.97;-0.23;-0.47;-3.17;9.83;-8.91
162046.00ms : 0.97;-0.23;-0.45;-4.03;9.28;-8.79
162066.00ms : 0.98;-0.24;-0.49;-4.03;8.54;-8.61
162086.00ms : 0.98;-0.24;-0.47;-2.20;9.22;-8.91
162106.00ms : 0.98;-0.24;-0.49;-1.53;8.18;-8.73
162126.00ms : 0.97;-0.25;-0.49;-0.92;8.54;-8.91
162146.00ms : 0.98;-0.25;-0.50;-1.46;7.14;-8.12
162166.00ms : 0.98;-0.27;-0.50;0.18;7.20;-7.02
162186.00ms : 0.97;-0.26;-0.48;0.49;6.71;-7.39
162206.00ms : 0.96;-0.25;-0.46;0.92;7.75;-9.34
162226.00ms : 0.96;-0.29;-0.48;0.31;8.24;-7.08
162246.00ms : 0.97;-0.31;-0.47;-2.26;8.00;-4.82
162266.00ms : 0.98;-0.25;-0.49;-5.80;6.71;-5.92
162286.00ms : 0.96;-0.22;-0.50;-3.54;8.00;-9.28
162306.00ms : 0.96;-0.26;-0.54;-1.40;8.48;-8.97
162326.00ms : 0.97;-0.32;-0.53;-0.37;8.61;-5.86
162346.00ms : 0.98;-0.28;-0.50;-2.87;6.35;-6.59
162366.00ms : 0.96;-0.22;-0.50;-2.56;6.59;-9.77
162386.00ms : 0.96;-0.24;-0.50;1.22;7.63;-8.42
162406.00ms : 0.97;-0.32;-0.54;2.69;8.12;-5.74
162426.00ms : 0.96;-0.31;-0.50;0.49;7.26;-5.74
162446.00ms : 0.96;-0.26;-0.50;-2.75;5.74;-8.79
162466.00ms : 0.96;-0.25;-0.53;-2.26;6.90;-9.09
162486.00ms : 0.96;-0.29;-0.54;0.55;8.24;-6.77
162506.00ms : 0.97;-0.30;-0.55;0.31;7.14;-6.59
162526.00ms : 0.95;-0.27;-0.52;0.00;6.23;-8.79
162546.00ms : 0.93;-0.28;-0.51;-0.06;7.08;-10.19
162566.00ms : 0.96;-0.31;-0.53;0.00;8.54;-9.16
162586.00ms : 0.97;-0.31;-0.55;-0.55;7.51;-7.63
162606.00ms : 0.94;-0.30;-0.54;0.61;7.14;-9.28
162626.00ms : 0.95;-0.29;-0.56;0.55;6.96;-10.56
162646.00ms : 0.94;-0.32;-0.56;2.14;7.51;-10.19
162666.00ms : 0.94;-0.34;-0.55;2.01;8.24;-9.46
162686.00ms : 0.95;-0.34;-0.57;0.79;7.02;-8.97
162706.00ms : 0.96;-0.34;-0.55;0.92;6.47;-8.61
162726.00ms : 0.94;-0.34;-0.55;0.61;6.47;-10.31
162746.00ms : 0.93;-0.34;-0.54;1.16;8.54;-10.68
162766.00ms : 0.94;-0.35;-0.55;0.24;8.85;-9.40
162786.00ms : 0.95;-0.33;-0.59;0.12;7.51;-8.79
162806.00ms : 0.94;-0.30;-0.58;2.01;2.87;-6.90
162826.00ms : 0.95;-0.34;-0.61;4.82;2.62;-7.57
162846.00ms : 0.92;-0.36;-0.57;4.70;5.55;-10.13
162866.00ms : 0.94;-0.36;-0.59;2.08;6.59;-10.38
162886.00ms : 0.94;-0.37;-0.59;2.32;6.65;-8.97
162906.00ms : 0.91;-0.38;-0.59;2.99;6.90;-7.81
162926.00ms : 0.92;-0.41;-0.57;2.75;9.46;-7.26
162946.00ms : 0.96;-0.40;-0.57;-2.01;8.97;-7.69
162966.00ms : 0.96;-0.36;-0.61;-3.85;6.47;-8.54
162986.00ms : 0.92;-0.32;-0.61;-0.61;4.03;-7.81
163006.00ms : 0.93;-0.35;-0.62;3.85;2.87;-5.68
163026.00ms : 0.94;-0.38;-0.60;4.46;3.42;-8.00
163046.00ms : 0.93;-0.38;-0.62;2.62;4.21;-9.58
163066.00ms : 0.93;-0.37;-0.62;3.97;4.70;-6.53
163086.00ms : 0.91;-0.39;-0.59;5.80;4.82;-6.04
163106.00ms : 0.92;-0.39;-0.60;3.72;3.85;-7.08
163126.00ms : 0.93;-0.38;-0.60;1.34;1.89;-6.84
163146.00ms : 0.91;-0.39;-0.62;1.04;2.69;-8.24
163166.00ms : 0.93;-0.39;-0.64;1.59;1.46;-6.41
163186.00ms : 0.93;-0.39;-0.62;1.46;0.73;-7.63
163206.00ms : 0.92;-0.37;-0.62;0.43;-2.14;-10.01
163226.00ms : 0.91;-0.40;-0.64;2.93;0.24;-9.03
163246.00ms : 0.90;-0.44;-0.62;4.27;0.98;-5.92
163266.00ms : 0.91;-0.45;-0.61;2.20;1.95;-4.88
163286.00ms : 0.92;-0.41;-0.60;0.24;1.46;-4.39
163306.00ms : 0.93;-0.38;-0.63;0.12;2.08;-5.13
163326.00ms : 0.90;-0.41;-0.65;2.99;0.79;-3.11
163346.00ms : 0.90;-0.44;-0.65;4.33;2.87;-0.61
163366.00ms : 0.95;-0.43;-0.63;2.01;1.40;-0.55
163386.00ms : 0.92;-0.41;-0.60;0.92;0.43;-3.48
163406.00ms : 0.88;-0.43;-0.62;0.85;2.20;-2.44
163426.00ms : 0.90;-0.45;-0.64;-0.92;3.60;0.12
163446.00ms : 0.93;-0.42;-0.63;-1.34;2.87;0.31
163466.00ms : 0.92;-0.40;-0.61;-0.49;2.20;-1.22
163486.00ms : 0.90;-0.40;-0.63;-0.85;2.14;-1.83
163506.00ms : 0.90;-0.43;-0.65;0.00;3.11;0.43
163526.00ms : 0.92;-0.43;-0.66;-0.24;1.89;1.34
163546.00ms : 0.92;-0.40;-0.65;-0.61;0.00;0.43
163566.00ms : 0.90;-0.39;-0.62;-0.49;1.46;-1.59
163586.00ms : 0.91;-0.40;-0.66;0.06;0.92;1.10
163606.00ms : 0.91;-0.44;-0.68;1.10;1.71;2.56
163626.00ms : 0.92;-0.44;-0.68;1.77;2.14;1.34
163646.00ms : 0.90;-0.42;-0.67;1.22;3.85;1.53
163666.00ms : 0.90;-0.41;-0.66;1.71;5.98;3.54
163686.00ms : 0.92;-0.42;-0.66;1.46;5.00;5.31
163706.00ms : 0.94;-0.42;-0.64;1.28;0.31;4.88
163726.00ms : 0.92;-0.39;-0.61;0.79;-2.20;2.50
163746.00ms : 0.91;-0.40;-0.63;0.73;0.24;2.26
163766.00ms : 0.92;-0.43;-0.63;1.40;0.67;3.05
163786.00ms : 0.92;-0.44;-0.63;-1.28;-2.81;5.25
163806.00ms : 0.91;-0.41;-0.64;-3.48;-4.76;5.13
163826.00ms : 0.91;-0.41;-0.65;-4.15;-3.54;5.62
163846.00ms : 0.92;-0.40;-0.66;-3.78;-4.21;8.18
163866.00ms : 0.92;-0.42;-0.64;-2.69;-4.52;8.73
163886.00ms : 0.93;-0.40;-0.63;-3.91;-6.35;7.87
163906.00ms : 0.91;-0.38;-0.62;-3.72;-6.41;8.24
163926.00ms : 0.91;-0.40;-0.65;-2.62;-4.33;9.64
163946.00ms : 0.93;-0.42;-0.64;-3.23;-4.64;11.96
163966.00ms : 0.95;-0.42;-0.65;-4.64;-6.71;11.23
163986.00ms : 0.93;-0.39;-0.64;-5.31;-8.00;10.25
164006.00ms : 0.91;-0.36;-0.63;-4.58;-6.65;10.80
164026.00ms : 0.93;-0.38;-0.65;-2.14;-6.35;14.04
164046.00ms : 0.95;-0.40;-0.65;0.43;-7.39;15.20
164066.00ms : 0.94;-0.39;-0.63;-0.37;-9.95;13.73
164086.00ms : 0.93;-0.37;-0.62;-1.40;-10.38;13.06
164106.00ms : 0.93;-0.37;-0.61;-1.28;-9.16;14.16
164126.00ms : 0.94;-0.36;-0.62;-1.65;-9.03;16.91
164146.00ms : 0.95;-0.36;-0.61;-2.32;-10.56;16.72
164166.00ms : 0.94;-0.34;-0.61;-3.42;-12.15;14.71
164186.00ms : 0.93;-0.31;-0.61;-3.42;-11.60;14.65
164206.00ms : 0.94;-0.32;-0.61;-1.71;-10.38;15.87
164226.00ms : 0.96;-0.32;-0.59;-1.34;-10.99;17.09
164246.00ms : 0.96;-0.30;-0.59;-2.56;-12.70;14.53
164266.00ms : 0.94;-0.28;-0.60;-2.81;-13.06;13.43
164286.00ms : 0.95;-0.28;-0.61;-0.18;-12.08;15.01
164306.00ms : 0.95;-0.30;-0.58;2.20;-12.33;15.75
164326.00ms : 0.95;-0.30;-0.56;0.98;-13.43;14.10
164346.00ms : 0.95;-0.27;-0.57;-1.28;-13.61;12.94
164366.00ms : 0.96;-0.25;-0.60;-0.06;-13.24;13.67
164386.00ms : 0.97;-0.28;-0.59;3.30;-13.37;15.32
164406.00ms : 0.96;-0.33;-0.56;3.30;-13.55;15.50
164426.00ms : 0.97;-0.31;-0.54;-0.73;-14.83;14.16
164446.00ms : 0.97;-0.26;-0.55;-3.54;-15.08;12.70
164466.00ms : 0.96;-0.25;-0.56;-2.14;-15.32;14.34
164486.00ms : 0.97;-0.25;-0.57;1.04;-14.95;16.42
164506.00ms : 0.97;-0.25;-0.54;3.05;-15.38;16.48
164526.00ms : 0.95;-0.26;-0.48;2.93;-14.40;15.26
164546.00ms : 0.96;-0.25;-0.50;1.04;-13.55;14.95
164566.00ms : 0.98;-0.24;-0.51;0.06;-12.88;15.50
164586.00ms : 0.98;-0.23;-0.53;0.37;-13.98;16.60
164606.00ms : 0.96;-0.20;-0.50;1.16;-14.04;16.17
164626.00ms : 0.98;-0.20;-0.48;2.50;-14.95;15.87
164646.00ms : 0.98;-0.19;-0.50;2.01;-13.67;14.22
164666.00ms : 0.98;-0.19;-0.49;1.71;-12.76;14.47
164686.00ms : 0.98;-0.19;-0.51;1.59;-13.12;14.40
164706.00ms : 0.97;-0.17;-0.51;1.65;-13.31;13.37
164726.00ms : 0.98;-0.16;-0.52;2.56;-13.85;12.94
164746.00ms : 0.99;-0.18;-0.50;5.07;-14.40;13.67
164766.00ms : 0.98;-0.19;-0.47;6.84;-13.49;13.12
164786.00ms : 0.97;-0.17;-0.46;5.74;-13.24;11.17
164806.00ms : 0.97;-0.15;-0.43;5.00;-12.15;10.01
164826.00ms : 0.97;-0.15;-0.45;4.15;-10.93;10.19
164846.00ms : 0.99;-0.14;-0.45;3.78;-10.25;10.80
164866.00ms : 0.98;-0.15;-0.45;4.82;-10.38;10.56
164886.00ms : 0.98;-0.17;-0.44;5.00;-9.34;10.25
164906.00ms : 0.99;-0.18;-0.45;3.11;-9.70;10.19
164926.00ms : 0.99;-0.14;-0.45;0.79;-10.01;8.85
164946.00ms : 0.99;-0.08;-0.47;2.08;-9.83;8.48
164966.00ms : 0.99;-0.09;-0.46;7.14;-9.28;9.58
164986.00ms : 0.98;-0.16;-0.41;8.61;-8.00;9.52
165006.00ms : 0.97;-0.16;-0.41;4.27;-7.45;7.63
165026.00ms : 0.99;-0.11;-0.42;-1.16;-7.14;4.27
165046.00ms : 1.02;-0.07;-0.48;0.79;-8.30;5.37
165066.00ms : 0.98;-0.15;-0.43;4.94;-6.59;6.71
165086.00ms : 0.97;-0.15;-0.40;2.56;-6.77;5.55
165106.00ms : 0.99;-0.11;-0.42;2.20;-6.71;4.64
165126.00ms : 1.01;-0.12;-0.44;3.17;-6.47;6.04
165146.00ms : 0.99;-0.12;-0.42;3.78;-6.47;5.55
165166.00ms : 0.97;-0.07;-0.42;3.91;-6.23;4.09
165186.00ms : 0.98;-0.09;-0.42;5.37;-5.62;3.78
165206.00ms : 1.03;-0.19;-0.44;4.58;-6.04;7.08
165226.00ms : 1.02;-0.23;-0.42;-1.83;-7.39;7.51
165246.00ms : 0.98;-0.13;-0.42;-7.26;-8.79;4.52
165266.00ms : 0.98;0.01;-0.44;-3.91;-8.54;4.21
165286.00ms : 1.01;-0.04;-0.45;4.94;-7.45;7.57
165306.00ms : 0.99;-0.15;-0.39;4.52;-6.16;7.14
165326.00ms : 0.99;-0.13;-0.38;0.31;-6.65;4.27
165346.00ms : 0.98;-0.05;-0.39;-1.28;-5.98;-0.73
165366.00ms : 1.01;-0.04;-0.44;0.73;-6.59;1.22
165386.00ms : 0.99;-0.11;-0.42;2.38;-6.59;4.03
165406.00ms : 0.98;-0.11;-0.41;3.85;-6.29;4.09
165426.00ms : 1.00;-0.08;-0.38;6.77;-6.10;2.20
165446.00ms : 1.01;-0.07;-0.39;10.93;-5.55;2.93
165466.00ms : 0.99;-0.16;-0.40;10.25;-4.52;5.00
165486.00ms : 0.98;-0.16;-0.37;3.30;-5.37;4.03
165506.00ms : 0.99;-0.04;-0.38;-0.06;-5.31;1.77
165526.00ms : 1.00;-0.03;-0.39;2.56;-4.27;1.77
165546.00ms : 1.00;-0.11;-0.38;4.88;-3.23;3.36
165566.00ms : 1.00;-0.16;-0.39;0.43;-3.48;1.71
165586.00ms : 1.00;-0.09;-0.39;-1.10;-4.46;0.31
165606.00ms : 0.99;-0.04;-0.39;0.73;-3.30;0.00
165626.00ms : 0.99;-0.04;-0.39;3.72;-2.44;1.53
165646.00ms : 1.00;-0.10;-0.39;5.00;-2.50;1.77
165666.00ms : 1.01;-0.12;-0.39;4.52;-2.26;1.22
165686.00ms : 0.98;-0.12;-0.37;2.01;-2.14;-0.85
165706.00ms : 1.00;-0.06;-0.40;-0.67;-2.26;-1.34
165726.00ms : 1.02;-0.07;-0.42;2.56;-2.38;0.67
165746.00ms : 1.00;-0.13;-0.40;4.33;-2.01;2.87
165766.00ms : 0.99;-0.13;-0.39;3.11;-2.87;2.81
165786.00ms : 1.00;-0.12;-0.38;1.77;-2.62;0.92
165806.00ms : 1.01;-0.08;-0.40;-0.24;-2.81;1.10
165826.00ms : 1.00;-0.08;-0.39;0.18;-3.11;2.44
165846.00ms : 0.98;-0.08;-0.38;-0.18;-2.99;3.05
165866.00ms : 0.98;-0.09;-0.36;-1.65;-2.20;1.28
165886.00ms : 0.99;-0.04;-0.37;-2.50;-1.95;0.61
165906.00ms : 1.00;-0.05;-0.39;-0.18;-1.59;0.49
165926.00ms : 0.98;-0.06;-0.37;0.12;-1.16;-0.31
165946.00ms : 0.99;-0.07;-0.38;0.00;-0.49;-0.67
165966.00ms : 1.00;-0.10;-0.38;0.55;-0.49;-0.31
165986.00ms : 0.99;-0.15;-0.37;-1.59;-0.31;-0.31
166006.00ms : 1.00;-0.11;-0.37;-4.76;-0.92;-1.77
166026.00ms : 1.01;-0.11;-0.40;-4.09;-1.22;-1.34
166046.00ms : 1.00;-0.11;-0.40;-3.72;-1.46;0.98
166066.00ms : 1.00;-0.09;-0.41;-2.32;-1.77;2.26
166086.00ms : 1.00;-0.09;-0.40;-0.49;-1.77;2.87
166106.00ms : 1.00;-0.08;-0.40;-0.12;-1.95;2.26
166126.00ms : 1.00;-0.05;-0.39;1.22;-1.71;2.01
166146.00ms : 1.00;-0.05;-0.39;3.91;-1.71;1.89
166166.00ms : 0.99;-0.06;-0.39;3.66;-1.53;1.53
166186.00ms : 0.99;-0.08;-0.38;2.50;-1.16;1.16
166206.00ms : 1.00;-0.06;-0.39;1.89;-0.98;0.55
166226.00ms : 1.00;-0.08;-0.39;3.42;-1.40;1.04
166246.00ms : 0.99;-0.12;-0.38;2.32;-0.73;1.10
166266.00ms : 1.01;-0.10;-0.38;-0.55;-1.40;0.37
166286.00ms : 0.99;-0.08;-0.38;-0.31;-1.10;-0.18
166306.00ms : 0.99;-0.08;-0.38;0.37;-0.43;0.18
166326.00ms : 1.00;-0.07;-0.38;1.59;-0.55;0.31
166346.00ms : 1.00;-0.09;-0.38;1.59;-0.12;-0.06
166366.00ms : 1.01;-0.10;-0.39;1.46;-0.31;0.55
166386.00ms : 1.00;-0.10;-0.38;0.79;-0.43;0.67
166406.00ms : 0.99;-0.08;-0.37;-2.20;-0.43;0.06
166426.00ms : 1.00;-0.03;-0.38;-1.83;-0.43;-0.37
166446.00ms : 1.00;-0.06;-0.39;1.53;0.31;-0.12
166466.00ms : 0.99;-0.10;-0.38;1.89;0.18;0.49
166486.00ms : 0.99;-0.09;-0.38;-0.06;-0.06;-0.49
166506.00ms : 1.00;-0.07;-0.39;-0.43;0.18;-0.92
166526.00ms : 1.00;-0.08;-0.39;0.55;0.00;-0.43
166546.00ms : 0.99;-0.10;-0.39;-0.24;0.18;-0.18
166566.00ms : 1.01;-0.10;-0.39;-1.22;-0.18;-0.37
166586.00ms : 1.00;-0.09;-0.40;-1.77;-0.73;-0.55
166606.00ms : 1.00;-0.08;-0.39;-1.59;-0.67;-0.24
166626.00ms : 1.00;-0.09;-0.40;-1.53;-0.67;0.18
166646.00ms : 1.00;-0.08;-0.39;-2.50;-1.10;-0.85
166666.00ms : 1.00;-0.06;-0.40;-1.53;-1.10;-0.06
166686.00ms : 0.99;-0.07;-0.39;-0.06;-0.79;-0.43
166706.00ms : 1.00;-0.07;-0.38;0.67;-0.79;-1.10
166726.00ms : 1.00;-0.07;-0.38;1.34;-0.49;-1.28
166746.00ms : 1.00;-0.08;-0.39;1.59;-0.06;-0.79
166766.00ms : 1.00;-0.10;-0.40;-0.18;-0.37;-0.92
166786.00ms : 1.00;-0.10;-0.40;-1.89;-0.85;-0.98
166806.00ms : 1.00;-0.09;-0.40;-2.26;-0.67;-1.10
166826.00ms : 1.00;-0.08;-0.39;-2.01;-0.98;-1.16
166846.00ms : 1.01;-0.07;-0.39;-2.01;-1.22;-1.34
166866.00ms : 1.00;-0.08;-0.40;-0.92;-1.46;-0.85
166886.00ms : 0.99;-0.10;-0.39;-1.77;-1.10;-0.61
166906.00ms : 1.00;-0.07;-0.39;-1.89;-1.46;-1.53
166926.00ms : 1.01;-0.05;-0.39;-0.12;-1.16;-1.53
166946.00ms : 1.00;-0.08;-0.40;2.93;-0.98;0.00
166966.00ms : 0.99;-0.12;-0.39;2.81;-0.98;-0.61
166986.00ms : 1.00;-0.10;-0.39;0.98;-1.46;-1.40
167006.00ms : 1.00;-0.07;-0.39;-0.37;-1.22;-1.53
167026.00ms : 1.01;-0.09;-0.40;0.18;-1.46;-0.31
167046.00ms : 0.99;-0.11;-0.38;-0.85;-1.46;-0.49
167066.00ms : 1.00;-0.10;-0.38;-2.26;-1.71;-1.04
167086.00ms : 1.00;-0.08;-0.40;-2.08;-1.77;-0.98
167106.00ms : 1.00;-0.09;-0.39;-1.53;-1.34;-0.67
167126.00ms : 1.00;-0.09;-0.38;-2.14;-1.65;-0.92
167146.00ms : 1.00;-0.08;-0.39;-2.08;-1.95;-0.98
167166.00ms : 1.00;-0.09;-0.39;-1.40;-1.10;-0.67
167186.00ms : 0.99;-0.09;-0.38;-1.83;-1.28;-0.49
167206.00ms : 0.99;-0.08;-0.38;-2.14;-0.85;-1.28
167226.00ms : 1.01;-0.08;-0.40;-1.53;-1.10;-1.04
167246.00ms : 1.00;-0.09;-0.40;-0.31;-1.28;-0.67
167266.00ms : 1.01;-0.10;-0.40;0.49;-1.16;-0.55
167286.00ms : 1.00;-0.10;-0.39;-0.31;-1.34;-1.34
167306.00ms : 1.00;-0.09;-0.38;-1.59;-1.28;-1.10
167326.00ms : 1.00;-0.09;-0.39;-1.71;-1.22;-1.10
167346.00ms : 0.99;-0.09;-0.39;-1.46;-0.98;-1.53
167366.00ms : 0.99;-0.09;-0.38;-2.01;-1.10;-2.01
167386.00ms : 0.99;-0.08;-0.38;-2.93;-0.31;-2.20
167406.00ms : 1.00;-0.09;-0.39;-3.54;-0.55;-2.75
167426.00ms : 1.00;-0.09;-0.38;-3.60;-0.37;-2.99
167446.00ms : 0.99;-0.08;-0.38;-3.91;-0.31;-3.72
167466.00ms : 0.99;-0.08;-0.38;-3.11;0.24;-3.78
167486.00ms : 1.00;-0.09;-0.39;-3.11;0.55;-3.85
167506.00ms : 0.99;-0.11;-0.39;-4.09;0.49;-3.78
167526.00ms : 1.00;-0.10;-0.39;-4.27;0.73;-4.09
167546.00ms : 1.00;-0.11;-0.38;-3.54;0.55;-4.21
167566.00ms : 1.00;-0.10;-0.38;-3.42;0.43;-4.52
167586.00ms : 0.99;-0.10;-0.38;-3.91;0.98;-4.82
167606.00ms : 1.00;-0.10;-0.39;-4.09;0.92;-4.64
167626.00ms : 1.00;-0.11;-0.39;-4.09;1.34;-4.52
167646.00ms : 0.99;-0.12;-0.38;-4.94;1.22;-5.00
167666.00ms : 0.99;-0.10;-0.38;-5.98;1.22;-5.25
167686.00ms : 1.00;-0.10;-0.39;-5.43;1.28;-5.37
167706.00ms : 1.00;-0.10;-0.40;-3.72;1.71;-4.82
167726.00ms : 1.00;-0.11;-0.40;-2.38;1.77;-4.21
167746.00ms : 0.99;-0.13;-0.40;-1.89;1.77;-4.76
167766.00ms : 1.00;-0.14;-0.41;-1.95;1.10;-3.78
167786.00ms : 1.00;-0.14;-0.40;-2.81;1.53;-4.15
167806.00ms : 1.00;-0.12;-0.40;-2.93;1.40;-4.21
167826.00ms : 0.98;-0.12;-0.39;-2.38;1.59;-4.94
167846.00ms : 0.99;-0.11;-0.39;-2.01;1.77;-4.27
167866.00ms : 0.99;-0.11;-0.38;-1.59;2.14;-4.33
167886.00ms : 0.99;-0.12;-0.38;-2.38;2.81;-4.27
167906.00ms : 1.00;-0.13;-0.39;-4.27;2.87;-5.31
167926.00ms : 0.99;-0.13;-0.40;-5.19;2.93;-5.74
167946.00ms : 0.99;-0.10;-0.40;-5.25;3.54;-5.86
167966.00ms : 1.00;-0.13;-0.41;-2.81;4.03;-5.43
167986.00ms : 1.00;-0.15;-0.40;-3.91;3.91;-5.80
168006.00ms : 0.99;-0.12;-0.40;-4.64;3.42;-6.65
168026.00ms : 0.99;-0.12;-0.42;-3.66;4.15;-7.14
168046.00ms : 0.99;-0.13;-0.41;-2.01;4.58;-7.20
168066.00ms : 1.00;-0.14;-0.44;-1.83;3.91;-6.77
168086.00ms : 0.99;-0.15;-0.41;-2.08;4.03;-8.00
168106.00ms : 0.99;-0.12;-0.43;-2.56;3.60;-8.42
168126.00ms : 0.98;-0.12;-0.40;0.98;5.13;-7.81
168146.00ms : 0.99;-0.18;-0.41;1.40;5.74;-6.71
168166.00ms : 1.00;-0.18;-0.42;-1.28;4.33;-7.32
168186.00ms : 0.99;-0.16;-0.43;-2.20;4.82;-7.45
168206.00ms : 0.99;-0.15;-0.44;-0.43;5.62;-7.57
168226.00ms : 0.99;-0.18;-0.43;1.16;5.98;-6.96
168246.00ms : 0.98;-0.19;-0.41;-1.10;5.86;-7.20
168266.00ms : 0.99;-0.16;-0.43;-2.62;5.43;-7.14
168286.00ms : 0.98;-0.15;-0.43;-2.26;5.86;-7.63
168306.00ms : 0.99;-0.18;-0.45;-0.55;5.55;-6.10
168326.00ms : 0.98;-0.22;-0.43;-0.31;7.02;-6.23
168346.00ms : 0.98;-0.17;-0.43;-4.70;6.16;-8.24
168366.00ms : 1.00;-0.15;-0.45;-4.58;6.35;-8.42
168386.00ms : 0.98;-0.19;-0.46;-2.62;7.20;-7.08
168406.00ms : 1.00;-0.23;-0.46;-2.69;7.20;-5.74
168426.00ms : 0.98;-0.21;-0.45;-4.82;5.74;-7.69
168446.00ms : 0.98;-0.17;-0.48;-5.37;4.58;-8.61
168466.00ms : 0.98;-0.15;-0.48;-1.59;5.74;-8.54
168486.00ms : 0.99;-0.20;-0.47;2.01;6.77;-7.08
168506.00ms : 0.98;-0.24;-0.46;0.61;6.16;-5.92
168526.00ms : 0.98;-0.21;-0.46;-3.78;5.55;-7.39
168546.00ms : 0.98;-0.19;-0.47;-5.00;5.49;-8.36
168566.00ms : 0.98;-0.19;-0.48;-3.23;6.77;-7.87
168586.00ms : 0.98;-0.24;-0.46;-1.59;7.45;-6.71
168606.00ms : 0.98;-0.24;-0.46;-4.88;6.65;-8.06
168626.00ms : 0.98;-0.23;-0.48;-5.49;6.65;-8.73
168646.00ms : 0.98;-0.21;-0.50;-5.55;5.74;-7.87
168666.00ms : 0.98;-0.20;-0.50;-2.75;5.92;-7.51
168686.00ms : 0.98;-0.23;-0.49;-0.24;5.62;-6.71
168706.00ms : 0.98;-0.24;-0.47;-1.40;5.49;-6.65
168726.00ms : 0.98;-0.21;-0.48;-2.81;5.00;-7.81
168746.00ms : 0.97;-0.21;-0.51;-1.65;5.43;-8.12
168766.00ms : 0.98;-0.24;-0.49;0.85;6.29;-6.59
168786.00ms : 0.97;-0.27;-0.49;0.00;6.16;-5.80
168806.00ms : 0.98;-0.26;-0.48;-2.93;5.07;-7.32
168826.00ms : 0.98;-0.25;-0.50;-3.72;5.31;-6.84
168846.00ms : 0.97;-0.24;-0.52;-2.50;5.80;-6.90
168866.00ms : 0.98;-0.27;-0.51;-0.67;5.49;-5.55
168886.00ms : 0.97;-0.26;-0.50;-1.28;5.13;-5.98
168906.00ms : 0.97;-0.23;-0.51;-1.65;4.46;-7.08
168926.00ms : 0.97;-0.23;-0.53;-0.92;5.25;-6.71
168946.00ms : 0.98;-0.27;-0.53;0.67;5.13;-5.19
168966.00ms : 0.97;-0.30;-0.50;0.37;4.76;-4.94
168986.00ms : 0.96;-0.26;-0.50;-3.54;3.72;-6.65
169006.00ms : 0.96;-0.24;-0.51;-2.75;4.76;-7.32
169026.00ms : 0.97;-0.26;-0.54;-1.28;5.49;-5.49
169046.00ms : 0.97;-0.29;-0.53;-0.12;5.68;-4.88
169066.00ms : 0.97;-0.29;-0.52;-2.20;4.21;-6.10
169086.00ms : 0.97;-0.26;-0.52;-4.27;3.91;-7.20
169106.00ms : 0.96;-0.25;-0.51;-3.17;5.13;-7.20
169126.00ms : 0.96;-0.26;-0.54;-1.53;4.94;-6.04
169146.00ms : 0.96;-0.29;-0.55;-0.61;4.70;-5.92
169166.00ms : 0.97;-0.28;-0.54;-0.73;3.66;-6.16
169186.00ms : 0.96;-0.27;-0.54;-0.67;3.60;-6.90
169206.00ms : 0.95;-0.28;-0.52;0.00;5.19;-7.45
169226.00ms : 0.96;-0.28;-0.52;-1.16;5.07;-7.63
169246.00ms : 0.97;-0.27;-0.55;-2.08;4.52;-7.51
169266.00ms : 0.96;-0.27;-0.55;-1.59;4.03;-7.75
169286.00ms : 0.95;-0.30;-0.55;-0.37;4.70;-7.87
169306.00ms : 0.95;-0.30;-0.54;-0.31;4.27;-8.18
169326.00ms : 0.96;-0.29;-0.55;-0.55;3.91;-8.12
169346.00ms : 0.97;-0.30;-0.56;0.85;3.54;-7.93
169366.00ms : 0.96;-0.33;-0.56;2.38;3.54;-7.39
169386.00ms : 0.95;-0.34;-0.55;2.14;3.97;-7.14
169406.00ms : 0.95;-0.32;-0.54;0.31;2.62;-6.96
169426.00ms : 0.94;-0.33;-0.55;0.92;3.48;-6.53
169446.00ms : 0.94;-0.35;-0.53;0.92;5.43;-5.80
169466.00ms : 0.96;-0.34;-0.53;-1.53;5.49;-5.49
169486.00ms : 0.95;-0.32;-0.54;-3.42;5.07;-5.86
169506.00ms : 0.94;-0.29;-0.56;-3.17;5.07;-5.98
169526.00ms : 0.93;-0.32;-0.58;0.79;6.41;-4.88
169546.00ms : 0.94;-0.33;-0.56;2.08;6.71;-4.39
169566.00ms : 0.95;-0.34;-0.55;1.04;6.35;-5.74
169586.00ms : 0.95;-0.31;-0.57;-0.79;5.92;-6.23
169606.00ms : 0.95;-0.30;-0.60;-0.37;5.43;-5.19
169626.00ms : 0.95;-0.33;-0.60;2.20;5.68;-5.00
169646.00ms : 0.94;-0.35;-0.56;2.08;5.43;-6.23
169666.00ms : 0.93;-0.35;-0.56;-0.18;5.80;-7.08
169686.00ms : 0.94;-0.33;-0.57;-1.22;5.98;-5.98
169706.00ms : 0.94;-0.33;-0.60;1.28;6.47;-4.46
169726.00ms : 0.94;-0.35;-0.60;2.93;6.16;-5.49
169746.00ms : 0.95;-0.34;-0.58;2.69;6.29;-6.23
169766.00ms : 0.93;-0.35;-0.58;2.01;6.35;-6.41
169786.00ms : 0.92;-0.36;-0.59;1.16;6.59;-5.43
169806.00ms : 0.95;-0.34;-0.62;1.22;5.25;-4.33
169826.00ms : 0.95;-0.34;-0.63;3.05;3.54;-4.33
169846.00ms : 0.93;-0.35;-0.61;5.25;4.21;-4.82
169866.00ms : 0.91;-0.40;-0.57;5.92;5.62;-4.82
169886.00ms : 0.95;-0.39;-0.60;1.95;5.00;-3.66
169906.00ms : 0.94;-0.35;-0.61;1.65;4.52;-2.81
169926.00ms : 0.92;-0.38;-0.62;3.60;5.68;-2.87
169946.00ms : 0.94;-0.40;-0.63;2.44;4.76;-1.53
169966.00ms : 0.95;-0.37;-0.63;0.31;3.30;-1.34
169986.00ms : 0.92;-0.34;-0.60;1.22;3.66;-3.54
170006.00ms : 0.93;-0.34;-0.61;2.26;5.13;-2.38
170026.00ms : 0.92;-0.38;-0.62;2.87;5.74;-0.61
170046.00ms : 0.92;-0.40;-0.60;1.40;5.92;-1.04
170066.00ms : 0.94;-0.38;-0.62;-1.40;4.82;-1.46
170086.00ms : 0.92;-0.35;-0.63;-1.83;5.19;-1.95
170106.00ms : 0.94;-0.34;-0.69;-0.43;4.09;-0.37
170126.00ms : 0.93;-0.34;-0.67;2.14;2.75;-0.31
170146.00ms : 0.92;-0.37;-0.65;2.50;1.83;-2.14
170166.00ms : 0.93;-0.35;-0.62;0.49;2.44;-2.50
170186.00ms : 0.93;-0.34;-0.66;0.00;1.40;-1.77
170206.00ms : 0.92;-0.35;-0.63;2.20;0.18;-0.85
170226.00ms : 0.93;-0.36;-0.62;2.50;-2.26;-2.50
170246.00ms : 0.92;-0.35;-0.62;1.10;-3.42;-3.60
170266.00ms : 0.93;-0.36;-0.64;0.24;-2.44;-3.23
170286.00ms : 0.92;-0.37;-0.64;1.04;-2.44;-3.72
170306.00ms : 0.92;-0.38;-0.65;0.55;-1.53;-4.70
170326.00ms : 0.92;-0.38;-0.66;-0.12;-2.20;-5.31
170346.00ms : 0.93;-0.36;-0.67;1.16;-2.38;-5.25
170366.00ms : 0.92;-0.39;-0.64;3.91;-0.85;-4.33
170386.00ms : 0.92;-0.38;-0.60;0.98;-0.98;-6.10
170406.00ms : 0.93;-0.38;-0.62;-1.65;-2.32;-5.00
170426.00ms : 0.92;-0.39;-0.63;-2.08;-2.81;-5.31
170446.00ms : 0.91;-0.38;-0.64;-0.92;-2.32;-3.48
170466.00ms : 0.91;-0.38;-0.63;0.18;-0.67;-3.17
170486.00ms : 0.92;-0.38;-0.62;0.49;-0.73;-3.17
170506.00ms : 0.91;-0.39;-0.62;0.92;0.18;-3.36
170526.00ms : 0.91;-0.40;-0.63;-0.55;0.67;-3.11
170546.00ms : 0.92;-0.39;-0.65;-0.98;0.61;-2.62
170566.00ms : 0.92;-0.38;-0.63;-0.85;0.55;-1.95
170586.00ms : 0.93;-0.40;-0.66;-1.16;0.37;-2.87
170606.00ms : 0.92;-0.39;-0.66;0.06;-0.67;-2.62
170626.00ms : 0.90;-0.38;-0.64;1.65;-0.18;-2.32
170646.00ms : 0.92;-0.39;-0.65;2.26;0.43;-0.98
170666.00ms : 0.94;-0.42;-0.65;1.71;0.18;-1.46
170686.00ms : 0.92;-0.42;-0.65;0.67;-0.37;-2.08
170706.00ms : 0.89;-0.43;-0.65;-0.67;0.73;-1.53
170726.00ms : 0.89;-0.38;-0.60;-1.28;1.40;1.28
170746.00ms : 0.93;-0.37;-0.60;-1.53;0.73;-0.12
170766.00ms : 0.93;-0.39;-0.66;-1.71;-1.28;-0.06
170786.00ms : 0.90;-0.40;-0.65;-0.24;-1.04;1.04
170806.00ms : 0.91;-0.39;-0.65;0.55;-0.73;-0.31
170826.00ms : 0.93;-0.40;-0.64;0.37;-1.16;0.43
170846.00ms : 0.92;-0.42;-0.65;-1.28;-2.14;1.22
170866.00ms : 0.92;-0.41;-0.64;-1.22;-1.65;1.59
170886.00ms : 0.92;-0.41;-0.64;-2.01;-2.08;1.40
170906.00ms : 0.93;-0.40;-0.65;-2.32;-2.38;2.44
170926.00ms : 0.91;-0.40;-0.64;-0.49;-2.26;2.75
170946.00ms : 0.92;-0.43;-0.65;-0.37;-0.37;4.46
170966.00ms : 0.92;-0.42;-0.64;-1.71;0.00;4.27
170986.00ms : 0.94;-0.39;-0.65;-2.81;-1.40;3.60
171006.00ms : 0.92;-0.39;-0.68;-1.65;-3.48;5.55
171026.00ms : 0.93;-0.41;-0.66;1.16;-1.95;6.77
171046.00ms : 0.91;-0.43;-0.63;1.71;0.79;5.80
171066.00ms : 0.92;-0.40;-0.64;-0.73;2.08;7.14
171086.00ms : 0.92;-0.37;-0.66;-2.26;0.79;8.73
171106.00ms : 0.93;-0.36;-0.63;-1.10;-0.61;8.61
171126.00ms : 0.93;-0.35;-0.63;-0.98;-2.38;7.45
171146.00ms : 0.92;-0.38;-0.60;-1.46;-1.34;6.35
171166.00ms : 0.92;-0.36;-0.64;-4.15;-2.87;7.45
171186.00ms : 0.92;-0.34;-0.64;-2.93;-3.85;8.97
171206.00ms : 0.93;-0.35;-0.65;-0.85;-4.27;7.87
171226.00ms : 0.92;-0.33;-0.62;0.37;-4.52;7.02
171246.00ms : 0.91;-0.35;-0.61;-0.49;-2.93;5.98
171266.00ms : 0.93;-0.35;-0.62;-2.50;-3.23;6.59
171286.00ms : 0.93;-0.35;-0.63;-3.85;-4.03;7.75
171306.00ms : 0.94;-0.35;-0.64;-3.42;-4.39;7.26
171326.00ms : 0.94;-0.34;-0.65;-3.42;-6.16;6.35
171346.00ms : 0.93;-0.33;-0.65;-1.65;-6.29;6.71
171366.00ms : 0.93;-0.34;-0.62;1.40;-4.76;7.39
171386.00ms : 0.95;-0.38;-0.62;0.37;-5.49;7.93
171406.00ms : 0.95;-0.37;-0.62;-3.17;-7.14;8.18
171426.00ms : 0.94;-0.36;-0.63;-4.58;-7.26;8.61
171446.00ms : 0.94;-0.35;-0.63;-3.17;-7.39;9.46
171466.00ms : 0.95;-0.35;-0.64;-1.04;-7.81;10.31
171486.00ms : 0.95;-0.32;-0.61;-0.55;-8.85;9.03
171506.00ms : 0.93;-0.31;-0.60;-1.10;-8.91;8.30
171526.00ms : 0.94;-0.32;-0.61;-0.67;-7.87;10.19
171546.00ms : 0.94;-0.32;-0.60;-1.28;-8.24;11.17
171566.00ms : 0.95;-0.33;-0.58;-2.26;-8.36;9.89
171586.00ms : 0.94;-0.31;-0.59;-4.27;-9.03;8.54
171606.00ms : 0.94;-0.29;-0.62;-3.85;-8.42;10.01
171626.00ms : 0.95;-0.28;-0.61;-0.98;-8.24;10.80
171646.00ms : 0.96;-0.30;-0.61;1.04;-8.97;9.58
171666.00ms : 0.96;-0.29;-0.59;-0.12;-10.19;8.48
171686.00ms : 0.95;-0.28;-0.58;-0.61;-9.46;8.12
171706.00ms : 0.94;-0.29;-0.57;-0.31;-8.85;8.42
171726.00ms : 0.95;-0.29;-0.56;-0.55;-9.34;8.67
171746.00ms : 0.95;-0.28;-0.57;-0.49;-9.34;8.73
171766.00ms : 0.95;-0.27;-0.56;0.49;-8.67;7.75
171786.00ms : 0.94;-0.27;-0.55;1.04;-7.02;6.77
171806.00ms : 0.96;-0.27;-0.57;-0.18;-6.65;7.51
171826.00ms : 0.97;-0.26;-0.57;-0.49;-7.26;7.81
171846.00ms : 0.96;-0.27;-0.56;1.22;-7.20;7.14
171866.00ms : 0.95;-0.29;-0.55;1.83;-6.29;7.20
171886.00ms : 0.97;-0.30;-0.56;0.43;-5.37;7.87
171906.00ms : 0.98;-0.27;-0.55;-1.59;-6.41;8.18
171926.00ms : 0.96;-0.26;-0.55;-1.46;-7.69;7.81
171946.00ms : 0.96;-0.25;-0.56;-2.08;-7.14;7.08
171966.00ms : 0.97;-0.27;-0.57;-2.69;-6.84;7.51
171986.00ms : 0.98;-0.25;-0.59;-4.46;-8.97;8.00
172006.00ms : 0.98;-0.23;-0.59;-1.65;-9.70;9.22
172026.00ms : 0.97;-0.23;-0.57;1.71;-9.77;9.03
172046.00ms : 0.97;-0.26;-0.54;3.23;-8.67;7.93
172066.00ms : 0.98;-0.27;-0.53;1.46;-9.77;8.91
172086.00ms : 0.97;-0.28;-0.52;-1.04;-9.46;9.34
172106.00ms : 0.97;-0.26;-0.52;-3.30;-9.58;9.83
172126.00ms : 0.97;-0.23;-0.53;-4.94;-9.95;9.09
172146.00ms : 0.98;-0.20;-0.56;-2.75;-10.38;8.79
172166.00ms : 0.99;-0.22;-0.56;0.12;-10.62;10.01
172186.00ms : 0.99;-0.26;-0.52;1.28;-10.80;11.11
172206.00ms : 0.99;-0.24;-0.52;0.49;-12.27;10.68
172226.00ms : 0.98;-0.20;-0.54;0.43;-13.18;9.52
172246.00ms : 0.98;-0.17;-0.55;3.72;-12.82;9.64
172266.00ms : 0.99;-0.21;-0.55;8.61;-13.18;12.15
172286.00ms : 0.98;-0.26;-0.50;9.16;-12.88;12.02
172306.00ms : 0.96;-0.24;-0.44;5.25;-12.70;9.89
172326.00ms : 0.96;-0.18;-0.42;1.04;-11.47;7.51
172346.00ms : 0.96;-0.18;-0.44;-1.71;-9.34;7.14
172366.00ms : 0.99;-0.22;-0.48;-4.09;-8.42;10.62
172386.00ms : 0.98;-0.25;-0.47;-7.57;-8.61;11.72
172406.00ms : 0.97;-0.21;-0.49;-11.90;-9.34;9.22
172426.00ms : 0.99;-0.14;-0.51;-11.29;-9.70;8.30
172446.00ms : 1.00;-0.11;-0.52;-5.80;-10.19;9.64
172466.00ms : 0.99;-0.12;-0.51;0.49;-10.25;10.13
172486.00ms : 0.98;-0.15;-0.47;4.21;-10.38;8.54
172506.00ms : 0.97;-0.15;-0.46;4.39;-10.13;7.69
172526.00ms : 0.98;-0.13;-0.45;3.60;-9.52;6.53
172546.00ms : 1.00;-0.13;-0.47;3.72;-9.70;6.84
172566.00ms : 1.00;-0.17;-0.47;4.52;-9.89;7.45
172586.00ms : 0.98;-0.18;-0.44;4.33;-9.70;7.51
172606.00ms : 0.98;-0.16;-0.43;2.56;-9.09;6.23
172626.00ms : 1.00;-0.13;-0.45;3.72;-9.34;5.98
172646.00ms : 1.02;-0.16;-0.47;5.37;-9.64;7.45
172666.00ms : 1.00;-0.19;-0.48;5.80;-10.62;8.79
172686.00ms : 0.98;-0.17;-0.45;5.80;-10.25;8.48
172706.00ms : 0.99;-0.15;-0.43;4.64;-9.95;7.57
172726.00ms : 0.99;-0.12;-0.42;3.78;-9.77;7.32
172746.00ms : 1.00;-0.10;-0.45;5.68;-10.50;7.93
172766.00ms : 0.99;-0.13;-0.44;10.13;-9.28;9.89
172786.00ms : 0.99;-0.17;-0.42;11.47;-8.18;10.50
172806.00ms : 0.98;-0.14;-0.39;9.16;-7.57;8.18
172826.00ms : 0.99;-0.06;-0.41;8.61;-7.08;6.04
172846.00ms : 1.01;-0.06;-0.43;12.08;-6.84;7.75
172866.00ms : 0.99;-0.13;-0.42;14.47;-6.10;8.79
172886.00ms : 0.97;-0.12;-0.41;12.45;-6.16;6.90
172906.00ms : 1.00;-0.09;-0.43;11.35;-6.90;4.76
172926.00ms : 1.00;-0.10;-0.42;12.45;-6.41;5.55
172946.00ms : 0.99;-0.15;-0.41;12.15;-4.88;6.65
172966.00ms : 1.00;-0.17;-0.41;8.54;-6.71;5.43
172986.00ms : 1.01;-0.14;-0.42;4.21;-7.81;4.88
173006.00ms : 1.00;-0.10;-0.41;2.93;-7.87;5.74
173026.00ms : 0.99;-0.10;-0.40;5.07;-6.96;5.25
173046.00ms : 0.98;-0.10;-0.38;5.25;-5.98;4.64
173066.00ms : 1.01;-0.11;-0.39;2.99;-5.98;3.11
173086.00ms : 1.00;-0.10;-0.43;1.83;-7.20;3.66
173106.00ms : 0.98;-0.08;-0.39;2.93;-5.86;3.85
173126.00ms : 1.00;-0.10;-0.40;6.10;-4.58;4.82
173146.00ms : 1.00;-0.14;-0.40;5.25;-5.19;5.49
173166.00ms : 1.01;-0.13;-0.39;1.71;-5.86;4.94
173186.00ms : 0.99;-0.06;-0.39;2.75;-5.37;2.99
173206.00ms : 0.99;-0.04;-0.40;7.02;-5.07;4.03
173226.00ms : 0.99;-0.10;-0.38;8.54;-4.03;5.74
173246.00ms : 0.98;-0.10;-0.35;4.58;-4.27;4.46
173266.00ms : 0.97;0.01;-0.37;2.56;-3.23;2.14
173286.00ms : 0.99;0.03;-0.37;7.08;-1.71;2.56
173306.00ms : 0.98;-0.06;-0.37;9.28;-0.31;3.05
173326.00ms : 0.99;-0.07;-0.39;8.12;-0.55;1.04
173346.00ms : 1.01;-0.07;-0.41;7.87;-0.49;-0.31
173366.00ms : 1.01;-0.13;-0.41;6.29;-0.79;0.92
173386.00ms : 1.00;-0.15;-0.40;1.16;-1.95;1.22
173406.00ms : 1.00;-0.12;-0.39;-2.14;-2.32;0.43
173426.00ms : 0.99;-0.09;-0.40;-3.48;-2.01;0.12
173446.00ms : 1.02;-0.08;-0.40;-3.85;-2.01;1.34
173466.00ms : 1.01;-0.13;-0.41;-4.76;-2.69;2.01
173486.00ms : 0.98;-0.12;-0.39;-7.08;-3.17;1.22
173506.00ms : 0.99;-0.05;-0.38;-7.02;-2.44;0.00
173526.00ms : 1.01;-0.04;-0.40;-3.97;-2.01;0.31
173546.00ms : 1.01;-0.08;-0.40;-2.56;-2.32;1.34
173566.00ms : 0.98;-0.07;-0.38;-3.30;-2.20;-0.73
173586.00ms : 0.98;-0.03;-0.36;-5.55;-1.10;-1.95
173606.00ms : 1.00;-0.03;-0.36;-6.10;-0.55;-1.71
173626.00ms : 1.00;-0.07;-0.38;-4.88;-0.37;-1.46
173646.00ms : 1.00;-0.06;-0.39;-2.99;-0.85;-2.56
173666.00ms : 1.01;-0.07;-0.40;-0.12;-1.34;-2.14
173686.00ms : 1.00;-0.12;-0.39;0.24;-0.79;-1.34
173706.00ms : 1.00;-0.11;-0.38;-0.43;-0.79;-0.67
173726.00ms : 1.01;-0.09;-0.41;0.49;-1.16;-0.73
173746.00ms : 1.00;-0.09;-0.40;2.01;-1.59;-0.43
173766.00ms : 1.00;-0.09;-0.39;1.34;-1.16;-0.12
173786.00ms : 1.01;-0.07;-0.38;1.16;-1.65;0.31
173806.00ms : 1.00;-0.10;-0.39;2.81;-1.53;0.92
173826.00ms : 0.99;-0.12;-0.39;1.71;-1.53;0.55
173846.00ms : 1.00;-0.09;-0.39;-1.28;-1.34;0.18
173866.00ms : 1.00;-0.08;-0.39;-2.44;-1.71;0.31
173886.00ms : 0.99;-0.07;-0.38;-1.83;-1.59;-0.06
173906.00ms : 1.00;-0.07;-0.38;-0.73;-1.95;-0.31
173926.00ms : 0.99;-0.09;-0.38;-0.31;-0.73;-0.67
173946.00ms : 1.01;-0.08;-0.39;-2.50;-0.73;-0.12
173966.00ms : 1.00;-0.08;-0.39;-2.26;-0.61;-0.43
173986.00ms : 1.00;-0.09;-0.39;-1.16;-1.28;-0.61
174006.00ms : 1.00;-0.09;-0.39;-0.73;-1.22;-0.55
174026.00ms : 0.99;-0.07;-0.38;-1.28;-1.04;-0.49
174046.00ms : 1.00;-0.08;-0.39;-1.46;-1.10;-0.61
174066.00ms : 1.00;-0.07;-0.39;-0.92;-1.28;-0.73
174086.00ms : 1.00;-0.08;-0.40;-0.49;-1.46;-1.65
174106.00ms : 0.99;-0.08;-0.39;0.49;-1.10;-1.22
174126.00ms : 1.00;-0.08;-0.39;-0.43;-0.73;-0.98
174146.00ms : 1.00;-0.08;-0.39;0.37;-0.79;-1.10
174166.00ms : 0.99;-0.10;-0.38;1.04;-0.73;-0.67
174186.00ms : 1.00;-0.09;-0.40;0.43;-0.61;-1.34
174206.00ms : 1.00;-0.08;-0.39;0.43;-0.79;-1.22
174226.00ms : 1.00;-0.09;-0.39;0.49;-0.43;-0.79
174246.00ms : 1.00;-0.11;-0.39;-0.12;-0.92;-0.67
174266.00ms : 1.00;-0.11;-0.39;-1.22;-0.73;-1.22
174286.00ms : 1.00;-0.08;-0.38;-2.38;-0.73;-1.40
174306.00ms : 1.00;-0.08;-0.38;-2.08;-0.85;-0.61
174326.00ms : 0.99;-0.09;-0.38;-2.44;-0.67;-0.61
174346.00ms : 0.99;-0.09;-0.38;-3.05;-0.06;-1.16
174366.00ms : 1.01;-0.09;-0.39;-3.05;-0.79;-1.22
174386.00ms : 1.00;-0.09;-0.39;-1.28;-0.98;-0.79
174406.00ms : 0.99;-0.09;-0.38;-0.43;-0.61;-0.79
174426.00ms : 1.00;-0.09;-0.38;-1.28;-0.49;-1.53
174446.00ms : 1.00;-0.09;-0.39;-0.92;-1.22;-1.40
174466.00ms : 0.99;-0.09;-0.39;-0.18;-0.55;-1.04
174486.00ms : 1.00;-0.08;-0.39;-0.49;-0.79;-1.34
174506.00ms : 0.99;-0.07;-0.39;0.55;-0.73;-1.83
174526.00ms : 1.00;-0.09;-0.39;0.92;-0.18;-1.34
174546.00ms : 0.99;-0.10;-0.38;-1.22;-0.31;-1.40
174566.00ms : 1.00;-0.09;-0.39;-2.62;-0.43;-2.26
174586.00ms : 1.00;-0.08;-0.39;-1.59;-0.31;-2.20
174606.00ms : 0.99;-0.09;-0.37;-1.22;0.31;-2.14
174626.00ms : 0.99;-0.09;-0.37;-2.69;0.49;-2.99
174646.00ms : 1.00;-0.07;-0.39;-3.11;0.31;-2.93
174666.00ms : 1.00;-0.11;-0.39;-2.20;0.31;-2.01
174686.00ms : 0.98;-0.12;-0.38;-2.99;0.55;-2.99
174706.00ms : 1.00;-0.10;-0.39;-4.33;0.49;-3.48
174726.00ms : 1.00;-0.09;-0.40;-5.37;0.37;-4.09
174746.00ms : 1.00;-0.07;-0.40;-4.09;0.06;-3.54
174766.00ms : 0.99;-0.08;-0.39;-2.32;1.40;-3.60
174786.00ms : 1.00;-0.12;-0.38;-2.87;1.40;-3.05
174806.00ms : 1.00;-0.12;-0.39;-4.76;0.61;-4.03
174826.00ms : 1.01;-0.12;-0.41;-3.60;0.79;-3.30
174846.00ms : 1.00;-0.12;-0.41;-1.95;0.55;-2.50
174866.00ms : 1.00;-0.13;-0.41;-2.44;0.06;-2.56
174886.00ms : 0.99;-0.12;-0.38;-2.50;0.61;-2.99
174906.00ms : 1.01;-0.11;-0.40;-2.44;0.06;-1.34
174926.00ms : 0.99;-0.13;-0.39;-2.81;0.49;-2.56
174946.00ms : 1.00;-0.13;-0.40;-4.70;0.06;-2.26
174966.00ms : 0.99;-0.11;-0.39;-5.55;0.37;-2.93
174986.00ms : 0.99;-0.10;-0.39;-5.49;0.18;-2.81
175006.00ms : 0.99;-0.11;-0.39;-5.31;0.85;-2.75
175026.00ms : 1.00;-0.10;-0.41;-5.31;0.49;-2.38
175046.00ms : 1.00;-0.12;-0.40;-4.21;0.61;-2.99
175066.00ms : 0.98;-0.09;-0.39;-4.27;0.85;-3.78
175086.00ms : 0.99;-0.07;-0.39;-3.05;1.77;-4.76
175106.00ms : 1.00;-0.11;-0.40;-2.32;2.26;-4.33
175126.00ms : 0.99;-0.15;-0.39;-5.25;1.95;-4.64
175146.00ms : 1.00;-0.12;-0.41;-7.51;1.34;-6.04
175166.00ms : 1.01;-0.10;-0.42;-3.97;1.71;-5.19
175186.00ms : 0.98;-0.15;-0.38;-1.89;3.17;-4.33
175206.00ms : 0.99;-0.15;-0.39;-5.62;2.01;-4.39
175226.00ms : 0.99;-0.12;-0.41;-6.53;1.71;-5.13
175246.00ms : 0.99;-0.10;-0.42;-5.13;2.01;-5.19
175266.00ms : 0.98;-0.10;-0.40;-1.53;3.48;-4.46
175286.00ms : 0.99;-0.14;-0.39;-1.83;3.97;-4.94
175306.00ms : 1.00;-0.14;-0.39;-5.07;3.66;-7.08
175326.00ms : 0.99;-0.10;-0.41;-5.74;3.23;-7.51
175346.00ms : 0.98;-0.11;-0.42;-3.78;4.27;-7.08
175366.00ms : 0.98;-0.14;-0.41;-2.99;4.94;-6.90
175386.00ms : 1.00;-0.17;-0.42;-3.72;4.52;-6.59
175406.00ms : 0.99;-0.16;-0.41;-5.37;4.21;-7.57
175426.00ms : 0.98;-0.12;-0.41;-5.62;4.27;-8.06
175446.00ms : 0.99;-0.12;-0.42;-3.23;5.37;-8.42
175466.00ms : 0.99;-0.16;-0.42;-0.67;5.68;-7.39
175486.00ms : 0.99;-0.18;-0.41;-2.20;5.62;-7.45
175506.00ms : 1.00;-0.17;-0.42;-3.23;5.19;-8.18
175526.00ms : 0.99;-0.14;-0.44;-4.33;5.43;-8.85
175546.00ms : 0.99;-0.16;-0.44;-3.66;5.86;-7.45
175566.00ms : 0.99;-0.19;-0.44;-4.03;6.53;-7.63
175586.00ms : 0.99;-0.18;-0.42;-4.09;5.80;-7.45
175606.00ms : 0.99;-0.17;-0.46;-4.88;5.49;-7.39
175626.00ms : 1.00;-0.18;-0.45;-2.32;5.37;-6.23
175646.00ms : 0.98;-0.18;-0.43;-1.46;5.92;-6.29
175666.00ms : 0.99;-0.17;-0.44;-0.85;6.23;-6.41
175686.00ms : 0.99;-0.20;-0.44;-1.04;6.47;-6.41
175706.00ms : 0.99;-0.20;-0.45;-2.87;6.53;-6.71
175726.00ms : 0.99;-0.16;-0.46;-4.03;5.98;-7.26
175746.00ms : 0.97;-0.16;-0.44;-1.95;6.77;-7.57
175766.00ms : 0.97;-0.17;-0.44;-1.16;7.63;-7.87
175786.00ms : 0.99;-0.20;-0.46;-1.40;7.26;-7.08
175806.00ms : 0.98;-0.19;-0.46;-2.75;7.39;-7.20
175826.00ms : 0.97;-0.18;-0.45;-2.01;8.36;-8.54
175846.00ms : 0.98;-0.21;-0.46;-2.38;8.54;-8.61
175866.00ms : 0.99;-0.22;-0.49;-3.85;8.00;-8.24
175886.00ms : 0.98;-0.21;-0.49;-3.54;7.14;-8.24
175906.00ms : 0.98;-0.21;-0.49;-2.75;7.14;-7.57
175926.00ms : 0.98;-0.22;-0.48;-2.44;7.32;-8.73
175946.00ms : 0.98;-0.21;-0.48;-2.26;7.14;-8.67
175966.00ms : 0.98;-0.22;-0.51;-1.40;6.41;-7.02
175986.00ms : 0.97;-0.23;-0.49;-0.43;6.96;-6.23
176006.00ms : 0.98;-0.23;-0.48;-0.98;7.45;-8.42
176026.00ms : 0.97;-0.24;-0.48;-2.44;7.26;-9.34
176046.00ms : 0.98;-0.25;-0.52;-3.72;6.41;-7.57
176066.00ms : 0.98;-0.24;-0.51;-2.38;6.90;-6.84
176086.00ms : 0.97;-0.25;-0.49;-0.98;7.08;-6.96
176106.00ms : 0.97;-0.23;-0.49;-2.56;6.71;-8.61
176126.00ms : 0.97;-0.23;-0.50;-2.20;6.84;-8.30
176146.00ms : 0.97;-0.25;-0.50;-0.06;7.57;-6.23
176166.00ms : 0.97;-0.26;-0.49;-1.28;7.81;-7.57
176186.00ms : 0.98;-0.24;-0.52;-3.54;6.96;-9.09
176206.00ms : 0.97;-0.25;-0.52;-4.15;7.45;-9.03
176226.00ms : 0.97;-0.25;-0.54;-3.54;6.71;-7.81
176246.00ms : 0.97;-0.28;-0.53;-0.73;7.08;-6.65
176266.00ms : 0.98;-0.27;-0.53;-1.89;5.25;-6.41
176286.00ms : 0.96;-0.28;-0.53;-1.46;5.00;-6.84
176306.00ms : 0.96;-0.26;-0.54;-0.49;5.74;-6.71
176326.00ms : 0.97;-0.27;-0.54;1.46;6.16;-6.23
176346.00ms : 0.98;-0.29;-0.53;1.89;5.49;-5.43
176366.00ms : 0.96;-0.28;-0.53;0.31;4.39;-5.68
176386.00ms : 0.95;-0.29;-0.54;0.43;5.00;-5.86
176406.00ms : 0.97;-0.28;-0.55;0.37;4.82;-4.88
176426.00ms : 0.96;-0.29;-0.53;1.34;5.31;-5.19
176446.00ms : 0.96;-0.29;-0.53;0.55;5.68;-6.35
176466.00ms : 0.97;-0.27;-0.56;-1.22;4.88;-6.10
176486.00ms : 0.96;-0.29;-0.55;0.37;5.68;-5.13
176506.00ms : 0.95;-0.28;-0.55;-0.06;5.31;-5.55
176526.00ms : 0.96;-0.27;-0.54;-0.31;5.43;-6.65
176546.00ms : 0.96;-0.27;-0.56;-0.43;5.07;-6.77
176566.00ms : 0.95;-0.28;-0.57;0.37;5.74;-7.08
176586.00ms : 0.95;-0.28;-0.54;1.40;5.68;-7.69
176606.00ms : 0.95;-0.30;-0.54;0.92;5.80;-8.18
176626.00ms : 0.95;-0.28;-0.55;0.12;6.10;-8.24
176646.00ms : 0.94;-0.29;-0.56;0.98;6.96;-9.03
176666.00ms : 0.96;-0.29;-0.58;1.22;6.10;-8.30
176686.00ms : 0.96;-0.32;-0.58;2.50;6.47;-7.69
176706.00ms : 0.94;-0.32;-0.57;1.59;6.41;-9.95
176726.00ms : 0.93;-0.31;-0.57;0.55;6.29;-10.13
176746.00ms : 0.95;-0.31;-0.58;1.16;7.26;-9.22
176766.00ms : 0.95;-0.32;-0.58;3.78;8.30;-10.07
176786.00ms : 0.94;-0.33;-0.58;4.15;8.61;-11.84
176806.00ms : 0.93;-0.31;-0.57;3.78;8.30;-11.41
176826.00ms : 0.93;-0.32;-0.58;3.11;9.03;-10.68
176846.00ms : 0.94;-0.32;-0.61;3.17;8.79;-9.95
176866.00ms : 0.94;-0.34;-0.62;4.94;8.12;-8.48
176886.00ms : 0.94;-0.37;-0.61;4.03;7.08;-9.09
176906.00ms : 0.94;-0.36;-0.59;2.87;5.00;-8.42
176926.00ms : 0.95;-0.35;-0.62;2.50;2.56;-6.35
176946.00ms : 0.95;-0.37;-0.63;4.39;2.50;-7.20
176966.00ms : 0.94;-0.40;-0.65;4.39;2.56;-7.26
176986.00ms : 0.93;-0.39;-0.63;1.65;2.50;-6.90
177006.00ms : 0.94;-0.37;-0.65;0.79;2.93;-5.86
177026.00ms : 0.93;-0.36;-0.61;2.75;4.03;-6.53
177046.00ms : 0.92;-0.36;-0.62;3.78;4.82;-5.92
177066.00ms : 0.91;-0.35;-0.60;4.94;5.07;-5.74
177086.00ms : 0.92;-0.37;-0.59;5.49;6.23;-5.62
177106.00ms : 0.93;-0.39;-0.61;3.97;6.41;-4.94
177126.00ms : 0.94;-0.38;-0.62;1.59;5.92;-5.55
177146.00ms : 0.92;-0.35;-0.63;0.43;3.78;-5.62
177166.00ms : 0.91;-0.34;-0.63;2.26;3.78;-5.00
177186.00ms : 0.94;-0.36;-0.63;3.48;2.62;-5.68
177206.00ms : 0.92;-0.33;-0.60;1.65;0.24;-7.39
177226.00ms : 0.91;-0.39;-0.65;2.14;0.55;-7.57
177246.00ms : 0.89;-0.40;-0.64;1.95;3.11;-7.45
177266.00ms : 0.93;-0.38;-0.68;0.73;4.39;-6.29
177286.00ms : 0.93;-0.40;-0.69;3.05;3.23;-4.52
177306.00ms : 0.91;-0.43;-0.65;5.13;4.46;-4.76
177326.00ms : 0.93;-0.41;-0.68;2.32;3.36;-2.56
177346.00ms : 0.91;-0.42;-0.67;3.23;5.43;-1.16
177366.00ms : 0.90;-0.38;-0.60;3.11;6.71;-2.75
177386.00ms : 0.95;-0.37;-0.62;0.73;2.38;-2.50
177406.00ms : 0.92;-0.39;-0.65;-0.61;0.43;-2.81
177426.00ms : 0.92;-0.38;-0.69;-0.85;1.34;-3.36
177446.00ms : 0.90;-0.39;-0.65;1.16;-0.79;-3.48
177466.00ms : 0.91;-0.38;-0.67;-1.95;0.00;-6.04
177486.00ms : 0.93;-0.38;-0.70;0.18;-1.10;-2.20
177506.00ms : 0.89;-0.40;-0.68;1.40;-0.12;-4.52
177526.00ms : 0.92;-0.40;-0.69;1.83;1.34;-2.87
177546.00ms : 0.93;-0.40;-0.69;0.98;-1.83;-1.59
177566.00ms : 0.89;-0.38;-0.64;3.17;-1.04;-2.81
177586.00ms : 0.90;-0.40;-0.63;2.75;0.55;-3.48
177606.00ms : 0.91;-0.41;-0.65;1.04;0.55;-1.59
177626.00ms : 0.92;-0.41;-0.65;0.85;-0.67;-1.22
177646.00ms : 0.91;-0.40;-0.66;1.04;-1.77;-2.08
177666.00ms : 0.89;-0.41;-0.66;0.98;-0.43;-2.32
177686.00ms : 0.90;-0.40;-0.65;1.04;0.55;-1.22
177706.00ms : 0.92;-0.40;-0.68;0.73;-0.18;-0.55
177726.00ms : 0.91;-0.42;-0.65;0.06;-0.55;-1.40
177746.00ms : 0.91;-0.41;-0.69;-1.40;-1.77;-0.92
177766.00ms : 0.88;-0.40;-0.66;0.37;-0.49;-0.79
177786.00ms : 0.90;-0.40;-0.63;-0.24;1.34;-1.65
177806.00ms : 0.93;-0.41;-0.66;-2.81;-0.18;-0.73
177826.00ms : 0.90;-0.39;-0.65;-2.50;-0.92;-1.04
177846.00ms : 0.88;-0.39;-0.67;-1.10;0.06;-1.65
177866.00ms : 0.90;-0.39;-0.67;-0.85;1.28;-0.73
177886.00ms : 0.92;-0.41;-0.67;0.12;0.43;-0.06
177906.00ms : 0.91;-0.41;-0.68;-1.89;-0.37;-1.65
177926.00ms : 0.91;-0.38;-0.69;-1.22;-1.46;-0.67
177946.00ms : 0.89;-0.41;-0.66;0.79;0.00;-1.77
177966.00ms : 0.91;-0.41;-0.66;-0.61;-0.55;-0.31
177986.00ms : 0.91;-0.42;-0.67;-2.08;-0.43;-0.61
178006.00ms : 0.92;-0.41;-0.68;-1.89;-1.71;-0.49
178026.00ms : 0.90;-0.41;-0.68;-1.04;-1.89;0.00
178046.00ms : 0.90;-0.42;-0.69;-0.43;-2.32;1.10
178066.00ms : 0.91;-0.45;-0.67;0.18;-1.22;2.44
178086.00ms : 0.91;-0.45;-0.65;-2.69;-1.22;1.46
178106.00ms : 0.92;-0.42;-0.68;-4.39;-1.28;2.75
178126.00ms : 0.91;-0.43;-0.71;-0.49;-0.18;5.37
178146.00ms : 0.90;-0.46;-0.69;1.22;1.16;6.59
178166.00ms : 0.92;-0.46;-0.66;1.40;3.54;7.08
178186.00ms : 0.92;-0.41;-0.63;-2.56;1.59;6.96
178206.00ms : 0.91;-0.39;-0.64;-3.72;0.37;7.69
178226.00ms : 0.92;-0.40;-0.68;-2.69;-0.55;8.73
178246.00ms : 0.92;-0.42;-0.69;-3.60;-2.69;9.16
178266.00ms : 0.92;-0.39;-0.69;-5.00;-4.27;9.77
178286.00ms : 0.91;-0.36;-0.67;-3.42;-3.97;9.40
178306.00ms : 0.92;-0.38;-0.66;-1.10;-3.30;9.77
178326.00ms : 0.93;-0.40;-0.67;-1.77;-5.13;11.05
178346.00ms : 0.93;-0.39;-0.66;-3.05;-7.26;11.17
178366.00ms : 0.92;-0.36;-0.65;-2.93;-8.24;10.07
178386.00ms : 0.91;-0.36;-0.65;-1.89;-7.57;9.70
178406.00ms : 0.92;-0.39;-0.64;-0.73;-6.10;12.51
178426.00ms : 0.94;-0.40;-0.63;-3.05;-7.69;13.37
178446.00ms : 0.93;-0.38;-0.63;-5.68;-8.61;10.68
178466.00ms : 0.92;-0.35;-0.65;-6.47;-8.36;11.60
178486.00ms : 0.92;-0.33;-0.67;-5.31;-8.06;13.79
178506.00ms : 0.94;-0.35;-0.67;-2.20;-8.73;15.44
178526.00ms : 0.94;-0.39;-0.63;-1.95;-9.03;14.10
178546.00ms : 0.94;-0.34;-0.62;-5.74;-11.35;11.72
178566.00ms : 0.92;-0.31;-0.63;-6.16;-10.80;12.88
178586.00ms : 0.93;-0.32;-0.65;-2.93;-9.22;15.20
178606.00ms : 0.95;-0.35;-0.61;-2.01;-9.89;14.89
178626.00ms : 0.94;-0.34;-0.60;-5.68;-11.29;12.02
178646.00ms : 0.94;-0.29;-0.62;-8.48;-12.02;11.78
178666.00ms : 0.94;-0.27;-0.64;-5.49;-11.11;13.92
178686.00ms : 0.95;-0.30;-0.63;-1.16;-10.19;14.40
178706.00ms : 0.95;-0.31;-0.61;-2.14;-12.21;12.39
178726.00ms : 0.95;-0.31;-0.61;-4.52;-13.37;12.70
178746.00ms : 0.95;-0.27;-0.59;-4.94;-12.70;13.00
178766.00ms : 0.97;-0.27;-0.61;-1.89;-12.82;13.18
178786.00ms : 0.96;-0.30;-0.60;0.98;-13.24;13.61
178806.00ms : 0.94;-0.31;-0.57;0.00;-14.10;12.82
178826.00ms : 0.96;-0.30;-0.59;-1.59;-14.04;13.49
178846.00ms : 0.97;-0.29;-0.56;-1.83;-13.18;14.77
178866.00ms : 0.96;-0.28;-0.54;-1.95;-13.79;13.92
178886.00ms : 0.96;-0.27;-0.55;-2.14;-13.49;13.61
178906.00ms : 0.96;-0.26;-0.57;-2.50;-13.12;13.85
178926.00ms : 0.96;-0.24;-0.56;-1.53;-12.70;14.71
178946.00ms : 0.97;-0.24;-0.58;0.43;-12.88;14.77
178966.00ms : 0.97;-0.23;-0.55;0.98;-13.18;13.55
178986.00ms : 0.97;-0.23;-0.54;1.10;-13.85;12.88
179006.00ms : 0.96;-0.24;-0.52;0.37;-13.43;13.24
179026.00ms : 0.98;-0.26;-0.53;-0.18;-13.49;13.61
179046.00ms : 0.98;-0.24;-0.53;-1.89;-14.22;13.98
179066.00ms : 0.99;-0.20;-0.54;-1.59;-14.53;13.06
179086.00ms : 0.98;-0.19;-0.54;0.55;-13.73;13.49
179106.00ms : 0.98;-0.21;-0.53;2.44;-13.79;14.59
179126.00ms : 0.98;-0.24;-0.51;2.56;-14.10;15.26
179146.00ms : 0.99;-0.26;-0.49;-0.37;-14.47;14.77
179166.00ms : 0.97;-0.22;-0.48;-3.66;-15.08;13.24
179186.00ms : 0.97;-0.16;-0.51;-3.60;-15.01;13.18
179206.00ms : 0.99;-0.15;-0.52;0.55;-13.85;14.89
179226.00ms : 0.98;-0.17;-0.47;2.32;-12.88;15.50
179246.00ms : 0.96;-0.19;-0.45;1.77;-12.76;13.12
179266.00ms : 0.98;-0.14;-0.48;-1.46;-13.18;11.23
179286.00ms : 0.98;-0.09;-0.49;-1.10;-12.70;10.38
179306.00ms : 0.99;-0.12;-0.49;3.23;-12.45;13.24
179326.00ms : 0.98;-0.14;-0.45;4.52;-12.15;12.57
179346.00ms : 0.95;-0.11;-0.42;3.66;-11.23;8.30
179366.00ms : 0.96;-0.09;-0.43;2.75;-9.46;6.23
179386.00ms : 1.01;-0.11;-0.48;3.91;-10.07;8.67
179406.00ms : 0.99;-0.18;-0.45;4.27;-8.91;9.28
179426.00ms : 0.97;-0.15;-0.41;0.92;-8.42;6.23
179446.00ms : 0.97;-0.09;-0.43;0.49;-7.20;4.15
179466.00ms : 1.01;-0.13;-0.48;3.85;-7.75;7.87
179486.00ms : 1.00;-0.20;-0.45;4.27;-7.20;9.03
179506.00ms : 0.99;-0.14;-0.43;2.38;-8.54;6.84
179526.00ms : 0.99;-0.11;-0.43;2.69;-7.32;3.85
179546.00ms : 1.00;-0.13;-0.45;2.56;-7.39;6.16
179566.00ms : 1.00;-0.15;-0.45;1.77;-7.51;7.26
179586.00ms : 1.00;-0.11;-0.44;2.26;-8.91;7.45
179606.00ms : 0.98;-0.09;-0.43;4.52;-7.75;5.49
179626.00ms : 0.99;-0.14;-0.42;5.43;-6.41;5.98
179646.00ms : 1.00;-0.15;-0.44;3.36;-6.77;6.84
179666.00ms : 1.02;-0.12;-0.45;2.69;-9.03;8.12
179686.00ms : 1.00;-0.12;-0.44;6.77;-8.67;8.61
179706.00ms : 0.98;-0.13;-0.42;9.16;-7.63;8.85
179726.00ms : 1.01;-0.15;-0.42;9.22;-7.57;8.61
179746.00ms : 1.00;-0.13;-0.42;5.80;-8.85;8.91
179766.00ms : 0.99;-0.09;-0.41;4.03;-8.91;9.95
179786.00ms : 0.98;-0.06;-0.40;4.64;-7.51;8.30
179806.00ms : 0.98;-0.03;-0.37;6.10;-5.68;6.41
179826.00ms : 1.00;-0.03;-0.40;6.77;-5.86;5.62
179846.00ms : 0.98;-0.06;-0.40;5.98;-5.19;5.55
179866.00ms : 1.00;-0.06;-0.40;6.23;-5.13;5.49
179886.00ms : 0.99;-0.07;-0.39;7.69;-3.85;4.70
179906.00ms : 1.00;-0.14;-0.40;6.53;-3.17;4.64
179926.00ms : 1.02;-0.15;-0.44;2.38;-5.13;5.55
179946.00ms : 1.01;-0.10;-0.43;1.65;-6.90;6.59
179966.00ms : 1.00;-0.06;-0.42;8.18;-6.59;8.00
179986.00ms : 1.00;-0.11;-0.39;10.86;-4.88;6.90
180006.00ms : 1.00;-0.10;-0.38;7.75;-5.13;5.55
180026.00ms : 0.99;-0.05;-0.38;3.54;-4.64;5.19
180046.00ms : 0.99;-0.01;-0.38;4.58;-4.39;5.74
180066.00ms : 0.99;-0.04;-0.38;7.02;-3.42;5.92
180086.00ms : 0.98;-0.04;-0.36;5.19;-1.89;2.08
180106.00ms : 0.98;0.01;-0.37;2.99;-1.04;-0.49
180126.00ms : 1.00;0.00;-0.39;5.07;-1.89;2.20
180146.00ms : 1.02;-0.11;-0.40;9.09;-1.83;4.76
180166.00ms : 0.99;-0.15;-0.40;3.17;-1.16;1.53
180186.00ms : 1.00;-0.09;-0.40;-2.50;-2.50;-1.46
180206.00ms : 1.01;-0.05;-0.41;-2.26;-2.32;0.37
180226.00ms : 0.99;-0.04;-0.37;-0.37;-2.01;2.62
180246.00ms : 0.98;-0.04;-0.36;-1.04;-1.53;0.67
180266.00ms : 1.00;-0.01;-0.39;0.61;-1.04;-0.85
180286.00ms : 1.01;-0.05;-0.40;3.60;-1.40;0.67
180306.00ms : 0.99;-0.09;-0.40;1.77;-2.87;0.92
180326.00ms : 0.98;-0.05;-0.38;0.12;-2.32;-0.24
180346.00ms : 1.04;-0.06;-0.42;3.54;-2.99;1.95
180366.00ms : 1.00;-0.10;-0.41;4.09;-2.44;1.59
180386.00ms : 0.98;-0.07;-0.39;2.62;-1.83;-0.61
180406.00ms : 1.00;-0.05;-0.39;1.53;-2.75;-1.89
180426.00ms : 1.00;-0.07;-0.39;1.46;-3.17;-0.06
180446.00ms : 1.00;-0.12;-0.39;-0.85;-2.44;-0.24
180466.00ms : 0.98;-0.07;-0.37;-6.16;-2.14;-3.60
180486.00ms : 1.02;-0.04;-0.40;-6.29;-3.48;-1.83
180506.00ms : 1.01;-0.08;-0.41;-4.21;-3.91;-0.06
180526.00ms : 1.00;-0.12;-0.38;-4.39;-3.66;-0.49
180546.00ms : 0.98;-0.07;-0.36;-7.14;-3.60;-2.87
180566.00ms : 1.01;0.01;-0.39;-3.91;-3.30;-2.32
180586.00ms : 1.01;-0.03;-0.39;1.40;-3.11;-1.34
180606.00ms : 0.99;-0.10;-0.38;1.10;-3.17;0.06
180626.00ms : 1.00;-0.10;-0.39;-2.38;-4.09;-0.98
180646.00ms : 1.01;-0.08;-0.38;-2.38;-4.03;-0.73
180666.00ms : 0.99;-0.08;-0.38;0.31;-2.75;-0.49
180686.00ms : 1.01;-0.09;-0.39;1.71;-2.81;0.37
180706.00ms : 0.99;-0.08;-0.38;0.43;-2.81;0.18
180726.00ms : 0.99;-0.04;-0.37;-1.22;-2.69;-0.61
180746.00ms : 0.99;-0.05;-0.35;-0.67;-1.65;-1.28
180766.00ms : 1.00;-0.06;-0.37;-0.92;-1.53;-1.04
180786.00ms : 1.00;-0.07;-0.38;-0.61;-2.20;-1.28
180806.00ms : 1.00;-0.08;-0.39;-0.73;-2.14;-1.65
180826.00ms : 0.99;-0.08;-0.37;-2.26;-1.83;-1.46
180846.00ms : 0.99;-0.06;-0.36;-3.17;-1.53;-1.71
180866.00ms : 1.00;-0.06;-0.37;-1.53;-1.53;-2.08
180886.00ms : 0.99;-0.06;-0.37;-0.24;-1.28;-1.83
180906.00ms : 0.99;-0.06;-0.38;0.18;-0.98;-1.59
180926.00ms : 0.99;-0.07;-0.37;1.16;-0.61;-1.77
180946.00ms : 0.99;-0.09;-0.37;1.28;-0.31;-1.89
180966.00ms : 1.00;-0.09;-0.37;0.67;-0.61;-1.65
180986.00ms : 1.00;-0.08;-0.39;1.16;-0.73;-1.34
181006.00ms : 0.99;-0.08;-0.38;2.44;-0.43;-0.92
181026.00ms : 0.99;-0.11;-0.37;1.53;0.43;-0.67
181046.00ms : 1.01;-0.10;-0.37;-1.10;-0.24;-1.10
181066.00ms : 1.01;-0.08;-0.39;-1.71;-1.22;-0.85
181086.00ms : 0.99;-0.08;-0.38;-0.85;-1.10;0.18
181106.00ms : 1.00;-0.10;-0.37;-1.28;-0.98;0.24
181126.00ms : 1.00;-0.08;-0.37;-2.32;-1.22;-0.18
181146.00ms : 1.00;-0.06;-0.38;-1.16;-0.67;-0.24
181166.00ms : 1.00;-0.06;-0.38;-0.18;-1.16;0.24
181186.00ms : 1.00;-0.07;-0.37;1.34;-0.49;0.43
181206.00ms : 1.00;-0.09;-0.38;0.12;-0.37;0.12
181226.00ms : 1.00;-0.08;-0.38;-1.04;-0.67;0.00
181246.00ms : 1.00;-0.08;-0.38;-0.67;-0.79;0.18
181266.00ms : 0.99;-0.07;-0.37;-0.31;-0.73;0.00
181286.00ms : 1.01;-0.08;-0.38;-1.40;-0.85;0.43
181306.00ms : 1.00;-0.08;-0.39;-2.26;-1.34;0.37
181326.00ms : 1.00;-0.08;-0.38;-1.04;-0.79;0.37
181346.00ms : 0.99;-0.07;-0.37;-0.85;-0.79;0.06
181366.00ms : 1.00;-0.05;-0.37;-0.43;-1.04;0.31
181386.00ms : 1.00;-0.08;-0.38;0.55;-0.79;0.43
181406.00ms : 0.99;-0.09;-0.38;-0.18;-1.04;0.49
181426.00ms : 0.99;-0.07;-0.38;-0.31;-0.79;-0.55
181446.00ms : 1.00;-0.06;-0.38;1.10;-0.55;-0.37
181466.00ms : 1.00;-0.09;-0.39;0.06;-1.10;0.18
181486.00ms : 0.99;-0.09;-0.38;-0.98;-0.79;0.37
181506.00ms : 1.01;-0.07;-0.38;-0.61;-0.67;-0.37
181526.00ms : 1.00;-0.07;-0.37;0.37;-0.49;-0.31
181546.00ms : 0.99;-0.07;-0.37;0.85;-0.61;-0.06
181566.00ms : 1.00;-0.07;-0.38;1.04;-0.79;-0.18
181586.00ms : 1.00;-0.07;-0.38;1.10;-0.61;-0.67
181606.00ms : 1.00;-0.08;-0.38;0.92;-0.92;-0.24
181626.00ms : 1.00;-0.08;-0.38;0.92;-1.22;-0.43
181646.00ms : 0.99;-0.08;-0.38;0.85;-0.85;-0.55
181666.00ms : 1.00;-0.07;-0.37;-0.55;-0.79;-0.79
181686.00ms : 0.99;-0.07;-0.39;-0.43;-1.10;-0.61
181706.00ms : 0.99;-0.06;-0.38;0.79;-0.92;-0.79
181726.00ms : 1.00;-0.07;-0.38;1.77;-0.67;-1.10
181746.00ms : 1.00;-0.08;-0.38;0.92;-0.37;-1.04
181766.00ms : 1.00;-0.09;-0.38;-0.06;-0.67;-0.85
181786.00ms : 1.00;-0.09;-0.38;0.06;-0.73;-1.04
181806.00ms : 1.01;-0.08;-0.39;0.79;-0.85;0.12
181826.00ms : 1.01;-0.12;-0.38;1.28;-0.73;0.79
181846.00ms : 0.98;-0.13;-0.37;-1.95;-0.98;0.85
181866.00ms : 0.98;-0.07;-0.35;-5.92;-0.61;-0.55
181886.00ms : 0.99;-0.00;-0.36;-4.82;-0.06;-1.83
181906.00ms : 1.00;-0.02;-0.39;0.06;0.31;-1.22
181926.00ms : 1.00;-0.08;-0.38;1.34;0.24;-0.18
181946.00ms : 0.99;-0.12;-0.39;-0.37;0.43;-0.61
181966.00ms : 1.01;-0.10;-0.39;-1.34;-0.55;-1.53
181986.00ms : 1.00;-0.08;-0.39;-0.79;-0.49;-0.67
182006.00ms : 1.00;-0.07;-0.39;-0.31;-0.61;0.18
182026.00ms : 1.00;-0.07;-0.38;-0.06;-0.43;-0.73
182046.00ms : 1.00;-0.07;-0.37;-0.49;-0.37;-0.92
182066.00ms : 0.99;-0.05;-0.38;0.12;-0.12;-0.43
182086.00ms : 1.01;-0.08;-0.38;1.16;0.12;-0.31
182106.00ms : 1.01;-0.11;-0.39;0.55;-0.55;-0.12
182126.00ms : 0.99;-0.10;-0.39;-0.73;-0.06;-0.98
182146.00ms : 1.00;-0.10;-0.39;-2.56;-0.18;-1.16
182166.00ms : 1.01;-0.08;-0.39;-3.30;-0.98;-1.04
182186.00ms : 1.00;-0.09;-0.38;-2.75;-0.67;-0.73
182206.00ms : 0.99;-0.06;-0.38;-2.20;-0.98;-0.85
182226.00ms : 1.00;-0.06;-0.38;-1.40;-0.49;-1.16
182246.00ms : 1.01;-0.08;-0.38;-2.32;-0.43;-0.61
182266.00ms : 1.00;-0.09;-0.39;-2.32;-0.61;-0.85
182286.00ms : 1.00;-0.10;-0.38;-2.44;-0.92;-0.92
182306.00ms : 1.00;-0.09;-0.39;-2.99;-1.16;-0.92
182326.00ms : 1.00;-0.06;-0.39;-2.69;-0.98;-1.34
182346.00ms : 1.00;-0.08;-0.38;-1.71;-0.79;-0.55
182366.00ms : 0.99;-0.09;-0.38;-2.44;-1.28;-0.67
182386.00ms : 1.01;-0.08;-0.39;-3.17;-1.59;-1.04
182406.00ms : 0.99;-0.07;-0.39;-2.81;-1.40;-0.85
182426.00ms : 0.99;-0.07;-0.39;-1.65;-1.16;-0.92
182446.00ms : 1.00;-0.08;-0.38;-0.73;-1.04;-0.73
182466.00ms : 1.00;-0.08;-0.39;-0.92;-1.34;-0.85
182486.00ms : 1.00;-0.07;-0.38;-0.49;-1.53;-0.67
182506.00ms : 1.00;-0.09;-0.39;1.16;-1.10;-0.67
182526.00ms : 0.99;-0.09;-0.38;1.16;-1.10;-0.92
182546.00ms : 1.00;-0.09;-0.38;0.49;-1.16;-1.04
182566.00ms : 1.01;-0.09;-0.38;0.24;-1.53;-0.55
182586.00ms : 1.00;-0.09;-0.38;0.61;-1.16;-0.37
182606.00ms : 1.01;-0.09;-0.37;0.31;-1.59;-0.55
182626.00ms : 0.99;-0.09;-0.38;0.00;-1.71;-0.67
182646.00ms : 1.00;-0.09;-0.38;-0.12;-1.34;-0.85
182666.00ms : 1.00;-0.09;-0.38;0.31;-1.34;-0.73
182686.00ms : 1.00;-0.10;-0.38;0.37;-1.34;-0.24
182706.00ms : 0.99;-0.10;-0.38;-0.43;-1.04;0.37
182726.00ms : 1.00;-0.10;-0.38;-1.53;-1.34;-0.06
182746.00ms : 1.00;-0.07;-0.39;-0.98;-1.34;-0.31
182766.00ms : 1.00;-0.07;-0.38;1.22;-1.10;0.49
182786.00ms : 1.00;-0.11;-0.38;0.85;-0.61;0.49
182806.00ms : 1.00;-0.11;-0.38;-1.34;-0.92;0.31
182826.00ms : 1.00;-0.08;-0.38;-2.32;-0.92;-0.12
182846.00ms : 1.00;-0.08;-0.38;-1.65;-0.92;0.37
182866.00ms : 0.99;-0.09;-0.38;-1.95;-0.73;0.18
182886.00ms : 0.99;-0.10;-0.38;-2.38;-0.67;-0.24
182906.00ms : 1.01;-0.10;-0.38;-4.21;-0.92;-0.18
182926.00ms : 1.00;-0.08;-0.38;-4.21;-0.85;-0.18
182946.00ms : 1.00;-0.08;-0.39;-3.17;-1.16;0.55
182966.00ms : 1.00;-0.09;-0.38;-2.38;-1.10;0.06
182986.00ms : 1.00;-0.07;-0.39;-2.38;-1.28;-0.37
183006.00ms : 1.00;-0.06;-0.39;-1.34;-0.92;0.12
183026.00ms : 1.00;-0.08;-0.39;0.31;-0.98;-0.12
183046.00ms : 1.00;-0.10;-0.38;0.06;-0.98;-0.31
183066.00ms : 0.99;-0.08;-0.38;-1.04;-1.40;-0.37
183086.00ms : 1.00;-0.08;-0.38;-1.10;-1.59;-0.18
183106.00ms : 0.99;-0.08;-0.38;-1.28;-1.46;-0.67
183126.00ms : 1.00;-0.07;-0.38;-0.31;-1.10;-0.73
183146.00ms : 1.00;-0.08;-0.38;0.37;-1.04;-0.55
183166.00ms : 1.00;-0.09;-0.38;0.06;-1.34;-0.55
183186.00ms : 1.00;-0.09;-0.38;0.31;-1.40;-0.67
183206.00ms : 0.99;-0.09;-0.39;0.73;-1.28;-0.55
183226.00ms : 1.00;-0.09;-0.38;0.92;-1.34;0.06
183246.00ms : 1.00;-0.09;-0.37;1.10;-1.34;0.06
183266.00ms : 1.00;-0.08;-0.38;0.73;-1.22;0.18
183286.00ms : 1.00;-0.08;-0.38;0.98;-1.28;-0.12
183306.00ms : 1.00;-0.09;-0.38;1.53;-1.46;0.24
183326.00ms : 0.99;-0.09;-0.37;0.98;-1.16;0.06
183346.00ms : 1.00;-0.08;-0.37;0.37;-1.22;-0.18
183366.00ms : 1.00;-0.09;-0.38;0.31;-1.34;0.31
183386.00ms : 0.99;-0.09;-0.38;0.61;-1.34;-0.06
183406.00ms : 1.00;-0.09;-0.38;0.18;-1.59;-0.24
183426.00ms : 1.00;-0.08;-0.38;0.31;-0.85;-0.12
183446.00ms : 1.00;-0.09;-0.38;-0.06;-1.16;-0.06
183466.00ms : 1.00;-0.09;-0.39;0.24;-1.28;0.24
183486.00ms : 1.00;-0.08;-0.38;0.98;-1.46;0.00
183506.00ms : 1.00;-0.09;-0.38;1.28;-1.65;0.00
183526.00ms : 0.99;-0.11;-0.37;-0.06;-1.10;0.55
183546.00ms : 1.00;-0.09;-0.37;-2.75;-1.34;0.37
183566.00ms : 1.00;-0.06;-0.38;-2.56;-1.46;0.31
183586.00ms : 0.99;-0.07;-0.38;-0.49;-1.16;0.49
