568802.00ms : 0.95;-0.31;-0.30;-3.78;2.20;-1.34
568821.00ms : 0.95;-0.32;-0.30;-3.97;2.44;-0.79
568841.00ms : 0.95;-0.31;-0.30;-3.60;3.05;0.92
568861.00ms : 0.95;-0.31;-0.30;-4.82;2.32;-0.37
568881.00ms : 0.95;-0.33;-0.30;-8.48;0.06;-0.85
568901.00ms : 0.93;-0.42;-0.32;-9.64;1.10;-0.79
568921.00ms : 0.96;-0.34;-0.30;-11.47;-1.34;-1.46
568941.00ms : 0.93;-0.31;-0.33;-10.07;-2.26;2.14
568961.00ms : 0.94;-0.35;-0.27;-10.07;-0.85;1.04
568981.00ms : 0.90;-0.34;-0.30;-10.93;-0.92;1.34
569001.00ms : 0.94;-0.27;-0.29;-14.10;-1.22;0.06
569021.00ms : 0.96;-0.32;-0.32;-12.08;-1.10;-0.85
569041.00ms : 0.97;-0.33;-0.31;-9.89;-3.60;0.37
569061.00ms : 0.93;-0.29;-0.32;-7.39;-4.82;-0.85
569081.00ms : 0.96;-0.33;-0.31;-1.59;-5.13;8.79
569101.00ms : 0.95;-0.28;-0.32;-4.82;-5.25;-3.11
569121.00ms : 0.99;-0.27;-0.30;-1.83;-8.73;0.24
569141.00ms : 0.97;-0.28;-0.31;-0.24;-11.05;-2.08
569161.00ms : 0.91;-0.30;-0.27;-3.91;-12.15;2.50
569181.00ms : 0.86;-0.35;-0.31;-1.71;-8.91;-7.32
569201.00ms : 0.95;-0.35;-0.29;-3.66;-8.79;-6.04
569221.00ms : 0.89;-0.46;-0.28;-11.90;-3.91;-8.12
569241.00ms : 0.88;-0.54;-0.27;-23.68;0.18;-11.23
569261.00ms : 0.92;-0.51;-0.29;-37.84;2.01;-13.73
569281.00ms : 0.93;-0.35;-0.27;-40.95;3.85;-13.31
569301.00ms : 0.94;-0.23;-0.22;-30.82;0.98;-11.35
569321.00ms : 0.96;-0.14;-0.20;-12.82;-5.92;-8.48
569341.00ms : 0.99;-0.13;-0.23;0.79;-10.80;-2.87
569361.00ms : 0.97;-0.20;-0.23;5.43;-10.13;-3.66
569381.00ms : 0.93;-0.29;-0.23;2.81;-6.71;-8.97
569401.00ms : 0.93;-0.33;-0.23;-2.32;-4.33;-10.80
569421.00ms : 0.92;-0.31;-0.26;-1.40;-6.71;-10.80
569441.00ms : 0.92;-0.28;-0.30;6.35;-7.39;-10.01
569461.00ms : 0.94;-0.35;-0.27;13.06;-8.54;-9.64
569481.00ms : 0.93;-0.42;-0.25;11.47;-9.09;-7.39
569501.00ms : 0.91;-0.44;-0.22;6.35;-8.85;-6.84
569521.00ms : 0.90;-0.35;-0.22;5.00;-8.54;-6.47
569541.00ms : 0.93;-0.34;-0.18;8.97;-8.54;-5.98
569561.00ms : 0.99;-0.28;-0.18;18.49;-14.47;-4.82
569581.00ms : 1.03;-0.20;-0.18;28.69;-19.10;-2.14
569601.00ms : 1.03;-0.15;-0.18;40.47;-23.86;4.27
569621.00ms : 1.01;-0.15;-0.21;52.67;-26.86;9.58
569641.00ms : 1.02;-0.16;-0.21;59.20;-25.15;14.40
569661.00ms : 1.03;-0.19;-0.11;60.91;-25.51;19.35
569681.00ms : 0.90;-0.38;-0.30;50.54;-16.17;16.30
569701.00ms : 0.92;-0.33;-0.32;35.89;-13.79;21.18
569721.00ms : 1.00;-0.19;-0.37;32.65;-18.01;34.18
569741.00ms : 1.04;-0.09;-0.38;43.46;-19.96;50.05
569761.00ms : 1.07;-0.03;-0.35;54.69;-18.55;63.78
569781.00ms : 1.08;-0.09;-0.29;57.86;-15.56;74.28
569801.00ms : 0.99;-0.19;-0.28;45.65;-13.61;80.99
569821.00ms : 1.00;-0.28;-0.25;21.55;-5.62;82.82
569841.00ms : 0.98;-0.31;-0.25;-2.01;-0.24;77.15
569861.00ms : 0.96;-0.20;-0.28;-14.34;2.44;76.29
569881.00ms : 0.98;-0.14;-0.27;-14.28;0.73;80.14
569901.00ms : 0.97;-0.21;-0.19;-11.47;-2.01;82.52
569921.00ms : 0.97;-0.23;-0.21;-14.40;-4.27;80.99
569941.00ms : 0.99;-0.19;-0.19;-18.25;-3.42;77.58
569961.00ms : 0.92;-0.21;-0.21;-20.57;-1.71;70.37
569981.00ms : 0.92;-0.23;-0.16;-23.99;-5.00;63.90
570001.00ms : 0.95;-0.22;-0.20;-31.19;-3.91;59.20
570021.00ms : 0.94;-0.23;-0.19;-33.26;-5.19;52.00
570041.00ms : 0.96;-0.13;-0.21;-32.90;-6.59;49.07
570061.00ms : 0.91;-0.13;-0.20;-31.80;-3.30;41.50
570081.00ms : 0.90;-0.11;-0.15;-31.86;-5.74;35.71
570101.00ms : 0.93;-0.11;-0.20;-30.46;-4.64;32.71
570121.00ms : 0.98;-0.12;-0.17;-36.07;1.46;25.09
570141.00ms : 0.98;-0.08;-0.16;-44.68;4.64;18.01
570161.00ms : 0.96;0.03;-0.19;-44.31;2.01;17.27
570181.00ms : 0.95;-0.10;-0.17;-41.26;1.59;15.50
570201.00ms : 0.96;-0.08;-0.22;-44.80;3.17;10.86
570221.00ms : 0.95;-0.03;-0.21;-45.59;3.60;8.67
570241.00ms : 0.95;0.03;-0.25;-40.41;2.38;6.35
570261.00ms : 0.96;-0.03;-0.26;-28.93;-0.12;4.52
570281.00ms : 0.94;-0.09;-0.27;-20.57;0.06;3.66
570301.00ms : 0.95;-0.12;-0.23;-15.20;-0.61;2.62
570321.00ms : 0.95;-0.07;-0.20;-7.63;-3.30;2.62
570341.00ms : 0.98;-0.11;-0.22;-1.28;-1.40;0.55
570361.00ms : 0.97;-0.16;-0.20;-1.65;1.71;-3.91
570381.00ms : 0.98;-0.13;-0.20;-3.60;2.93;-6.29
570401.00ms : 0.95;-0.10;-0.16;-3.97;1.71;-7.81
570421.00ms : 0.96;-0.06;-0.23;-2.87;1.40;-10.74
570441.00ms : 0.99;-0.07;-0.18;3.17;0.79;-12.82
570461.00ms : 1.00;-0.02;-0.17;7.32;-1.83;-17.52
570481.00ms : 1.02;0.00;-0.25;14.40;-1.65;-24.96
570501.00ms : 0.97;-0.01;-0.22;23.44;-1.95;-33.08
570521.00ms : 0.98;-0.03;-0.22;35.46;-5.19;-36.38
570541.00ms : 0.97;0.02;-0.30;53.16;-8.06;-36.62
570561.00ms : 1.02;-0.03;-0.30;64.94;-13.31;-34.91
570581.00ms : 0.97;-0.09;-0.25;77.82;-25.27;-34.91
570601.00ms : 0.92;-0.12;-0.21;89.36;-30.27;-41.32
570621.00ms : 0.80;-0.24;-0.21;90.15;-27.47;-45.59
570641.00ms : 0.82;-0.31;-0.20;75.99;-19.35;-52.98
570661.00ms : 0.98;-0.24;-0.18;54.32;-18.37;-57.43
570681.00ms : 1.05;-0.01;-0.17;43.33;-17.76;-55.54
570701.00ms : 1.03;-0.03;-0.15;42.97;-12.70;-54.50
570721.00ms : 0.97;-0.04;-0.15;43.52;-9.40;-58.23
570741.00ms : 1.00;-0.06;-0.14;39.67;-6.04;-63.23
570761.00ms : 0.98;-0.14;-0.15;32.59;-1.89;-71.78
570781.00ms : 1.00;-0.21;-0.18;25.63;-1.83;-71.72
570801.00ms : 1.03;-0.23;-0.18;18.55;-3.91;-63.42
570821.00ms : 1.00;-0.19;-0.18;16.36;-4.21;-54.50
570841.00ms : 0.97;-0.16;-0.14;18.80;-0.18;-54.38
570861.00ms : 1.00;-0.19;-0.18;7.75;4.27;-55.54
570881.00ms : 0.99;-0.24;-0.21;-8.79;8.48;-55.42
570901.00ms : 0.91;-0.32;-0.24;-20.87;13.67;-52.19
570921.00ms : 0.89;-0.34;-0.25;-31.92;19.17;-49.50
570941.00ms : 0.96;-0.21;-0.28;-39.61;18.92;-49.99
570961.00ms : 0.99;-0.22;-0.33;-33.20;23.86;-54.99
570981.00ms : 0.91;-0.34;-0.29;-24.35;30.09;-60.67
571001.00ms : 0.87;-0.47;-0.32;-27.95;34.97;-61.89
571021.00ms : 0.88;-0.53;-0.33;-40.65;34.06;-58.96
571041.00ms : 0.87;-0.46;-0.34;-43.58;33.20;-57.13
571061.00ms : 0.88;-0.32;-0.24;-37.29;28.99;-55.30
571081.00ms : 0.96;-0.29;-0.17;-38.88;25.51;-41.02
571101.00ms : 1.01;-0.33;-0.14;-42.79;18.62;-22.09
571121.00ms : 0.96;-0.24;-0.19;-39.61;9.03;-2.14
571141.00ms : 0.98;-0.07;-0.28;-24.72;3.66;11.90
571161.00ms : 1.01;-0.16;-0.33;-3.78;6.16;17.52
571181.00ms : 0.96;-0.43;-0.25;4.46;8.54;16.05
571201.00ms : 0.85;-0.62;-0.12;-0.12;3.66;11.90
571221.00ms : 0.84;-0.65;-0.14;-5.13;-3.23;5.55
571241.00ms : 0.94;-0.46;-0.21;-2.20;-6.84;5.37
571261.00ms : 0.94;-0.40;-0.21;9.58;-5.86;15.44
571281.00ms : 0.86;-0.57;-0.21;12.33;-2.14;14.89
571301.00ms : 0.83;-0.58;-0.23;2.75;-0.67;3.48
571321.00ms : 0.87;-0.47;-0.22;-5.74;-0.18;-0.12
571341.00ms : 0.90;-0.37;-0.24;-4.76;-0.12;4.09
571361.00ms : 0.89;-0.40;-0.24;-0.73;1.16;7.81
571381.00ms : 0.87;-0.45;-0.22;2.81;0.00;5.31
571401.00ms : 0.88;-0.42;-0.22;4.76;-0.79;4.21
571421.00ms : 0.92;-0.42;-0.22;7.39;-1.71;5.19
571441.00ms : 0.92;-0.44;-0.23;7.57;-1.77;8.48
571461.00ms : 0.88;-0.49;-0.22;5.62;-1.04;9.22
571481.00ms : 0.88;-0.49;-0.16;1.10;-0.85;7.20
571501.00ms : 0.94;-0.51;-0.15;-5.92;-1.83;4.94
571521.00ms : 0.94;-0.47;-0.14;-15.44;-2.62;8.00
571541.00ms : 0.90;-0.47;-0.22;-19.41;1.16;8.61
571561.00ms : 0.91;-0.38;-0.18;-17.15;1.40;4.33
571581.00ms : 0.88;-0.45;-0.16;-17.70;-0.37;5.74
571601.00ms : 0.86;-0.54;-0.13;-25.94;-4.33;7.81
571621.00ms : 0.84;-0.54;-0.10;-40.16;-8.91;8.36
571641.00ms : 0.84;-0.47;-0.06;-56.64;-13.00;9.09
571661.00ms : 0.88;-0.41;-0.02;-70.01;-15.99;10.80
571681.00ms : 0.92;-0.33;0.03;-85.45;-19.29;13.06
571701.00ms : 0.93;-0.26;-0.03;-92.71;-25.15;18.01
571721.00ms : 0.91;-0.25;-0.01;-92.96;-26.25;18.86
571741.00ms : 0.92;-0.27;-0.01;-92.65;-25.76;16.11
571761.00ms : 0.91;-0.34;0.03;-93.69;-29.24;12.51
571781.00ms : 0.91;-0.36;0.01;-101.68;-31.13;8.61
571801.00ms : 0.93;-0.26;-0.03;-105.47;-32.65;11.60
571821.00ms : 0.93;-0.20;-0.08;-102.91;-32.90;15.87
571841.00ms : 0.94;-0.14;-0.10;-94.54;-32.41;18.80
571861.00ms : 0.96;-0.16;-0.08;-80.93;-31.74;22.03
571881.00ms : 0.94;-0.21;-0.05;-70.01;-31.98;24.48
571901.00ms : 0.90;-0.25;-0.09;-65.06;-32.84;24.41
571921.00ms : 0.88;-0.25;-0.13;-67.14;-29.17;22.71
571941.00ms : 0.87;-0.22;-0.13;-68.54;-23.93;20.32
571961.00ms : 0.86;-0.18;-0.09;-70.50;-21.36;18.74
571981.00ms : 0.86;-0.15;-0.05;-63.35;-22.03;20.87
572001.00ms : 0.88;-0.05;-0.11;-51.57;-19.71;20.81
572021.00ms : 0.87;-0.04;-0.06;-35.52;-18.62;19.23
572041.00ms : 0.83;-0.12;-0.04;-22.83;-19.29;18.25
572061.00ms : 0.85;-0.11;-0.04;-14.16;-20.14;17.09
572081.00ms : 0.86;-0.15;-0.04;-10.07;-14.95;13.49
572101.00ms : 0.87;-0.14;-0.01;-9.22;-11.29;10.86
572121.00ms : 0.83;-0.08;-0.01;-11.17;-8.91;8.97
572141.00ms : 0.83;-0.08;-0.01;-11.96;-6.35;6.16
572161.00ms : 0.84;-0.08;-0.01;-10.80;-5.55;4.88
572181.00ms : 0.86;-0.10;-0.01;-7.75;-3.42;3.54
572201.00ms : 0.86;-0.10;0.00;-1.65;-1.59;3.97
572221.00ms : 0.86;-0.08;0.01;9.28;-0.55;4.33
572241.00ms : 0.84;-0.13;0.01;18.19;0.73;1.46
572261.00ms : 0.82;-0.22;0.01;20.81;4.52;-2.26
572281.00ms : 0.80;-0.22;0.01;20.32;7.08;-6.41
572301.00ms : 0.79;-0.21;0.00;19.71;11.90;-9.52
572321.00ms : 0.83;-0.24;-0.02;19.78;15.75;-11.84
572341.00ms : 0.83;-0.26;-0.01;18.49;19.17;-11.96
572361.00ms : 0.84;-0.23;-0.02;19.90;20.26;-14.47
572381.00ms : 0.88;-0.16;0.01;22.83;22.52;-15.87
572401.00ms : 0.89;-0.14;-0.00;21.48;26.55;-17.58
572421.00ms : 0.93;-0.13;-0.05;27.53;24.41;-20.75
572441.00ms : 0.90;-0.17;-0.03;38.21;25.45;-21.48
572461.00ms : 0.87;-0.16;0.01;43.40;28.69;-21.79
572481.00ms : 0.85;-0.24;0.09;30.88;34.30;-28.20
572501.00ms : 0.92;-0.24;0.06;21.06;29.30;-30.27
572521.00ms : 0.93;-0.09;0.09;31.86;16.97;-18.25
572541.00ms : 0.88;-0.06;0.01;52.80;10.99;-13.67
572561.00ms : 0.88;-0.17;-0.02;65.61;10.25;-15.08
572581.00ms : 0.90;-0.29;-0.02;68.54;12.70;-22.95
572601.00ms : 0.86;-0.34;-0.06;67.75;12.57;-26.00
572621.00ms : 0.84;-0.38;-0.07;61.77;14.04;-29.60
572641.00ms : 0.86;-0.40;-0.08;50.90;13.12;-31.07
572661.00ms : 0.85;-0.35;-0.12;41.87;14.95;-28.87
572681.00ms : 0.85;-0.38;-0.09;33.75;20.32;-29.85
572701.00ms : 0.88;-0.40;-0.10;27.22;23.25;-35.28
572721.00ms : 0.91;-0.30;-0.07;28.26;16.05;-30.76
572741.00ms : 0.89;-0.31;-0.14;34.85;12.76;-22.16
572761.00ms : 0.85;-0.36;-0.15;43.40;14.77;-24.29
572781.00ms : 0.89;-0.43;-0.13;41.63;17.46;-30.40
572801.00ms : 0.91;-0.42;-0.05;43.64;18.01;-31.62
572821.00ms : 0.94;-0.26;-0.07;48.16;9.70;-18.19
572841.00ms : 0.86;-0.26;-0.05;55.85;6.23;-10.56
572861.00ms : 0.83;-0.31;-0.05;52.06;4.94;-8.79
572881.00ms : 0.88;-0.36;-0.08;39.92;5.86;-7.81
572901.00ms : 0.88;-0.39;-0.08;29.30;6.10;-5.19
572921.00ms : 0.91;-0.40;-0.02;21.55;4.76;0.85
572941.00ms : 0.89;-0.39;-0.03;17.52;1.53;6.23
572961.00ms : 0.83;-0.43;-0.09;8.67;3.78;9.16
572981.00ms : 0.84;-0.51;-0.13;-4.33;5.92;1.40
573001.00ms : 0.86;-0.49;-0.16;-15.26;8.54;-6.71
573021.00ms : 0.90;-0.44;-0.23;-14.59;10.56;-8.67
573041.00ms : 0.90;-0.38;-0.25;-8.73;12.39;-5.43
573061.00ms : 0.91;-0.42;-0.27;9.52;13.37;-11.47
573081.00ms : 0.85;-0.43;-0.28;24.05;12.76;-11.35
573101.00ms : 0.81;-0.49;-0.19;26.00;9.77;-3.66
573121.00ms : 0.87;-0.50;-0.07;15.26;1.46;1.34
573141.00ms : 0.90;-0.45;-0.07;4.09;-3.72;4.46
573161.00ms : 0.88;-0.43;-0.12;-0.18;-1.46;7.14
573181.00ms : 0.89;-0.43;-0.25;1.89;5.31;1.10
573201.00ms : 0.90;-0.46;-0.24;3.42;6.23;-2.14
573221.00ms : 0.86;-0.50;-0.24;3.54;8.06;-6.47
573241.00ms : 0.87;-0.44;-0.24;-2.14;11.66;-5.43
573261.00ms : 0.90;-0.45;-0.27;-8.24;13.06;0.31
573281.00ms : 0.88;-0.46;-0.27;-13.85;13.73;3.54
573301.00ms : 0.87;-0.48;-0.26;-17.64;14.22;4.27
573321.00ms : 0.89;-0.49;-0.22;-18.13;13.73;3.54
573341.00ms : 0.89;-0.46;-0.20;-14.34;9.34;4.33
573361.00ms : 0.90;-0.40;-0.18;-4.82;4.15;7.51
573381.00ms : 0.88;-0.38;-0.18;5.31;2.50;9.58
573401.00ms : 0.91;-0.43;-0.23;9.34;-0.31;9.58
573421.00ms : 0.91;-0.45;-0.27;9.95;-1.22;8.73
573441.00ms : 0.90;-0.52;-0.26;6.53;-0.79;8.06
573461.00ms : 0.86;-0.49;-0.24;3.66;-1.22;7.93
573481.00ms : 0.85;-0.46;-0.22;2.93;-0.67;7.08
573501.00ms : 0.89;-0.46;-0.22;0.24;-0.67;6.77
573521.00ms : 0.90;-0.44;-0.26;-2.44;-1.28;6.77
573541.00ms : 0.91;-0.41;-0.29;-4.94;-0.18;7.32
573561.00ms : 0.92;-0.41;-0.27;-6.96;0.92;5.13
573581.00ms : 0.89;-0.40;-0.25;-8.48;3.66;3.17
573601.00ms : 0.88;-0.43;-0.23;-10.99;4.15;1.89
573621.00ms : 0.90;-0.43;-0.25;-9.95;2.01;0.85
573641.00ms : 0.90;-0.37;-0.27;-5.25;2.14;1.04
573661.00ms : 0.90;-0.38;-0.25;-1.59;3.05;1.46
573681.00ms : 0.90;-0.41;-0.24;-2.20;2.87;1.10
573701.00ms : 0.91;-0.38;-0.28;-0.98;1.65;1.04
573721.00ms : 0.93;-0.34;-0.28;3.72;-0.37;1.10
573741.00ms : 0.90;-0.39;-0.27;9.16;-0.06;3.66
573761.00ms : 0.88;-0.45;-0.27;9.28;0.55;3.11
573781.00ms : 0.88;-0.47;-0.24;5.43;1.04;1.28
573801.00ms : 0.90;-0.48;-0.27;1.77;0.92;1.83
573821.00ms : 0.90;-0.49;-0.28;0.31;0.79;2.50
573841.00ms : 0.88;-0.49;-0.30;-1.34;0.49;1.83
573861.00ms : 0.91;-0.44;-0.28;0.24;0.00;1.59
573881.00ms : 0.89;-0.42;-0.26;1.46;0.61;2.08
573901.00ms : 0.90;-0.40;-0.25;1.83;0.37;2.08
573921.00ms : 0.91;-0.39;-0.27;2.50;-0.12;2.01
573941.00ms : 0.91;-0.39;-0.29;4.46;-0.61;3.30
573961.00ms : 0.90;-0.41;-0.28;6.04;-1.04;3.85
573981.00ms : 0.90;-0.44;-0.29;5.25;-0.37;2.75
574001.00ms : 0.90;-0.44;-0.26;3.91;-1.40;1.10
574021.00ms : 0.91;-0.41;-0.29;2.32;-0.98;1.59
574041.00ms : 0.92;-0.39;-0.29;1.95;-0.43;2.14
574061.00ms : 0.91;-0.39;-0.28;2.32;-0.43;2.50
574081.00ms : 0.90;-0.40;-0.28;2.44;0.00;2.26
574101.00ms : 0.91;-0.41;-0.27;2.08;-0.37;1.83
574121.00ms : 0.91;-0.43;-0.29;1.59;-0.55;2.93
574141.00ms : 0.90;-0.46;-0.27;0.18;-0.06;2.62
574161.00ms : 0.90;-0.44;-0.28;-0.79;0.12;2.01
574181.00ms : 0.90;-0.44;-0.28;-1.46;0.55;2.26
574201.00ms : 0.90;-0.44;-0.28;-1.95;0.61;2.01
574221.00ms : 0.90;-0.43;-0.28;-2.56;0.31;2.20
574241.00ms : 0.91;-0.41;-0.28;-2.81;0.12;1.46
574261.00ms : 0.92;-0.40;-0.29;-2.01;-0.37;1.59
574281.00ms : 0.90;-0.41;-0.27;-2.69;0.00;2.99
574301.00ms : 0.91;-0.39;-0.27;-2.75;-0.85;1.22
574321.00ms : 0.92;-0.38;-0.27;-2.87;-0.73;1.16
574341.00ms : 0.91;-0.39;-0.27;-4.03;-0.24;1.71
574361.00ms : 0.91;-0.42;-0.26;-5.92;0.37;1.22
574381.00ms : 0.91;-0.38;-0.27;-5.68;0.37;0.49
574401.00ms : 0.91;-0.39;-0.29;-5.31;0.18;2.14
574421.00ms : 0.90;-0.44;-0.30;-5.25;1.04;5.00
574441.00ms : 0.88;-0.48;-0.28;-6.77;0.67;3.23
574461.00ms : 0.90;-0.44;-0.29;-7.26;0.00;1.22
574481.00ms : 0.91;-0.41;-0.28;-6.65;-0.31;2.62
574501.00ms : 0.91;-0.43;-0.27;-5.98;-0.06;3.72
574521.00ms : 0.91;-0.38;-0.26;-3.78;-0.85;2.69
574541.00ms : 0.92;-0.35;-0.27;-1.53;-0.92;2.75
574561.00ms : 0.93;-0.37;-0.29;0.98;-2.01;4.03
574581.00ms : 0.91;-0.40;-0.28;1.65;-1.71;4.82
574601.00ms : 0.91;-0.40;-0.27;1.59;-2.56;2.87
574621.00ms : 0.91;-0.38;-0.27;0.24;-2.14;1.71
574641.00ms : 0.92;-0.39;-0.28;-0.67;-1.95;2.01
574661.00ms : 0.91;-0.39;-0.28;-0.12;-2.32;2.20
574681.00ms : 0.92;-0.40;-0.28;-0.24;-1.89;1.83
574701.00ms : 0.92;-0.37;-0.27;-0.49;-2.20;0.61
574721.00ms : 0.92;-0.37;-0.27;-0.49;-2.20;0.98
574741.00ms : 0.92;-0.38;-0.28;0.06;-2.62;1.71
574761.00ms : 0.91;-0.41;-0.28;0.61;-2.62;1.59
574781.00ms : 0.91;-0.40;-0.26;1.10;-2.08;0.61
574801.00ms : 0.92;-0.38;-0.27;0.79;-2.87;0.12
574821.00ms : 0.91;-0.39;-0.26;0.98;-2.50;1.10
574841.00ms : 0.91;-0.40;-0.26;-0.12;-2.08;0.43
574861.00ms : 0.91;-0.38;-0.27;-0.43;-1.89;-0.18
574881.00ms : 0.92;-0.38;-0.27;0.67;-1.77;0.92
574901.00ms : 0.91;-0.39;-0.26;0.67;-1.77;1.10
574921.00ms : 0.91;-0.41;-0.27;-0.06;-1.83;1.16
574941.00ms : 0.91;-0.43;-0.27;-1.04;-1.46;0.85
574961.00ms : 0.92;-0.42;-0.28;-2.87;-0.85;-0.24
574981.00ms : 0.92;-0.43;-0.26;-3.85;0.43;-2.14
575001.00ms : 0.90;-0.40;-0.27;-7.20;0.43;-2.01
575021.00ms : 0.90;-0.35;-0.25;-7.93;0.49;-0.79
575041.00ms : 0.92;-0.36;-0.26;-8.24;0.55;0.92
575061.00ms : 0.90;-0.42;-0.26;-9.58;1.71;1.53
575081.00ms : 0.90;-0.45;-0.27;-10.19;2.08;-0.31
575101.00ms : 0.91;-0.42;-0.29;-8.85;0.37;-1.04
575121.00ms : 0.92;-0.40;-0.28;-7.08;-0.73;0.18
575141.00ms : 0.91;-0.38;-0.27;-4.82;-1.40;1.65
575161.00ms : 0.92;-0.36;-0.26;-2.38;-2.01;2.38
575181.00ms : 0.91;-0.36;-0.25;-1.28;-1.65;1.59
575201.00ms : 0.92;-0.35;-0.26;-1.59;-1.95;1.16
575221.00ms : 0.92;-0.36;-0.27;-1.46;-2.38;1.89
575241.00ms : 0.92;-0.40;-0.27;-0.67;-2.08;2.81
575261.00ms : 0.91;-0.41;-0.26;-0.73;-2.62;1.77
575281.00ms : 0.91;-0.40;-0.27;-0.79;-2.69;1.28
575301.00ms : 0.91;-0.39;-0.27;-2.32;-2.01;0.79
575321.00ms : 0.92;-0.38;-0.25;-3.11;-2.14;0.98
575341.00ms : 0.92;-0.36;-0.26;-2.50;-2.50;0.73
575361.00ms : 0.91;-0.37;-0.27;-0.92;-1.95;1.34
575381.00ms : 0.91;-0.39;-0.26;-0.37;-2.32;1.83
575401.00ms : 0.92;-0.40;-0.25;0.12;-2.56;0.98
575421.00ms : 0.91;-0.38;-0.25;0.79;-2.99;0.61
575441.00ms : 0.92;-0.36;-0.26;1.89;-2.81;0.67
575461.00ms : 0.91;-0.38;-0.26;1.46;-2.75;1.77
575481.00ms : 0.90;-0.40;-0.26;0.73;-2.38;1.65
575501.00ms : 0.91;-0.38;-0.26;0.55;-2.44;0.18
575521.00ms : 0.92;-0.39;-0.25;0.00;-2.38;0.67
575541.00ms : 0.91;-0.39;-0.26;-0.31;-2.44;0.98
575561.00ms : 0.91;-0.38;-0.25;-0.24;-2.56;0.85
575581.00ms : 0.92;-0.38;-0.26;-0.06;-2.56;0.24
575601.00ms : 0.92;-0.38;-0.25;-0.06;-2.62;1.04
575621.00ms : 0.92;-0.38;-0.26;1.04;-3.30;1.46
575641.00ms : 0.92;-0.38;-0.25;0.98;-4.33;2.50
575661.00ms : 0.91;-0.40;-0.25;-0.37;-4.21;2.14
575681.00ms : 0.91;-0.37;-0.25;-0.31;-3.54;1.04
575701.00ms : 0.91;-0.38;-0.25;-1.46;-2.20;1.28
575721.00ms : 0.92;-0.40;-0.27;-2.08;-2.56;1.22
575741.00ms : 0.92;-0.40;-0.26;-2.75;-2.32;-0.06
575761.00ms : 0.91;-0.39;-0.25;-2.81;-1.59;-0.85
575781.00ms : 0.91;-0.37;-0.24;-2.62;-1.10;-1.53
575801.00ms : 0.92;-0.37;-0.25;-1.95;-1.83;-0.24
575821.00ms : 0.91;-0.39;-0.25;-1.71;-1.77;0.43
575841.00ms : 0.91;-0.39;-0.25;-1.83;-2.01;-0.06
575861.00ms : 0.91;-0.36;-0.24;-1.83;-2.14;-0.37
575881.00ms : 0.92;-0.36;-0.26;-0.98;-2.81;0.43
575901.00ms : 0.91;-0.40;-0.24;0.61;-2.93;1.46
575921.00ms : 0.90;-0.40;-0.23;-0.06;-3.11;0.67
575941.00ms : 0.91;-0.37;-0.24;-1.65;-3.11;0.06
575961.00ms : 0.91;-0.37;-0.25;-0.85;-2.32;1.10
575981.00ms : 0.92;-0.40;-0.24;-0.55;-2.75;1.04
576001.00ms : 0.92;-0.38;-0.25;-1.22;-2.62;-0.43
576021.00ms : 0.91;-0.38;-0.25;-0.79;-2.81;-0.79
576041.00ms : 0.91;-0.39;-0.23;-1.34;-2.38;-0.67
576061.00ms : 0.91;-0.39;-0.25;-3.66;-2.99;0.31
576081.00ms : 0.92;-0.37;-0.25;-1.40;-3.97;0.79
576101.00ms : 0.91;-0.37;-0.24;0.49;-3.91;1.65
576121.00ms : 0.90;-0.38;-0.22;-0.49;-3.60;1.71
576141.00ms : 0.91;-0.39;-0.23;-2.01;-2.99;1.04
576161.00ms : 0.92;-0.38;-0.23;-2.08;-2.81;0.67
576181.00ms : 0.91;-0.38;-0.24;-1.28;-2.87;0.92
576201.00ms : 0.90;-0.40;-0.24;-0.49;-2.75;1.59
576221.00ms : 0.90;-0.41;-0.23;-0.98;-2.14;1.22
576241.00ms : 0.91;-0.38;-0.24;-1.95;-2.62;0.18
576261.00ms : 0.91;-0.37;-0.23;-2.32;-1.89;0.24
576281.00ms : 0.91;-0.36;-0.23;-2.14;-2.26;0.49
576301.00ms : 0.91;-0.37;-0.23;-0.98;-2.26;1.10
576321.00ms : 0.91;-0.39;-0.25;-1.22;-2.20;0.61
576341.00ms : 0.91;-0.39;-0.24;-1.34;-2.56;0.61
576361.00ms : 0.92;-0.38;-0.25;-0.18;-2.81;0.55
576381.00ms : 0.93;-0.37;-0.25;1.16;-4.03;0.12
576401.00ms : 0.93;-0.37;-0.26;2.93;-5.19;0.37
576421.00ms : 0.93;-0.35;-0.26;5.98;-7.39;0.31
576441.00ms : 0.96;-0.29;-0.27;12.02;-9.77;-0.18
576461.00ms : 1.00;-0.19;-0.26;22.95;-13.79;1.53
576481.00ms : 0.97;-0.18;-0.20;33.69;-17.15;5.86
576501.00ms : 0.94;-0.24;-0.22;45.10;-17.70;5.98
576521.00ms : 0.97;-0.31;-0.22;48.65;-17.70;4.58
576541.00ms : 0.99;-0.31;-0.21;44.68;-17.03;2.75
576561.00ms : 1.00;-0.32;-0.22;39.31;-15.75;2.32
576581.00ms : 0.97;-0.38;-0.19;40.28;-17.21;5.43
576601.00ms : 0.95;-0.42;-0.19;39.37;-21.73;19.23
576621.00ms : 1.05;-0.17;-0.27;33.08;-23.38;37.84
576641.00ms : 1.14;0.10;-0.30;44.74;-26.79;54.87
576661.00ms : 1.09;0.07;-0.30;65.25;-25.57;74.83
576681.00ms : 1.05;-0.11;-0.30;71.96;-23.93;83.25
576701.00ms : 1.04;-0.18;-0.31;64.58;-23.07;83.62
576721.00ms : 1.00;-0.24;-0.31;51.51;-20.14;84.78
576741.00ms : 0.98;-0.26;-0.29;30.70;-15.08;86.24
576761.00ms : 0.99;-0.21;-0.24;15.01;-11.05;86.73
576781.00ms : 0.98;-0.19;-0.21;7.39;-9.95;87.22
576801.00ms : 0.98;-0.17;-0.21;5.07;-10.50;86.85
576821.00ms : 1.01;-0.14;-0.19;1.22;-9.95;85.39
576841.00ms : 1.00;-0.18;-0.18;-11.84;-6.10;81.12
576861.00ms : 0.93;-0.18;-0.17;-21.24;-4.52;72.02
576881.00ms : 0.91;-0.18;-0.18;-25.39;-3.36;65.06
576901.00ms : 0.92;-0.18;-0.16;-27.47;-6.35;59.75
576921.00ms : 0.92;-0.23;-0.14;-31.68;-6.35;52.49
576941.00ms : 0.93;-0.20;-0.16;-37.11;-5.98;46.57
576961.00ms : 0.94;-0.15;-0.15;-36.68;-6.65;42.42
576981.00ms : 0.92;-0.09;-0.14;-29.17;-9.16;40.47
577001.00ms : 0.93;-0.06;-0.19;-20.57;-9.77;38.45
577021.00ms : 0.93;-0.18;-0.20;-19.96;-3.91;32.35
577041.00ms : 0.89;-0.26;-0.19;-30.46;1.22;22.64
577061.00ms : 0.89;-0.17;-0.19;-40.83;2.38;16.24
577081.00ms : 0.88;-0.04;-0.21;-40.71;3.97;10.07
577101.00ms : 0.91;-0.10;-0.24;-34.18;4.52;5.43
577121.00ms : 0.99;-0.14;-0.20;-27.28;3.60;2.20
577141.00ms : 1.02;-0.08;-0.22;-18.31;4.52;-0.67
577161.00ms : 1.00;-0.06;-0.23;-8.97;4.94;-2.56
577181.00ms : 0.99;-0.09;-0.22;-3.97;4.15;-2.50
577201.00ms : 0.98;-0.11;-0.21;-2.62;4.15;-1.83
577221.00ms : 0.96;-0.11;-0.17;-5.00;5.55;-5.62
577241.00ms : 0.94;-0.06;-0.16;-7.32;5.07;-9.34
577261.00ms : 0.94;-0.03;-0.17;-5.37;2.08;-9.77
577281.00ms : 0.95;-0.00;-0.17;0.79;-0.12;-8.97
577301.00ms : 0.96;-0.01;-0.18;9.09;-2.50;-9.58
577321.00ms : 0.98;-0.02;-0.23;16.05;-0.31;-13.24
577341.00ms : 0.96;-0.07;-0.18;19.78;1.04;-21.73
577361.00ms : 0.95;-0.07;-0.20;19.29;2.20;-30.27
577381.00ms : 0.96;-0.10;-0.18;22.16;1.53;-36.99
577401.00ms : 0.97;-0.08;-0.20;27.22;0.67;-42.18
577421.00ms : 1.00;-0.02;-0.20;32.78;-0.18;-45.90
577441.00ms : 1.05;0.02;-0.21;40.77;-6.23;-44.43
577461.00ms : 1.00;-0.08;-0.18;54.63;-11.66;-38.57
577481.00ms : 0.89;-0.20;-0.20;64.03;-15.50;-38.27
577501.00ms : 0.92;-0.21;-0.21;64.58;-16.66;-42.11
577521.00ms : 0.96;-0.16;-0.19;58.72;-15.32;-47.73
577541.00ms : 0.93;-0.21;-0.19;49.44;-10.31;-47.85
577561.00ms : 0.92;-0.22;-0.19;39.00;-8.73;-47.67
577581.00ms : 0.94;-0.20;-0.17;30.76;-6.59;-50.72
577601.00ms : 0.94;-0.19;-0.17;24.17;-3.78;-55.91
577621.00ms : 0.95;-0.18;-0.13;13.98;0.00;-61.40
577641.00ms : 0.98;-0.21;-0.17;6.29;-1.40;-59.63
577661.00ms : 0.92;-0.24;-0.20;5.13;-1.77;-61.77
577681.00ms : 0.93;-0.26;-0.18;4.46;-0.67;-62.62
577701.00ms : 0.95;-0.26;-0.18;-1.95;0.61;-64.15
577721.00ms : 0.98;-0.27;-0.20;-1.89;0.06;-65.06
577741.00ms : 0.99;-0.26;-0.20;-0.61;-0.85;-62.38
577761.00ms : 0.99;-0.26;-0.23;0.37;-3.66;-57.80
577781.00ms : 0.98;-0.25;-0.24;-2.38;-1.77;-52.80
577801.00ms : 0.95;-0.31;-0.25;-7.45;5.13;-49.99
577821.00ms : 0.91;-0.36;-0.28;-17.82;11.84;-46.57
577841.00ms : 0.92;-0.38;-0.31;-24.72;22.64;-52.25
577861.00ms : 0.93;-0.40;-0.33;-34.12;29.79;-56.40
577881.00ms : 0.92;-0.41;-0.37;-45.90;37.60;-55.60
577901.00ms : 0.91;-0.51;-0.39;-54.81;48.95;-61.40
577921.00ms : 0.90;-0.52;-0.36;-63.54;57.19;-70.43
577941.00ms : 0.98;-0.40;-0.28;-77.45;58.35;-67.75
577961.00ms : 1.01;-0.27;-0.13;-79.04;52.25;-55.36
577981.00ms : 0.98;-0.20;-0.01;-70.56;37.90;-35.10
578001.00ms : 0.99;-0.20;-0.03;-52.37;14.89;-12.70
578021.00ms : 0.99;-0.10;-0.24;-32.23;-0.18;16.11
578041.00ms : 0.94;-0.13;-0.31;-5.74;-1.71;36.74
578061.00ms : 0.89;-0.43;-0.33;9.03;1.40;36.99
578081.00ms : 0.87;-0.55;-0.37;3.05;0.73;26.61
578101.00ms : 0.83;-0.54;-0.42;-9.89;3.48;26.98
578121.00ms : 0.85;-0.54;-0.24;-11.66;2.44;22.03
578141.00ms : 0.87;-0.51;-0.15;-4.15;-5.55;17.58
578161.00ms : 0.88;-0.47;-0.10;3.91;-9.34;8.91
578181.00ms : 0.98;-0.42;-0.14;9.52;-11.47;8.36
578201.00ms : 0.95;-0.44;-0.19;9.64;-5.43;11.17
578221.00ms : 0.90;-0.47;-0.23;0.55;-0.12;8.24
578241.00ms : 0.89;-0.46;-0.23;-8.12;0.00;1.95
578261.00ms : 0.88;-0.43;-0.23;-9.40;-2.08;0.73
578281.00ms : 0.88;-0.41;-0.24;-4.88;-1.40;4.27
578301.00ms : 0.90;-0.42;-0.23;-1.71;-1.65;5.49
578321.00ms : 0.87;-0.42;-0.22;0.00;-0.24;5.80
578341.00ms : 0.88;-0.46;-0.22;-3.42;-0.18;4.46
578361.00ms : 0.89;-0.44;-0.20;-5.92;-0.31;2.44
578381.00ms : 0.91;-0.39;-0.22;-4.33;-0.55;1.83
578401.00ms : 0.89;-0.40;-0.23;-1.77;0.92;3.42
578421.00ms : 0.89;-0.43;-0.21;-1.89;1.22;4.21
578441.00ms : 0.89;-0.45;-0.23;-4.82;1.16;3.97
578461.00ms : 0.90;-0.47;-0.21;-7.02;2.01;3.36
578481.00ms : 0.90;-0.48;-0.20;-10.13;4.03;1.28
578501.00ms : 0.92;-0.44;-0.18;-13.55;3.17;0.92
578521.00ms : 0.97;-0.43;-0.15;-25.45;8.54;3.72
578541.00ms : 0.92;-0.48;-0.08;-33.57;11.60;-1.46
578561.00ms : 0.94;-0.40;-0.10;-39.00;13.18;-7.02
578581.00ms : 0.99;-0.40;-0.10;-39.49;9.95;0.98
578601.00ms : 0.97;-0.35;-0.02;-45.41;3.72;13.18
578621.00ms : 0.89;-0.25;0.05;-49.56;-2.01;22.03
578641.00ms : 0.88;-0.29;0.07;-56.70;-5.86;25.33
578661.00ms : 0.88;-0.35;0.07;-71.84;-10.31;25.82
578681.00ms : 0.92;-0.30;0.08;-87.40;-17.94;22.71
578701.00ms : 0.90;-0.23;0.05;-91.25;-26.67;29.36
578721.00ms : 0.98;-0.14;0.00;-78.67;-39.18;38.70
578741.00ms : 0.94;-0.20;-0.06;-65.19;-44.56;42.36
578761.00ms : 0.94;-0.26;-0.07;-59.14;-49.80;37.23
578781.00ms : 0.95;-0.25;-0.06;-57.19;-51.76;31.92
578801.00ms : 0.94;-0.27;-0.06;-61.71;-49.68;28.44
578821.00ms : 0.91;-0.32;-0.04;-70.68;-48.46;22.95
578841.00ms : 0.89;-0.35;-0.05;-87.10;-44.62;13.79
578861.00ms : 0.92;-0.27;-0.14;-104.80;-39.37;12.08
578881.00ms : 0.90;-0.17;-0.15;-109.56;-32.17;9.95
578901.00ms : 0.90;-0.15;-0.14;-100.46;-27.53;12.15
578921.00ms : 0.91;-0.10;-0.13;-86.91;-24.29;13.43
578941.00ms : 0.90;-0.10;-0.12;-69.52;-23.50;13.31
578961.00ms : 0.92;-0.12;-0.17;-51.64;-22.22;17.40
578981.00ms : 0.87;-0.17;-0.16;-37.05;-17.21;17.03
579001.00ms : 0.85;-0.19;-0.15;-29.85;-14.71;13.85
579021.00ms : 0.86;-0.14;-0.14;-21.06;-12.94;12.51
579041.00ms : 0.86;-0.12;-0.15;-10.93;-10.31;13.55
579061.00ms : 0.85;-0.10;-0.12;-2.32;-6.77;10.99
579081.00ms : 0.82;-0.10;-0.11;4.88;-3.66;7.08
579101.00ms : 0.82;-0.10;-0.12;12.82;-2.93;7.39
579121.00ms : 0.83;-0.13;-0.15;21.30;-0.37;7.69
579141.00ms : 0.85;-0.15;-0.04;22.28;3.54;5.49
579161.00ms : 0.81;-0.19;0.08;11.17;6.10;-0.18
579181.00ms : 0.83;-0.15;0.12;-0.98;8.48;-4.39
579201.00ms : 0.87;-0.08;0.19;-8.48;6.41;-5.43
579221.00ms : 0.87;-0.00;0.19;-8.79;4.21;-4.70
579241.00ms : 0.87;-0.01;0.18;-4.76;2.32;-3.60
579261.00ms : 0.89;-0.02;0.15;1.40;-1.89;-1.16
579281.00ms : 0.90;-0.05;0.12;8.18;-4.70;1.53
579301.00ms : 0.88;-0.09;0.06;12.63;-5.37;2.26
579321.00ms : 0.86;-0.14;0.05;11.72;-3.42;0.79
579341.00ms : 0.84;-0.18;0.02;5.62;-0.49;-2.20
579361.00ms : 0.83;-0.16;0.02;0.85;2.56;-5.25
579381.00ms : 0.84;-0.15;-0.00;-0.31;4.70;-7.63
579401.00ms : 0.84;-0.13;-0.02;3.97;5.55;-8.97
579421.00ms : 0.88;-0.12;-0.04;9.83;7.14;-9.16
579441.00ms : 0.87;-0.10;-0.05;17.82;9.52;-13.18
579461.00ms : 0.88;-0.13;-0.04;25.76;12.94;-16.24
579481.00ms : 0.88;-0.12;-0.11;33.69;18.25;-22.16
579501.00ms : 0.89;-0.13;-0.10;43.70;22.28;-28.26
579521.00ms : 0.91;-0.15;-0.13;55.42;19.71;-32.23
579541.00ms : 0.93;-0.15;-0.13;71.66;17.46;-33.51
579561.00ms : 0.97;-0.13;-0.12;90.33;13.55;-22.22
579581.00ms : 0.95;-0.19;-0.09;102.60;10.38;-13.98
579601.00ms : 0.90;-0.26;-0.06;106.32;9.89;-14.04
579621.00ms : 0.88;-0.31;-0.03;103.88;8.91;-14.71
579641.00ms : 0.87;-0.32;-0.07;100.22;8.67;-14.71
579661.00ms : 0.86;-0.37;-0.10;97.60;12.76;-20.39
579681.00ms : 0.86;-0.42;-0.11;92.47;15.38;-28.44
579701.00ms : 0.84;-0.45;-0.13;88.68;17.27;-32.35
579721.00ms : 0.84;-0.42;-0.14;84.11;16.36;-28.38
579741.00ms : 0.86;-0.43;-0.09;75.01;17.58;-20.57
579761.00ms : 0.84;-0.52;-0.08;60.97;21.85;-17.94
579781.00ms : 0.82;-0.51;-0.08;43.76;24.66;-20.45
579801.00ms : 0.87;-0.41;-0.03;28.63;23.32;-17.33
579821.00ms : 0.90;-0.34;-0.02;25.63;20.81;-13.98
579841.00ms : 0.91;-0.31;-0.05;31.19;18.98;-12.08
579861.00ms : 0.92;-0.34;-0.07;37.72;17.03;-11.66
579881.00ms : 0.91;-0.40;-0.05;43.76;14.22;-13.06
579901.00ms : 0.88;-0.41;-0.06;43.70;12.51;-17.21
579921.00ms : 0.84;-0.43;-0.07;37.60;11.05;-18.19
579941.00ms : 0.83;-0.50;-0.08;29.05;13.49;-20.32
579961.00ms : 0.83;-0.46;-0.07;16.05;16.91;-21.12
579981.00ms : 0.84;-0.39;-0.03;6.29;13.43;-18.07
580001.00ms : 0.85;-0.34;0.00;3.30;3.60;-12.57
580021.00ms : 0.87;-0.42;-0.06;4.52;-6.41;-6.65
580041.00ms : 0.88;-0.46;-0.07;-0.37;-13.12;5.98
580061.00ms : 0.88;-0.43;-0.23;-8.00;-9.09;20.81
580081.00ms : 0.92;-0.46;-0.34;-10.13;-3.17;26.25
580101.00ms : 0.95;-0.49;-0.42;-8.00;-1.83;21.36
580121.00ms : 0.95;-0.45;-0.42;-0.67;0.67;13.12
580141.00ms : 0.89;-0.48;-0.25;6.71;-0.55;17.94
580161.00ms : 0.89;-0.49;-0.15;3.42;-3.72;21.55
580181.00ms : 0.85;-0.46;-0.11;-2.56;-3.05;14.47
580201.00ms : 0.85;-0.47;-0.12;-9.58;-1.83;8.06
580221.00ms : 0.85;-0.48;-0.12;-13.73;-3.11;2.87
580241.00ms : 0.90;-0.44;-0.19;-12.33;-3.17;-0.55
580261.00ms : 0.94;-0.38;-0.23;-9.70;-1.59;1.04
580281.00ms : 0.95;-0.35;-0.24;-3.78;-1.83;2.69
580301.00ms : 0.91;-0.35;-0.22;2.81;-3.54;2.81
580321.00ms : 0.90;-0.40;-0.19;7.32;-6.23;2.26
580341.00ms : 0.89;-0.41;-0.20;10.56;-7.26;3.05
580361.00ms : 0.88;-0.46;-0.21;10.93;-6.23;4.76
580381.00ms : 0.87;-0.48;-0.21;8.85;-5.19;2.99
580401.00ms : 0.86;-0.45;-0.19;6.53;-4.21;1.40
580421.00ms : 0.86;-0.44;-0.20;4.46;-2.87;1.22
580441.00ms : 0.87;-0.47;-0.20;3.11;-1.83;1.83
580461.00ms : 0.89;-0.46;-0.22;2.08;-2.56;1.71
580481.00ms : 0.88;-0.44;-0.22;2.26;-1.95;1.59
580501.00ms : 0.88;-0.43;-0.21;1.95;-1.10;0.37
580521.00ms : 0.90;-0.40;-0.20;0.85;-0.55;-0.18
580541.00ms : 0.89;-0.40;-0.21;1.71;0.00;0.79
580561.00ms : 0.89;-0.41;-0.21;2.81;0.06;2.01
580581.00ms : 0.89;-0.43;-0.21;3.60;-0.49;2.20
580601.00ms : 0.88;-0.44;-0.22;4.09;-0.37;1.53
580621.00ms : 0.88;-0.41;-0.21;3.60;-0.31;-0.31
580641.00ms : 0.90;-0.38;-0.23;4.03;-0.61;0.37
580661.00ms : 0.88;-0.42;-0.22;4.27;0.79;2.32
580681.00ms : 0.89;-0.45;-0.23;2.81;0.55;0.61
580701.00ms : 0.89;-0.45;-0.23;0.79;0.55;-0.43
580721.00ms : 0.89;-0.46;-0.24;-0.92;0.37;0.55
580741.00ms : 0.87;-0.47;-0.22;-2.32;1.04;1.22
580761.00ms : 0.89;-0.45;-0.22;-2.75;0.55;-0.55
580781.00ms : 0.90;-0.42;-0.23;-2.62;0.00;-0.73
580801.00ms : 0.89;-0.41;-0.23;-1.59;0.18;0.61
580821.00ms : 0.89;-0.43;-0.22;-1.34;0.43;1.22
580841.00ms : 0.88;-0.45;-0.22;-2.69;0.31;0.61
580861.00ms : 0.88;-0.43;-0.22;-4.52;1.10;-0.85
580881.00ms : 0.90;-0.41;-0.23;-4.64;1.28;-0.92
580901.00ms : 0.89;-0.43;-0.24;-4.88;1.65;0.92
580921.00ms : 0.88;-0.46;-0.24;-5.49;1.10;1.04
580941.00ms : 0.89;-0.44;-0.22;-4.88;0.12;0.18
580961.00ms : 0.89;-0.42;-0.24;-3.42;-0.49;0.37
580981.00ms : 0.88;-0.42;-0.22;-2.26;0.31;1.53
581001.00ms : 0.90;-0.44;-0.23;-2.99;-0.43;1.89
581021.00ms : 0.88;-0.44;-0.23;-2.50;-1.22;1.65
581041.00ms : 0.90;-0.40;-0.22;-0.18;-1.77;0.18
581061.00ms : 0.90;-0.39;-0.23;2.01;-2.08;1.83
581081.00ms : 0.88;-0.43;-0.23;2.50;-1.40;2.81
581101.00ms : 0.89;-0.43;-0.23;1.16;-1.46;2.26
581121.00ms : 0.90;-0.43;-0.23;1.28;-1.77;1.22
581141.00ms : 0.89;-0.44;-0.22;0.49;-1.34;0.98
581161.00ms : 0.89;-0.44;-0.23;-0.49;-1.34;1.10
581181.00ms : 0.90;-0.42;-0.22;-0.92;-1.34;0.61
581201.00ms : 0.89;-0.41;-0.23;-0.31;-1.53;0.98
581221.00ms : 0.90;-0.42;-0.23;0.12;-2.26;1.40
581241.00ms : 0.90;-0.43;-0.23;2.32;-4.21;2.20
581261.00ms : 0.90;-0.47;-0.23;4.21;-5.19;3.48
581281.00ms : 0.83;-0.45;-0.19;2.56;-2.32;0.24
581301.00ms : 0.90;-0.42;-0.21;-3.05;-2.38;-3.30
581321.00ms : 0.92;-0.36;-0.26;-4.88;-0.92;-1.46
581341.00ms : 0.91;-0.37;-0.25;-3.17;-0.98;0.55
581361.00ms : 0.88;-0.42;-0.23;-2.44;-0.67;-0.12
581381.00ms : 0.88;-0.41;-0.20;-4.15;0.73;-2.20
581401.00ms : 0.89;-0.40;-0.21;-5.98;0.31;-3.42
581421.00ms : 0.89;-0.42;-0.22;-6.77;0.37;-1.28
581441.00ms : 0.89;-0.42;-0.23;-3.91;-1.65;-0.85
581461.00ms : 0.88;-0.41;-0.23;0.37;-1.89;-0.98
581481.00ms : 0.88;-0.43;-0.21;1.59;-1.40;-1.28
581501.00ms : 0.89;-0.44;-0.22;0.49;-1.22;-0.61
581521.00ms : 0.89;-0.44;-0.21;0.43;-2.08;0.37
581541.00ms : 0.88;-0.43;-0.21;2.81;-2.99;0.49
581561.00ms : 0.87;-0.41;-0.22;5.25;-2.69;0.92
581581.00ms : 0.88;-0.44;-0.23;3.91;-2.01;1.40
581601.00ms : 0.88;-0.46;-0.21;1.53;-1.53;2.01
581621.00ms : 0.88;-0.44;-0.21;0.98;-1.89;0.73
581641.00ms : 0.89;-0.41;-0.22;1.59;-1.83;0.55
581661.00ms : 0.88;-0.42;-0.22;0.85;-0.61;1.34
581681.00ms : 0.89;-0.43;-0.23;0.12;-1.34;1.77
581701.00ms : 0.90;-0.43;-0.23;0.85;-1.83;1.53
581721.00ms : 0.89;-0.42;-0.22;1.65;-2.08;0.98
581741.00ms : 0.89;-0.41;-0.23;2.87;-2.01;1.46
581761.00ms : 0.89;-0.44;-0.23;2.93;-1.71;2.44
581781.00ms : 0.89;-0.45;-0.22;1.65;-2.75;1.46
581801.00ms : 0.89;-0.41;-0.23;2.75;-3.48;0.43
581821.00ms : 0.90;-0.38;-0.22;5.43;-4.46;1.77
581841.00ms : 0.89;-0.42;-0.23;6.16;-3.97;3.30
581861.00ms : 0.88;-0.45;-0.22;5.19;-4.15;2.50
581881.00ms : 0.89;-0.41;-0.21;4.03;-4.39;0.61
581901.00ms : 0.89;-0.40;-0.23;4.33;-4.64;1.16
581921.00ms : 0.89;-0.44;-0.23;3.30;-3.85;2.44
581941.00ms : 0.88;-0.45;-0.23;2.26;-4.15;2.26
581961.00ms : 0.88;-0.44;-0.22;1.04;-3.48;1.10
581981.00ms : 0.89;-0.42;-0.23;0.73;-3.78;1.16
582001.00ms : 0.89;-0.43;-0.22;0.43;-3.78;2.50
582021.00ms : 0.88;-0.44;-0.22;0.12;-3.48;2.32
582041.00ms : 0.88;-0.44;-0.22;-0.31;-3.85;1.95
582061.00ms : 0.88;-0.42;-0.21;0.18;-3.11;1.10
582081.00ms : 0.91;-0.41;-0.22;-0.73;-3.60;1.34
582101.00ms : 0.88;-0.43;-0.22;-0.85;-3.42;2.69
582121.00ms : 0.88;-0.45;-0.22;-2.08;-3.30;2.14
582141.00ms : 0.89;-0.42;-0.21;-1.65;-4.09;0.55
582161.00ms : 0.90;-0.40;-0.22;-0.61;-3.85;0.98
582181.00ms : 0.89;-0.42;-0.22;-0.18;-3.78;2.38
582201.00ms : 0.88;-0.43;-0.20;-0.73;-3.42;2.26
582221.00ms : 0.89;-0.42;-0.20;-0.73;-3.72;1.16
582241.00ms : 0.90;-0.41;-0.22;-0.18;-4.03;0.67
582261.00ms : 0.90;-0.41;-0.20;0.92;-3.72;1.53
582281.00ms : 0.88;-0.40;-0.21;2.56;-4.58;0.73
582301.00ms : 0.90;-0.39;-0.21;4.21;-4.88;0.43
582321.00ms : 0.91;-0.39;-0.21;5.31;-4.70;0.73
582341.00ms : 0.92;-0.37;-0.20;7.26;-4.88;-0.06
582361.00ms : 0.91;-0.34;-0.18;11.66;-4.52;-1.53
582381.00ms : 0.93;-0.34;-0.21;14.47;-7.14;-0.85
582401.00ms : 0.90;-0.40;-0.20;18.01;-8.18;-0.24
582421.00ms : 0.92;-0.39;-0.18;18.37;-10.56;-0.73
582441.00ms : 0.95;-0.35;-0.22;15.87;-11.11;-2.44
582461.00ms : 1.00;-0.30;-0.21;17.94;-14.34;2.26
582481.00ms : 0.91;-0.36;-0.20;27.89;-15.01;7.63
582501.00ms : 0.88;-0.44;-0.19;27.65;-10.62;8.30
582521.00ms : 0.95;-0.43;-0.22;17.21;-9.16;6.53
582541.00ms : 0.94;-0.38;-0.21;10.44;-7.69;12.15
582561.00ms : 0.93;-0.35;-0.22;4.94;-10.19;23.80
582581.00ms : 0.95;-0.23;-0.22;7.57;-13.61;34.12
582601.00ms : 1.00;-0.13;-0.22;13.37;-15.20;47.55
582621.00ms : 0.99;-0.15;-0.22;21.30;-15.08;57.74
582641.00ms : 1.01;-0.17;-0.21;28.08;-17.15;63.35
582661.00ms : 0.99;-0.19;-0.21;29.05;-19.35;69.09
582681.00ms : 1.00;-0.22;-0.23;25.02;-17.33;73.67
582701.00ms : 0.99;-0.20;-0.20;20.39;-14.65;76.42
582721.00ms : 0.98;-0.20;-0.19;18.68;-15.81;81.36
582741.00ms : 0.98;-0.24;-0.16;16.42;-17.09;85.02
582761.00ms : 0.98;-0.24;-0.18;11.41;-17.64;86.61
582781.00ms : 0.97;-0.18;-0.16;1.46;-16.17;83.44
582801.00ms : 1.00;-0.16;-0.15;-8.54;-13.98;80.26
582821.00ms : 1.03;-0.13;-0.18;-11.66;-10.74;79.59
582841.00ms : 0.97;-0.16;-0.17;-8.06;-6.71;75.56
582861.00ms : 0.94;-0.20;-0.15;-11.23;-5.49;70.43
582881.00ms : 0.94;-0.18;-0.17;-19.71;-4.39;63.96
582901.00ms : 0.94;-0.20;-0.15;-26.79;-1.16;56.82
582921.00ms : 0.91;-0.19;-0.12;-30.52;-0.37;48.65
582941.00ms : 0.92;-0.12;-0.10;-31.56;-3.11;46.63
582961.00ms : 0.92;-0.12;-0.11;-31.01;-4.27;44.19
582981.00ms : 0.91;-0.11;-0.11;-27.95;-6.53;41.26
583001.00ms : 0.89;-0.07;-0.13;-27.77;-3.97;34.00
583021.00ms : 0.92;-0.05;-0.10;-28.56;-5.49;28.02
583041.00ms : 0.95;-0.06;-0.12;-25.88;-7.32;23.80
583061.00ms : 0.95;-0.07;-0.14;-25.27;-7.20;22.52
583081.00ms : 0.93;-0.06;-0.13;-27.95;-4.46;18.62
583101.00ms : 0.94;-0.00;-0.11;-29.97;-5.19;15.14
583121.00ms : 0.90;0.02;-0.15;-27.47;-6.84;15.26
583141.00ms : 0.95;0.04;-0.16;-20.63;-8.00;14.10
583161.00ms : 0.99;-0.04;-0.18;-14.53;-6.29;11.54
583181.00ms : 0.94;-0.07;-0.15;-12.94;-5.62;8.73
583201.00ms : 0.91;-0.04;-0.17;-11.41;-4.46;5.68
583221.00ms : 0.93;-0.03;-0.17;-8.73;-3.42;3.36
583241.00ms : 0.94;-0.09;-0.15;-10.93;-0.98;-0.55
583261.00ms : 0.95;-0.04;-0.16;-13.73;0.24;-2.69
583281.00ms : 0.93;-0.00;-0.13;-11.96;-0.79;-2.26
583301.00ms : 0.94;0.04;-0.19;-7.20;-0.18;-2.75
583321.00ms : 0.95;0.06;-0.17;-1.77;-1.28;-0.92
583341.00ms : 0.95;0.05;-0.17;0.37;0.55;-2.20
583361.00ms : 0.93;-0.00;-0.16;-2.26;3.30;-5.55
583381.00ms : 0.94;-0.01;-0.17;-6.10;4.46;-7.39
583401.00ms : 0.93;0.01;-0.16;-5.31;5.62;-10.86
583421.00ms : 0.95;0.04;-0.10;-4.46;7.08;-17.40
583441.00ms : 0.95;0.04;-0.11;-4.21;9.16;-24.54
583461.00ms : 0.97;0.07;-0.17;-0.31;11.84;-30.64
583481.00ms : 0.99;0.06;-0.22;11.66;16.36;-35.46
583501.00ms : 0.96;0.02;-0.27;26.73;21.06;-39.18
583521.00ms : 0.95;-0.08;-0.28;41.14;20.81;-53.22
583541.00ms : 1.06;-0.06;-0.21;53.34;18.74;-78.74
583561.00ms : 0.97;0.02;-0.17;79.16;3.48;-76.29
583581.00ms : 0.87;-0.20;-0.11;88.07;-2.93;-54.38
583601.00ms : 0.75;-0.49;-0.12;84.96;-1.71;-61.65
583621.00ms : 0.71;-0.49;-0.15;66.41;4.52;-80.32
583641.00ms : 0.89;-0.41;-0.15;46.51;3.72;-83.56
583661.00ms : 0.96;-0.33;-0.18;36.01;-1.71;-76.05
583681.00ms : 0.97;-0.27;-0.18;36.01;-6.41;-67.32
583701.00ms : 1.00;-0.23;-0.13;36.74;-10.56;-61.34
583721.00ms : 1.01;-0.21;-0.12;36.13;-15.93;-55.54
583741.00ms : 0.97;-0.23;-0.11;36.62;-16.17;-54.57
583761.00ms : 0.98;-0.30;-0.16;32.41;-17.94;-52.49
583781.00ms : 0.97;-0.31;-0.17;23.99;-16.91;-49.44
583801.00ms : 0.94;-0.30;-0.17;12.88;-9.89;-51.76
583821.00ms : 0.97;-0.29;-0.19;7.57;-6.04;-52.61
583841.00ms : 0.96;-0.30;-0.23;8.12;-2.75;-52.43
583861.00ms : 0.96;-0.33;-0.26;5.74;3.30;-52.37
583881.00ms : 0.94;-0.41;-0.27;-5.80;10.01;-51.39
583901.00ms : 0.90;-0.43;-0.29;-23.56;18.13;-50.17
583921.00ms : 0.93;-0.34;-0.32;-33.39;24.11;-51.94
583941.00ms : 0.96;-0.31;-0.33;-35.03;30.88;-50.54
583961.00ms : 0.95;-0.35;-0.33;-40.22;37.11;-49.50
583981.00ms : 0.93;-0.37;-0.32;-48.65;42.60;-47.91
584001.00ms : 0.96;-0.36;-0.32;-55.42;48.22;-45.96
584021.00ms : 0.94;-0.34;-0.29;-57.74;53.59;-43.95
584041.00ms : 0.94;-0.32;-0.22;-63.60;56.52;-40.95
584061.00ms : 1.02;-0.27;-0.13;-70.25;47.85;-32.90
584081.00ms : 1.08;-0.25;-0.13;-66.96;35.40;-20.57
584101.00ms : 1.03;-0.26;-0.15;-51.39;21.42;-6.04
584121.00ms : 0.99;-0.24;-0.22;-37.90;11.78;8.36
584141.00ms : 0.93;-0.31;-0.28;-20.87;11.47;10.19
584161.00ms : 0.91;-0.33;-0.32;-11.78;11.29;8.06
584181.00ms : 0.89;-0.39;-0.26;-0.61;7.39;4.27
584201.00ms : 0.89;-0.42;-0.20;6.29;0.00;9.77
584221.00ms : 0.89;-0.42;-0.22;10.07;-5.00;14.28
584241.00ms : 0.86;-0.44;-0.21;12.27;-3.11;18.07
584261.00ms : 0.87;-0.57;-0.20;10.31;-1.89;12.70
584281.00ms : 0.83;-0.64;-0.22;1.10;-2.32;5.74
584301.00ms : 0.85;-0.53;-0.25;-5.49;-2.44;3.30
584321.00ms : 0.90;-0.45;-0.24;-5.07;-2.32;6.96
584341.00ms : 0.94;-0.43;-0.22;-0.92;-3.72;10.19
584361.00ms : 0.89;-0.46;-0.20;0.79;-2.50;11.35
584381.00ms : 0.85;-0.48;-0.19;-1.77;-0.12;7.57
584401.00ms : 0.85;-0.47;-0.18;-7.81;0.61;2.26
584421.00ms : 0.93;-0.44;-0.19;-16.05;-0.85;3.42
584441.00ms : 0.90;-0.47;-0.20;-18.55;1.59;7.69
584461.00ms : 0.89;-0.51;-0.17;-22.64;3.97;6.10
584481.00ms : 0.89;-0.46;-0.16;-27.59;2.62;1.71
584501.00ms : 0.93;-0.36;-0.18;-29.79;2.08;3.23
584521.00ms : 0.89;-0.41;-0.12;-25.63;1.34;8.67
584541.00ms : 0.84;-0.55;-0.05;-33.94;-2.44;8.54
584561.00ms : 0.84;-0.51;-0.02;-51.21;-8.97;6.23
584581.00ms : 0.88;-0.44;-0.00;-66.59;-13.37;7.57
584601.00ms : 0.89;-0.42;0.01;-75.56;-13.73;10.01
584621.00ms : 0.93;-0.34;-0.01;-82.89;-18.55;13.43
584641.00ms : 0.95;-0.27;-0.05;-84.17;-26.98;21.18
584661.00ms : 0.95;-0.27;-0.05;-75.01;-34.30;27.77
584681.00ms : 0.93;-0.27;-0.05;-64.82;-40.16;32.10
584701.00ms : 0.92;-0.28;-0.04;-62.19;-44.68;32.41
584721.00ms : 0.94;-0.25;-0.05;-62.62;-46.26;26.92
584741.00ms : 0.94;-0.27;-0.06;-64.58;-42.72;23.13
584761.00ms : 0.92;-0.28;-0.04;-76.42;-35.03;21.61
584781.00ms : 0.90;-0.28;-0.04;-92.47;-30.88;17.21
584801.00ms : 0.92;-0.27;-0.09;-102.66;-27.28;15.99
584821.00ms : 0.91;-0.24;-0.09;-106.45;-23.25;16.48
584841.00ms : 0.90;-0.17;-0.10;-99.61;-21.85;19.84
584861.00ms : 0.90;-0.11;-0.08;-83.56;-22.77;21.30
584881.00ms : 0.90;-0.09;-0.08;-65.73;-24.66;22.28
584901.00ms : 0.91;-0.13;-0.04;-54.63;-26.61;24.05
584921.00ms : 0.87;-0.15;-0.02;-44.25;-27.28;23.99
584941.00ms : 0.88;-0.14;-0.09;-32.53;-25.88;23.13
584961.00ms : 0.86;-0.13;-0.06;-24.54;-22.46;20.02
584981.00ms : 0.85;-0.16;-0.05;-20.45;-21.12;17.09
585001.00ms : 0.82;-0.18;-0.03;-18.37;-19.29;14.71
585021.00ms : 0.82;-0.16;-0.04;-18.86;-15.08;11.66
585041.00ms : 0.82;-0.16;0.00;-19.10;-12.21;8.61
585061.00ms : 0.81;-0.12;0.00;-17.33;-11.78;5.80
585081.00ms : 0.81;-0.07;-0.01;-12.94;-11.23;5.62
585101.00ms : 0.83;-0.10;0.05;-9.64;-8.67;3.66
585121.00ms : 0.84;-0.06;0.05;-5.55;-8.36;3.66
585141.00ms : 0.84;-0.04;0.03;1.59;-6.65;3.66
585161.00ms : 0.83;-0.11;0.04;3.54;-2.99;2.08
585181.00ms : 0.82;-0.14;0.09;3.30;0.67;1.95
585201.00ms : 0.82;-0.11;0.10;6.35;0.49;2.20
585221.00ms : 0.83;-0.07;0.09;15.63;-2.62;2.93
585241.00ms : 0.80;-0.14;0.08;20.02;-1.95;0.37
585261.00ms : 0.80;-0.18;0.05;19.35;-0.24;-2.87
585281.00ms : 0.80;-0.17;0.03;18.80;3.78;-4.82
585301.00ms : 0.80;-0.19;0.03;19.35;10.68;-7.57
585321.00ms : 0.79;-0.18;-0.01;20.39;13.98;-12.21
585341.00ms : 0.82;-0.17;-0.02;26.92;14.16;-16.36
585361.00ms : 0.84;-0.10;-0.07;33.57;16.78;-15.32
585381.00ms : 0.86;-0.09;-0.06;42.54;23.74;-18.62
585401.00ms : 0.85;-0.13;-0.04;48.52;33.02;-26.55
585421.00ms : 0.86;-0.24;-0.05;50.54;40.65;-38.27
585441.00ms : 0.89;-0.30;-0.01;44.62;43.95;-41.20
585461.00ms : 0.90;-0.34;-0.02;39.25;42.97;-41.32
585481.00ms : 0.90;-0.30;-0.03;35.34;46.20;-43.82
585501.00ms : 0.92;-0.26;0.02;31.80;44.31;-40.34
585521.00ms : 0.95;-0.21;-0.02;32.90;38.21;-35.10
585541.00ms : 0.96;-0.17;-0.05;46.81;31.01;-22.34
585561.00ms : 0.91;-0.21;-0.03;62.93;24.72;-15.38
585581.00ms : 0.88;-0.31;-0.01;70.98;21.79;-13.55
585601.00ms : 0.87;-0.37;0.02;69.95;19.10;-16.36
585621.00ms : 0.86;-0.41;0.08;60.55;15.26;-18.80
585641.00ms : 0.86;-0.40;0.09;47.30;9.58;-19.59
585661.00ms : 0.88;-0.31;0.04;33.81;4.52;-14.47
585681.00ms : 0.94;-0.26;0.01;25.63;3.54;-7.02
585701.00ms : 0.96;-0.22;0.00;26.61;5.68;-3.36
585721.00ms : 0.98;-0.22;-0.01;34.30;5.55;-2.62
585741.00ms : 0.97;-0.21;0.01;42.66;4.70;-2.93
585761.00ms : 0.93;-0.26;-0.01;41.93;4.21;-4.33
585781.00ms : 0.89;-0.34;-0.06;35.10;7.14;-8.48
585801.00ms : 0.87;-0.41;-0.14;22.46;12.57;-11.47
585821.00ms : 0.89;-0.39;-0.15;16.78;17.52;-14.95
585841.00ms : 0.88;-0.35;-0.15;17.76;16.42;-11.11
585861.00ms : 0.89;-0.36;-0.20;23.62;15.93;-9.77
585881.00ms : 0.86;-0.41;-0.21;28.26;16.36;-9.95
585901.00ms : 0.84;-0.45;-0.20;25.88;15.75;-9.89
585921.00ms : 0.85;-0.46;-0.20;21.61;14.77;-9.40
585941.00ms : 0.85;-0.44;-0.22;21.24;15.75;-11.84
585961.00ms : 0.87;-0.45;-0.23;20.20;16.05;-12.39
585981.00ms : 0.88;-0.44;-0.16;21.91;12.15;-10.50
586001.00ms : 0.90;-0.39;-0.11;23.25;7.63;-6.41
586021.00ms : 0.91;-0.37;-0.13;25.45;2.14;-5.31
586041.00ms : 0.91;-0.37;-0.12;27.10;-1.71;-4.76
586061.00ms : 0.89;-0.44;-0.08;23.01;-4.64;-3.54
586081.00ms : 0.85;-0.49;-0.11;13.85;-5.25;-3.66
586101.00ms : 0.83;-0.45;-0.16;1.40;-2.38;-3.17
586121.00ms : 0.83;-0.42;-0.30;-4.88;3.97;-1.83
586141.00ms : 0.88;-0.42;-0.36;-8.18;12.02;0.67
586161.00ms : 0.86;-0.46;-0.33;-9.89;12.27;2.44
586181.00ms : 0.89;-0.40;-0.31;-7.08;8.48;6.53
586201.00ms : 0.96;-0.32;-0.26;1.04;4.70;16.11
586221.00ms : 0.96;-0.40;-0.15;5.98;3.17;23.13
586241.00ms : 0.89;-0.49;-0.08;3.54;0.61;20.32
586261.00ms : 0.89;-0.51;-0.11;2.01;-3.54;14.65
586281.00ms : 0.89;-0.48;-0.21;-2.14;-4.46;14.59
586301.00ms : 0.92;-0.47;-0.25;-2.26;-2.50;13.67
586321.00ms : 0.91;-0.46;-0.33;-1.28;-2.50;9.16
586341.00ms : 0.91;-0.39;-0.31;3.05;-3.54;6.84
586361.00ms : 0.89;-0.40;-0.29;6.59;-1.40;7.93
586381.00ms : 0.91;-0.37;-0.24;7.20;-1.40;6.47
586401.00ms : 0.92;-0.39;-0.22;5.49;-0.37;5.49
586421.00ms : 0.92;-0.40;-0.23;1.40;-0.67;2.81
586441.00ms : 0.91;-0.40;-0.25;-0.55;0.31;3.05
586461.00ms : 0.91;-0.38;-0.26;-0.49;1.04;1.65
586481.00ms : 0.92;-0.37;-0.25;-0.67;2.44;1.34
586501.00ms : 0.92;-0.37;-0.25;-0.67;1.65;0.55
586521.00ms : 0.92;-0.36;-0.26;2.26;0.00;1.53
586541.00ms : 0.92;-0.38;-0.27;6.41;-1.16;2.69
586561.00ms : 0.90;-0.43;-0.27;9.03;-1.16;1.95
586581.00ms : 0.91;-0.44;-0.28;8.18;-1.95;2.08
586601.00ms : 0.91;-0.45;-0.26;7.39;-1.71;1.10
586621.00ms : 0.91;-0.43;-0.27;5.74;-2.26;0.98
586641.00ms : 0.91;-0.41;-0.27;5.31;-2.75;1.22
586661.00ms : 0.92;-0.40;-0.26;6.04;-3.05;1.71
586681.00ms : 0.91;-0.40;-0.26;5.49;-2.81;0.79
586701.00ms : 0.91;-0.38;-0.25;3.85;-2.50;1.10
586721.00ms : 0.91;-0.38;-0.26;2.75;-1.59;0.67
586741.00ms : 0.91;-0.37;-0.27;2.62;-1.65;0.37
586761.00ms : 0.91;-0.37;-0.26;3.72;-1.83;1.04
586781.00ms : 0.91;-0.40;-0.25;3.91;-1.16;1.46
586801.00ms : 0.90;-0.41;-0.26;3.23;-1.16;0.73
586821.00ms : 0.91;-0.41;-0.26;3.23;-1.16;0.55
586841.00ms : 0.91;-0.42;-0.26;3.17;-1.04;1.16
586861.00ms : 0.90;-0.43;-0.27;1.95;-1.04;0.98
586881.00ms : 0.91;-0.44;-0.27;0.98;-1.34;0.00
586901.00ms : 0.90;-0.42;-0.26;0.85;-0.98;0.12
586921.00ms : 0.91;-0.39;-0.27;1.83;-1.95;1.04
586941.00ms : 0.90;-0.39;-0.27;2.99;-1.71;2.32
586961.00ms : 0.91;-0.37;-0.25;4.88;-2.93;2.62
586981.00ms : 0.90;-0.40;-0.25;4.27;-1.40;3.54
587001.00ms : 0.89;-0.50;-0.25;0.79;0.06;3.30
587021.00ms : 0.88;-0.50;-0.25;-3.78;0.67;0.67
587041.00ms : 0.91;-0.43;-0.28;-4.58;0.06;0.12
587061.00ms : 0.91;-0.40;-0.28;-2.81;-0.18;1.71
587081.00ms : 0.92;-0.38;-0.27;-2.32;0.43;2.26
587101.00ms : 0.92;-0.39;-0.27;-2.75;0.00;2.08
587121.00ms : 0.91;-0.40;-0.27;-4.09;0.12;1.95
587141.00ms : 0.92;-0.36;-0.26;-4.33;-0.79;1.10
587161.00ms : 0.92;-0.37;-0.27;-4.09;-0.31;1.59
587181.00ms : 0.92;-0.38;-0.28;-3.97;-0.85;2.75
587201.00ms : 0.91;-0.40;-0.28;-3.11;-1.22;2.62
587221.00ms : 0.92;-0.40;-0.27;-2.87;-1.65;1.83
587241.00ms : 0.92;-0.38;-0.26;-2.32;-2.38;0.43
587261.00ms : 0.92;-0.38;-0.26;-2.87;-2.87;0.92
587281.00ms : 0.92;-0.38;-0.27;-2.08;-2.69;2.01
587301.00ms : 0.91;-0.37;-0.27;-0.79;-3.11;1.59
587321.00ms : 0.92;-0.39;-0.26;0.43;-3.91;1.10
587341.00ms : 0.92;-0.38;-0.25;1.16;-4.21;0.24
587361.00ms : 0.92;-0.37;-0.25;1.77;-4.52;1.04
587381.00ms : 0.91;-0.39;-0.26;1.83;-4.94;1.40
587401.00ms : 0.91;-0.39;-0.25;3.11;-4.64;1.16
587421.00ms : 0.91;-0.38;-0.25;2.50;-4.39;0.37
587441.00ms : 0.91;-0.41;-0.24;1.16;-3.85;0.49
587461.00ms : 0.90;-0.42;-0.26;-1.16;-3.30;1.46
587481.00ms : 0.91;-0.42;-0.25;-1.59;-3.60;0.73
587501.00ms : 0.90;-0.41;-0.25;-2.20;-2.93;0.49
587521.00ms : 0.90;-0.39;-0.24;-2.99;-1.53;0.12
587541.00ms : 0.91;-0.40;-0.24;-3.78;-1.77;0.31
587561.00ms : 0.90;-0.40;-0.25;-3.97;-1.95;0.55
587581.00ms : 0.91;-0.38;-0.25;-2.69;-2.44;0.67
587601.00ms : 0.92;-0.37;-0.25;-0.55;-3.23;1.83
587621.00ms : 0.91;-0.38;-0.25;0.55;-2.56;2.14
587641.00ms : 0.91;-0.39;-0.24;-0.12;-2.32;2.32
587661.00ms : 0.91;-0.38;-0.25;0.31;-2.87;0.55
587681.00ms : 0.92;-0.38;-0.26;0.98;-3.05;1.28
587701.00ms : 0.90;-0.41;-0.25;0.06;-2.69;2.81
587721.00ms : 0.90;-0.40;-0.23;-0.37;-2.50;1.22
587741.00ms : 0.92;-0.37;-0.25;-1.22;-2.14;-0.06
587761.00ms : 0.92;-0.37;-0.26;-0.85;-2.62;1.22
587781.00ms : 0.91;-0.41;-0.25;-1.77;-2.38;2.26
587801.00ms : 0.90;-0.41;-0.24;-2.26;-2.32;0.92
587821.00ms : 0.90;-0.36;-0.24;-1.04;-2.14;-0.55
587841.00ms : 0.92;-0.36;-0.25;0.31;-1.83;0.37
587861.00ms : 0.91;-0.40;-0.23;-0.18;-2.08;1.89
587881.00ms : 0.90;-0.40;-0.24;-0.92;-1.89;0.92
587901.00ms : 0.91;-0.38;-0.24;-0.55;-2.50;0.12
587921.00ms : 0.90;-0.40;-0.24;-0.61;-1.28;0.43
587941.00ms : 0.90;-0.39;-0.25;-1.40;-1.89;-0.18
587961.00ms : 0.91;-0.38;-0.25;-1.22;-1.77;0.61
587981.00ms : 0.91;-0.40;-0.24;-0.92;-1.77;0.79
588001.00ms : 0.91;-0.40;-0.24;-1.22;-2.01;0.85
588021.00ms : 0.92;-0.38;-0.24;-1.40;-1.22;0.18
588041.00ms : 0.92;-0.39;-0.23;-2.44;-0.92;-0.31
588061.00ms : 0.91;-0.39;-0.24;-2.81;-1.34;0.49
588081.00ms : 0.91;-0.39;-0.25;-1.83;-1.95;1.22
588101.00ms : 0.90;-0.39;-0.24;-0.24;-2.26;0.98
588121.00ms : 0.91;-0.38;-0.23;0.12;-2.44;0.37
588141.00ms : 0.92;-0.37;-0.23;-0.43;-1.89;0.92
588161.00ms : 0.91;-0.38;-0.24;-0.79;-2.26;0.98
588181.00ms : 0.91;-0.38;-0.23;0.00;-1.95;0.49
588201.00ms : 0.92;-0.37;-0.24;0.43;-1.71;0.49
588221.00ms : 0.91;-0.37;-0.24;0.85;-1.53;0.79
588241.00ms : 0.91;-0.40;-0.23;0.18;-1.22;1.46
588261.00ms : 0.90;-0.40;-0.23;-0.61;-0.85;1.04
588281.00ms : 0.91;-0.39;-0.23;-0.67;-1.16;0.61
588301.00ms : 0.90;-0.39;-0.24;-0.49;-0.98;1.10
588321.00ms : 0.92;-0.39;-0.24;-0.73;-0.92;0.79
588341.00ms : 0.91;-0.39;-0.24;-0.61;-0.92;1.04
588361.00ms : 0.91;-0.37;-0.24;-0.43;-0.98;0.61
588381.00ms : 0.91;-0.37;-0.25;0.55;-1.10;1.34
588401.00ms : 0.91;-0.39;-0.24;0.79;-1.34;1.65
588421.00ms : 0.91;-0.39;-0.24;0.73;-1.89;1.34
588441.00ms : 0.91;-0.38;-0.24;0.49;-1.28;0.92
588461.00ms : 0.91;-0.38;-0.24;0.73;-1.28;0.85
588481.00ms : 0.91;-0.37;-0.24;0.85;-1.46;0.98
588501.00ms : 0.92;-0.38;-0.24;0.24;-1.77;1.34
588521.00ms : 0.90;-0.41;-0.24;0.37;-2.26;1.28
588541.00ms : 0.91;-0.38;-0.25;0.98;-2.44;0.67
588561.00ms : 0.93;-0.38;-0.25;1.89;-3.11;0.55
588581.00ms : 0.92;-0.36;-0.24;2.32;-3.42;0.61
588601.00ms : 0.91;-0.37;-0.23;2.62;-3.48;1.22
588621.00ms : 0.90;-0.37;-0.24;2.81;-3.42;1.04
588641.00ms : 0.92;-0.38;-0.23;3.36;-3.42;0.49
588661.00ms : 0.92;-0.39;-0.24;3.42;-3.66;0.31
588681.00ms : 0.91;-0.39;-0.24;3.36;-4.09;0.73
588701.00ms : 0.90;-0.39;-0.24;3.30;-3.78;0.79
588721.00ms : 0.93;-0.39;-0.24;3.11;-4.46;0.00
588741.00ms : 0.92;-0.39;-0.24;2.38;-4.76;-0.12
588761.00ms : 0.92;-0.36;-0.22;0.85;-4.94;0.06
588781.00ms : 0.94;-0.35;-0.25;1.22;-6.35;-0.43
588801.00ms : 0.94;-0.33;-0.25;5.68;-7.14;0.85
588821.00ms : 0.95;-0.29;-0.23;8.67;-8.42;2.93
588841.00ms : 0.95;-0.28;-0.21;12.94;-8.91;3.97
588861.00ms : 0.93;-0.28;-0.21;19.04;-10.56;2.75
588881.00ms : 0.92;-0.31;-0.20;21.24;-9.64;1.53
588901.00ms : 0.95;-0.36;-0.20;19.17;-9.52;0.06
588921.00ms : 0.95;-0.36;-0.22;13.98;-8.18;-0.85
588941.00ms : 0.94;-0.39;-0.23;10.68;-8.18;2.32
588961.00ms : 0.94;-0.37;-0.24;8.42;-11.17;10.50
588981.00ms : 1.03;-0.19;-0.29;10.80;-14.95;25.39
589001.00ms : 1.08;-0.04;-0.26;19.59;-16.17;42.54
589021.00ms : 1.07;-0.02;-0.25;33.39;-18.07;56.58
589041.00ms : 1.08;-0.04;-0.29;42.60;-20.87;67.50
589061.00ms : 1.06;-0.09;-0.32;50.17;-20.51;77.70
589081.00ms : 1.04;-0.17;-0.31;52.25;-19.84;83.37
589101.00ms : 1.00;-0.22;-0.28;45.47;-17.76;83.68
589121.00ms : 1.02;-0.22;-0.25;30.88;-14.04;85.75
589141.00ms : 0.98;-0.21;-0.22;18.74;-11.41;87.34
589161.00ms : 0.97;-0.21;-0.18;12.33;-11.84;87.46
589181.00ms : 0.99;-0.18;-0.15;5.92;-11.90;85.08
589201.00ms : 1.00;-0.12;-0.15;-5.25;-10.38;80.87
589221.00ms : 0.98;-0.14;-0.15;-15.69;-5.31;75.87
589241.00ms : 0.95;-0.17;-0.13;-19.35;-3.72;66.96
589261.00ms : 0.94;-0.14;-0.16;-20.32;-4.27;62.81
589281.00ms : 0.95;-0.19;-0.17;-22.34;-3.54;57.86
589301.00ms : 0.91;-0.25;-0.15;-29.54;-3.97;50.23
589321.00ms : 0.91;-0.14;-0.16;-35.58;-5.25;45.65
589341.00ms : 0.92;-0.04;-0.14;-29.79;-7.20;42.30
589361.00ms : 0.94;-0.02;-0.13;-19.53;-11.11;40.47
589381.00ms : 0.93;-0.10;-0.15;-13.24;-12.63;36.99
589401.00ms : 0.90;-0.13;-0.14;-15.32;-12.27;29.91
589421.00ms : 0.88;-0.11;-0.17;-20.02;-12.82;25.27
589441.00ms : 0.92;-0.09;-0.17;-26.43;-8.36;19.65
589461.00ms : 0.91;-0.08;-0.14;-34.48;-6.90;14.04
589481.00ms : 0.92;-0.03;-0.18;-38.57;-6.41;10.62
589501.00ms : 0.94;-0.02;-0.20;-38.57;-4.82;8.30
589521.00ms : 0.96;-0.01;-0.22;-38.64;-1.77;5.62
589541.00ms : 0.99;0.02;-0.21;-34.73;-2.50;5.07
589561.00ms : 0.95;0.03;-0.19;-27.53;-1.89;6.04
589581.00ms : 0.98;0.01;-0.21;-20.51;-2.08;6.10
589601.00ms : 0.95;0.03;-0.20;-16.66;0.49;4.33
589621.00ms : 0.96;-0.02;-0.21;-13.92;2.81;0.92
589641.00ms : 0.97;-0.03;-0.21;-10.44;2.87;-0.61
589661.00ms : 0.96;-0.02;-0.20;-5.37;0.73;0.85
589681.00ms : 0.94;0.00;-0.18;-2.69;1.65;0.06
589701.00ms : 0.95;0.01;-0.17;-2.69;2.87;-2.08
589721.00ms : 0.96;-0.01;-0.16;-4.33;1.95;-2.87
589741.00ms : 0.97;0.04;-0.17;-6.65;0.85;-1.22
589761.00ms : 0.98;0.05;-0.14;-6.47;0.31;-0.55
589781.00ms : 0.95;0.10;-0.16;-7.81;1.71;-2.32
589801.00ms : 0.95;0.10;-0.17;-9.16;3.05;-4.27
589821.00ms : 0.97;0.07;-0.17;-7.57;2.26;-4.58
589841.00ms : 0.96;0.02;-0.17;-3.85;1.77;-5.13
589861.00ms : 0.95;0.02;-0.19;2.50;0.79;-8.42
589881.00ms : 0.95;0.00;-0.23;11.96;2.93;-12.82
589901.00ms : 0.91;-0.04;-0.20;15.44;7.51;-26.00
589921.00ms : 0.88;-0.09;-0.18;14.16;12.76;-42.72
589941.00ms : 0.90;-0.11;-0.22;18.25;15.81;-55.91
589961.00ms : 0.92;-0.08;-0.22;28.38;18.98;-62.62
589981.00ms : 0.90;-0.11;-0.21;43.70;16.60;-73.36
590001.00ms : 0.95;-0.19;-0.22;54.93;13.24;-83.56
590021.00ms : 1.00;-0.25;-0.24;64.27;2.87;-91.67
590041.00ms : 0.96;-0.27;-0.24;69.27;-5.13;-91.55
590061.00ms : 0.95;-0.23;-0.17;68.05;-7.39;-87.04
590081.00ms : 0.97;-0.20;-0.15;63.54;-9.95;-80.02
590101.00ms : 0.97;-0.24;-0.17;60.42;-10.86;-75.44
590121.00ms : 1.00;-0.27;-0.17;58.35;-14.34;-69.70
590141.00ms : 0.99;-0.26;-0.22;56.64;-17.70;-65.12
590161.00ms : 0.98;-0.26;-0.23;55.97;-20.14;-62.07
590181.00ms : 0.99;-0.25;-0.21;49.32;-22.03;-57.25
590201.00ms : 0.96;-0.29;-0.19;43.27;-17.76;-55.79
590221.00ms : 0.93;-0.37;-0.18;33.33;-11.90;-58.11
590241.00ms : 0.93;-0.34;-0.17;17.27;-7.87;-56.70
590261.00ms : 0.94;-0.35;-0.23;3.48;-4.46;-54.99
590281.00ms : 0.93;-0.37;-0.27;-8.73;3.54;-57.74
590301.00ms : 0.94;-0.39;-0.28;-19.84;14.34;-61.40
590321.00ms : 0.93;-0.37;-0.25;-30.64;22.71;-61.71
590341.00ms : 0.97;-0.37;-0.30;-40.28;28.50;-60.18
590361.00ms : 0.99;-0.37;-0.37;-48.03;35.77;-61.52
590381.00ms : 0.95;-0.31;-0.29;-60.36;46.51;-56.58
590401.00ms : 0.89;-0.34;-0.20;-71.53;54.32;-47.91
590421.00ms : 0.91;-0.36;-0.20;-84.78;55.54;-42.91
590441.00ms : 1.09;-0.24;-0.23;-85.88;43.52;-28.44
590461.00ms : 1.10;-0.04;-0.20;-61.28;21.00;2.44
590481.00ms : 0.95;-0.03;-0.26;-22.58;8.36;29.42
590501.00ms : 0.93;-0.30;-0.33;5.74;7.32;37.05
590521.00ms : 0.98;-0.57;-0.32;12.45;4.52;22.71
590541.00ms : 0.89;-0.65;-0.22;7.14;-0.67;5.19
590561.00ms : 0.80;-0.60;-0.14;0.73;-8.91;5.43
590581.00ms : 0.94;-0.38;-0.18;0.18;-10.74;11.11
590601.00ms : 0.93;-0.28;-0.24;3.72;-7.26;18.92
590621.00ms : 0.92;-0.45;-0.23;3.48;-2.08;15.08
590641.00ms : 0.91;-0.48;-0.26;-2.87;-1.83;3.48
590661.00ms : 0.91;-0.42;-0.26;-6.90;-2.08;1.28
590681.00ms : 0.87;-0.42;-0.24;-7.51;-0.98;5.49
590701.00ms : 0.89;-0.43;-0.22;-6.29;-2.50;5.37
590721.00ms : 0.89;-0.42;-0.23;-3.05;-2.75;5.31
590741.00ms : 0.90;-0.43;-0.23;-0.85;-1.46;4.03
590761.00ms : 0.88;-0.43;-0.23;-1.04;-1.16;2.99
590781.00ms : 0.89;-0.45;-0.23;-3.60;-0.73;2.20
590801.00ms : 0.89;-0.44;-0.23;-5.55;-1.16;2.01
590821.00ms : 0.89;-0.41;-0.22;-3.91;-1.89;2.08
590841.00ms : 0.89;-0.40;-0.24;0.18;-1.71;2.38
590861.00ms : 0.89;-0.42;-0.23;2.93;-0.85;2.56
590881.00ms : 0.89;-0.45;-0.25;0.92;-1.22;3.42
590901.00ms : 0.88;-0.46;-0.23;-0.61;-1.04;4.39
590921.00ms : 0.90;-0.43;-0.23;0.31;-1.89;2.99
590941.00ms : 0.91;-0.43;-0.24;1.22;-3.30;4.64
590961.00ms : 0.87;-0.50;-0.23;-1.71;-1.10;5.92
590981.00ms : 0.87;-0.57;-0.21;-8.36;0.06;3.05
591001.00ms : 0.87;-0.50;-0.20;-14.34;1.53;-0.37
591021.00ms : 0.93;-0.40;-0.16;-20.26;1.34;-0.18
591041.00ms : 0.92;-0.43;-0.19;-23.68;4.52;2.87
591061.00ms : 0.91;-0.43;-0.17;-19.41;6.23;3.60
591081.00ms : 0.94;-0.45;-0.19;-22.64;5.07;1.28
591101.00ms : 0.93;-0.47;-0.10;-29.54;5.13;1.53
591121.00ms : 0.89;-0.41;-0.02;-44.37;3.72;5.31
591141.00ms : 0.89;-0.33;0.01;-57.25;1.04;11.60
591161.00ms : 0.85;-0.33;0.06;-66.83;-2.69;15.81
591181.00ms : 0.94;-0.31;0.09;-77.39;-12.15;16.72
591201.00ms : 0.94;-0.25;0.04;-84.78;-20.81;23.07
591221.00ms : 0.93;-0.24;0.03;-84.23;-28.44;30.09
591241.00ms : 0.95;-0.22;0.02;-80.26;-33.94;36.93
591261.00ms : 0.96;-0.20;-0.04;-73.91;-43.58;40.16
591281.00ms : 0.95;-0.26;-0.04;-69.95;-47.85;39.18
591301.00ms : 0.91;-0.32;-0.01;-70.07;-47.79;31.19
591321.00ms : 0.92;-0.32;-0.04;-80.02;-46.81;28.69
591341.00ms : 0.87;-0.34;-0.05;-98.33;-41.38;28.99
591361.00ms : 0.96;-0.25;-0.05;-108.64;-40.89;22.16
591381.00ms : 0.93;-0.14;-0.10;-107.12;-35.95;20.26
591401.00ms : 0.92;-0.17;-0.07;-96.68;-34.12;22.77
591421.00ms : 0.92;-0.15;-0.09;-82.70;-35.16;25.76
591441.00ms : 0.93;-0.13;-0.11;-65.31;-37.66;28.87
591461.00ms : 0.91;-0.12;-0.11;-46.75;-36.62;28.87
591481.00ms : 0.86;-0.12;-0.04;-35.10;-36.74;27.22
591501.00ms : 0.82;-0.14;-0.06;-26.79;-35.28;22.28
591521.00ms : 0.83;-0.14;-0.10;-22.95;-30.58;17.88
591541.00ms : 0.83;-0.17;-0.04;-19.90;-28.14;13.61
591561.00ms : 0.81;-0.16;-0.06;-17.40;-23.99;10.38
591581.00ms : 0.81;-0.09;-0.07;-10.50;-22.64;9.89
591601.00ms : 0.81;-0.09;-0.02;-0.67;-18.98;6.90
591621.00ms : 0.84;-0.06;0.00;9.83;-17.76;3.36
591641.00ms : 0.84;-0.13;-0.03;16.36;-11.72;2.20
591661.00ms : 0.85;-0.12;0.01;15.50;-5.31;0.18
591681.00ms : 0.81;-0.02;0.04;14.77;-4.64;-0.18
591701.00ms : 0.80;-0.03;0.03;17.52;-3.11;0.92
591721.00ms : 0.83;-0.12;0.05;16.91;-3.05;1.53
591741.00ms : 0.84;-0.11;0.11;13.18;-3.48;1.71
591761.00ms : 0.83;-0.09;0.15;10.86;-2.38;1.28
591781.00ms : 0.80;-0.11;0.13;7.39;-1.65;-0.61
591801.00ms : 0.80;-0.13;0.14;3.66;-1.53;-1.95
591821.00ms : 0.80;-0.10;0.15;0.31;-0.61;-2.14
591841.00ms : 0.83;-0.10;0.14;0.73;-0.98;-1.16
591861.00ms : 0.82;-0.12;0.14;2.14;-1.53;-0.61
591881.00ms : 0.81;-0.12;0.11;3.42;-1.95;0.12
591901.00ms : 0.80;-0.13;0.12;-0.55;0.12;-2.50
591921.00ms : 0.81;-0.10;0.11;-5.37;0.85;-4.39
591941.00ms : 0.83;-0.09;0.10;-7.51;3.30;-3.60
591961.00ms : 0.83;-0.11;0.10;-8.00;4.64;-2.87
591981.00ms : 0.81;-0.12;0.11;-9.16;5.98;-1.46
592001.00ms : 0.81;-0.10;0.10;-8.12;4.27;-0.67
592021.00ms : 0.82;-0.11;0.12;-5.92;4.21;-0.79
592041.00ms : 0.81;-0.12;0.09;-6.23;4.27;-1.83
592061.00ms : 0.85;-0.11;0.05;-1.83;5.37;-4.52
592081.00ms : 0.84;-0.12;0.03;-1.34;9.46;-7.08
592101.00ms : 0.82;-0.17;0.04;-4.33;14.22;-10.86
592121.00ms : 0.80;-0.20;0.07;-8.85;17.46;-15.32
592141.00ms : 0.81;-0.20;0.06;-10.68;20.08;-16.30
592161.00ms : 0.88;-0.09;-0.00;-1.65;18.80;-17.58
592181.00ms : 0.90;-0.02;0.02;12.39;18.86;-12.82
592201.00ms : 0.88;-0.03;0.05;21.18;21.06;-12.94
592221.00ms : 0.87;-0.06;0.05;25.15;23.56;-18.80
592241.00ms : 0.87;-0.09;0.00;28.75;20.20;-15.32
592261.00ms : 0.95;-0.04;0.01;43.95;13.06;-14.83
592281.00ms : 0.91;-0.04;-0.00;60.61;11.54;-12.15
592301.00ms : 0.87;-0.13;0.05;69.27;11.17;-10.99
592321.00ms : 0.90;-0.20;0.07;64.27;13.12;-19.23
592341.00ms : 0.91;-0.21;0.07;56.52;13.73;-23.13
592361.00ms : 0.95;-0.20;0.00;58.59;8.30;-15.50
592381.00ms : 0.84;-0.23;-0.06;60.30;13.06;-11.05
592401.00ms : 0.84;-0.25;-0.07;63.11;15.32;-11.90
592421.00ms : 0.86;-0.29;-0.09;66.89;15.44;-14.59
592441.00ms : 0.91;-0.32;-0.09;69.34;17.27;-12.51
592461.00ms : 0.84;-0.38;-0.08;61.77;20.81;-14.89
592481.00ms : 0.79;-0.43;-0.05;46.14;23.38;-19.84
592501.00ms : 0.81;-0.39;-0.09;30.82;27.40;-25.57
592521.00ms : 0.89;-0.36;-0.06;24.05;30.40;-27.10
592541.00ms : 0.91;-0.33;-0.00;23.74;31.31;-28.38
592561.00ms : 0.91;-0.26;0.04;21.79;23.68;-23.25
592581.00ms : 0.86;-0.25;-0.02;20.57;17.64;-15.38
592601.00ms : 0.85;-0.26;-0.11;23.86;17.64;-13.37
592621.00ms : 0.89;-0.28;-0.15;34.18;19.59;-17.15
592641.00ms : 0.90;-0.33;-0.16;46.63;23.13;-22.83
592661.00ms : 0.90;-0.37;-0.14;55.91;22.03;-21.36
592681.00ms : 0.84;-0.46;-0.13;50.78;20.20;-13.43
592701.00ms : 0.84;-0.52;-0.11;36.74;18.01;-9.64
592721.00ms : 0.84;-0.50;-0.13;23.44;19.17;-11.66
592741.00ms : 0.88;-0.45;-0.13;15.75;21.61;-15.26
592761.00ms : 0.90;-0.39;-0.11;13.79;17.94;-15.01
592781.00ms : 0.91;-0.33;-0.10;18.31;12.57;-11.05
592801.00ms : 0.90;-0.31;-0.09;28.50;11.29;-10.13
592821.00ms : 0.93;-0.29;-0.05;34.18;6.71;-4.76
592841.00ms : 0.93;-0.34;-0.04;34.06;1.46;0.37
592861.00ms : 0.91;-0.38;-0.00;26.55;-3.23;1.40
592881.00ms : 0.89;-0.42;-0.06;17.76;-5.19;0.73
592901.00ms : 0.90;-0.43;-0.11;12.76;-5.98;0.31
592921.00ms : 0.86;-0.47;-0.19;6.16;-2.01;1.22
592941.00ms : 0.87;-0.50;-0.28;0.67;3.05;-3.54
592961.00ms : 0.88;-0.53;-0.26;3.23;4.15;-8.06
592981.00ms : 0.86;-0.46;-0.29;7.51;1.65;-5.31
593001.00ms : 0.85;-0.41;-0.26;13.31;2.87;-1.46
593021.00ms : 0.86;-0.48;-0.18;13.37;0.61;2.50
593041.00ms : 0.85;-0.52;-0.16;5.49;-1.04;5.07
593061.00ms : 0.82;-0.52;-0.25;-2.14;1.53;6.29
593081.00ms : 0.85;-0.48;-0.25;-2.93;3.11;6.16
593101.00ms : 0.87;-0.46;-0.24;1.04;2.38;4.03
593121.00ms : 0.92;-0.46;-0.23;3.48;2.26;4.76
593141.00ms : 0.93;-0.41;-0.21;4.27;0.18;10.62
593161.00ms : 0.89;-0.42;-0.19;1.28;2.14;16.17
593181.00ms : 0.88;-0.48;-0.20;-3.72;2.38;14.28
593201.00ms : 0.88;-0.45;-0.23;-7.51;3.05;10.86
593221.00ms : 0.92;-0.41;-0.24;-8.06;2.99;11.72
593241.00ms : 0.89;-0.42;-0.23;-7.75;4.88;14.65
593261.00ms : 0.88;-0.47;-0.22;-11.17;5.80;12.02
593281.00ms : 0.89;-0.50;-0.25;-14.28;4.94;5.25
593301.00ms : 0.93;-0.42;-0.29;-14.53;3.36;1.89
593321.00ms : 0.93;-0.37;-0.28;-10.44;3.48;4.82
593341.00ms : 0.92;-0.37;-0.27;-6.29;2.99;7.14
593361.00ms : 0.89;-0.40;-0.24;-4.88;2.81;7.14
593381.00ms : 0.90;-0.43;-0.23;-6.84;2.69;4.52
593401.00ms : 0.92;-0.40;-0.26;-8.06;1.59;1.53
593421.00ms : 0.93;-0.36;-0.27;-5.25;0.73;2.08
593441.00ms : 0.91;-0.37;-0.27;-2.50;0.55;4.52
593461.00ms : 0.90;-0.41;-0.23;-1.77;1.46;4.27
593481.00ms : 0.91;-0.40;-0.24;-1.65;-0.06;1.77
593501.00ms : 0.92;-0.37;-0.26;-1.28;-0.49;2.08
593521.00ms : 0.92;-0.39;-0.27;-0.37;-0.31;2.62
593541.00ms : 0.91;-0.39;-0.26;0.79;-0.92;2.38
593561.00ms : 0.90;-0.39;-0.24;1.46;-1.04;1.77
593581.00ms : 0.90;-0.40;-0.24;0.55;-0.79;1.71
593601.00ms : 0.91;-0.40;-0.25;-0.12;-0.06;1.34
593621.00ms : 0.91;-0.40;-0.25;-0.67;0.00;1.04
593641.00ms : 0.90;-0.41;-0.25;0.06;-0.24;1.22
593661.00ms : 0.91;-0.40;-0.26;0.98;-1.04;1.04
593681.00ms : 0.91;-0.39;-0.25;1.89;-0.92;1.71
593701.00ms : 0.91;-0.39;-0.25;1.53;-0.85;1.22
593721.00ms : 0.91;-0.39;-0.25;0.98;-0.55;1.22
593741.00ms : 0.91;-0.41;-0.25;0.18;-0.55;1.77
593761.00ms : 0.90;-0.40;-0.25;0.00;-0.92;0.98
593781.00ms : 0.91;-0.38;-0.26;0.37;-0.37;0.43
593801.00ms : 0.91;-0.39;-0.25;0.43;0.18;1.22
593821.00ms : 0.91;-0.42;-0.25;-1.04;-0.31;2.01
593841.00ms : 0.91;-0.40;-0.25;-0.85;-0.31;0.67
593861.00ms : 0.91;-0.39;-0.25;-1.04;-0.12;0.61
593881.00ms : 0.91;-0.41;-0.26;-2.20;0.12;1.53
593901.00ms : 0.91;-0.41;-0.25;-2.81;-0.06;0.92
593921.00ms : 0.92;-0.39;-0.25;-2.20;-0.61;0.06
593941.00ms : 0.92;-0.36;-0.26;-0.24;-0.98;0.79
593961.00ms : 0.91;-0.39;-0.26;0.92;-0.85;1.89
593981.00ms : 0.91;-0.37;-0.25;1.46;-1.22;0.85
594001.00ms : 0.92;-0.37;-0.25;2.32;-1.34;0.67
594021.00ms : 0.91;-0.39;-0.26;2.69;-1.59;1.28
594041.00ms : 0.91;-0.39;-0.26;3.23;-1.83;1.83
594061.00ms : 0.90;-0.42;-0.26;3.72;-1.77;1.22
594081.00ms : 0.91;-0.41;-0.26;2.69;-2.08;0.98
594101.00ms : 0.91;-0.40;-0.25;2.32;-2.01;1.10
594121.00ms : 0.91;-0.39;-0.25;1.89;-1.53;0.79
594141.00ms : 0.91;-0.39;-0.26;1.71;-1.77;1.22
594161.00ms : 0.90;-0.43;-0.26;0.92;-1.40;1.40
594181.00ms : 0.90;-0.41;-0.27;0.31;-1.34;0.37
594201.00ms : 0.91;-0.40;-0.25;0.12;-1.77;0.55
594221.00ms : 0.91;-0.38;-0.26;0.24;-1.10;0.18
594241.00ms : 0.91;-0.37;-0.26;0.92;-1.28;0.85
594261.00ms : 0.92;-0.39;-0.25;0.79;-0.85;1.16
594281.00ms : 0.90;-0.40;-0.25;0.85;-1.46;0.92
594301.00ms : 0.90;-0.42;-0.26;-0.37;-1.04;0.18
594321.00ms : 0.91;-0.40;-0.26;-0.79;-1.16;-0.06
594341.00ms : 0.91;-0.38;-0.26;-0.55;-1.16;0.12
594361.00ms : 0.92;-0.39;-0.25;-0.61;-1.10;0.61
594381.00ms : 0.91;-0.39;-0.25;-1.59;-1.28;0.12
594401.00ms : 0.91;-0.39;-0.26;-1.71;-0.92;0.43
594421.00ms : 0.91;-0.38;-0.25;-0.31;-1.16;-0.12
594441.00ms : 0.91;-0.39;-0.26;0.37;-1.89;0.61
594461.00ms : 0.90;-0.43;-0.25;-0.49;-1.65;1.16
594481.00ms : 0.90;-0.42;-0.25;-1.89;-1.10;0.06
594501.00ms : 0.91;-0.39;-0.25;-2.01;-0.92;-0.12
594521.00ms : 0.91;-0.38;-0.25;-1.59;-0.92;0.31
594541.00ms : 0.91;-0.40;-0.25;-2.75;-0.18;0.67
594561.00ms : 0.91;-0.40;-0.26;-2.75;-0.85;-0.18
594581.00ms : 0.91;-0.39;-0.26;-1.89;-0.79;0.00
594601.00ms : 0.90;-0.41;-0.27;-2.38;-0.31;0.24
594621.00ms : 0.91;-0.40;-0.26;-2.08;-0.79;0.31
594641.00ms : 0.91;-0.40;-0.26;-1.89;-0.98;0.06
594661.00ms : 0.91;-0.39;-0.25;-1.22;-1.22;-0.12
594681.00ms : 0.91;-0.37;-0.25;-0.92;-0.73;-0.49
594701.00ms : 0.92;-0.37;-0.26;-0.55;-1.10;-0.55
594721.00ms : 0.91;-0.38;-0.26;0.37;-1.16;0.49
594741.00ms : 0.91;-0.41;-0.26;0.37;-1.46;0.24
594761.00ms : 0.91;-0.39;-0.26;0.12;-2.14;-0.67
594781.00ms : 0.91;-0.39;-0.26;1.16;-2.26;0.12
594801.00ms : 0.90;-0.40;-0.25;1.22;-1.77;0.37
594821.00ms : 0.91;-0.41;-0.25;0.31;-1.71;-0.18
594841.00ms : 0.92;-0.40;-0.26;-0.43;-1.89;-0.79
594861.00ms : 0.91;-0.40;-0.25;0.24;-1.83;-0.67
594881.00ms : 0.90;-0.39;-0.26;0.92;-2.26;-0.55
594901.00ms : 0.90;-0.41;-0.25;0.79;-1.71;0.06
594921.00ms : 0.91;-0.40;-0.25;-0.12;-2.20;-0.85
594941.00ms : 0.91;-0.39;-0.26;-0.92;-1.34;-0.18
594961.00ms : 0.91;-0.39;-0.25;-0.55;-1.59;-0.61
594981.00ms : 0.90;-0.40;-0.24;-0.85;-1.10;-0.12
595001.00ms : 0.91;-0.41;-0.25;-1.16;-1.65;-0.55
595021.00ms : 0.90;-0.39;-0.26;-1.10;-1.40;-0.37
595041.00ms : 0.90;-0.40;-0.25;-0.67;-1.40;-0.06
595061.00ms : 0.90;-0.41;-0.25;-0.79;-1.40;0.12
595081.00ms : 0.90;-0.41;-0.26;-0.73;-1.65;-0.06
595101.00ms : 0.91;-0.41;-0.24;-0.98;-1.34;-0.18
595121.00ms : 0.91;-0.40;-0.25;-1.95;-1.10;-0.37
595141.00ms : 0.90;-0.40;-0.25;-2.38;-0.85;0.24
595161.00ms : 0.90;-0.40;-0.25;-1.95;-0.85;-0.12
595181.00ms : 0.92;-0.39;-0.25;-1.83;-0.92;0.24
595201.00ms : 0.90;-0.39;-0.26;-1.34;-0.85;0.67
595221.00ms : 0.90;-0.40;-0.25;-1.89;-0.43;0.49
595241.00ms : 0.91;-0.42;-0.26;-2.93;-0.24;0.55
595261.00ms : 0.90;-0.43;-0.25;-4.03;0.24;0.18
595281.00ms : 0.90;-0.41;-0.25;-4.27;-0.31;-0.18
595301.00ms : 0.91;-0.40;-0.26;-3.17;-0.24;0.24
595321.00ms : 0.91;-0.39;-0.25;-2.93;-0.12;0.43
595341.00ms : 0.90;-0.38;-0.25;-2.50;-0.37;0.31
595361.00ms : 0.91;-0.38;-0.26;-1.95;0.24;-0.43
595381.00ms : 0.92;-0.37;-0.25;-1.04;-0.24;-0.37
595401.00ms : 0.91;-0.39;-0.26;-0.43;-0.79;0.49
595421.00ms : 0.91;-0.40;-0.26;0.31;-1.65;0.49
595441.00ms : 0.90;-0.41;-0.25;0.73;-1.40;0.61
595461.00ms : 0.91;-0.41;-0.26;0.18;-1.40;0.00
595481.00ms : 0.91;-0.39;-0.25;0.24;-1.34;-0.06
595501.00ms : 0.91;-0.39;-0.26;0.85;-1.77;-0.06
595521.00ms : 0.91;-0.40;-0.25;0.92;-1.46;0.06
595541.00ms : 0.90;-0.41;-0.27;0.92;-1.59;-0.12
595561.00ms : 0.90;-0.42;-0.25;0.31;-1.83;-0.31
595581.00ms : 0.90;-0.40;-0.25;0.18;-1.77;-0.43
595601.00ms : 0.90;-0.40;-0.25;0.37;-1.71;0.43
595621.00ms : 0.91;-0.39;-0.25;0.92;-2.01;0.24
595641.00ms : 0.90;-0.39;-0.25;1.28;-1.89;0.18
595661.00ms : 0.90;-0.41;-0.25;0.43;-1.10;0.24
595681.00ms : 0.90;-0.41;-0.26;-0.98;-0.73;-0.43
595701.00ms : 0.91;-0.40;-0.26;-1.16;-1.34;-0.12
595721.00ms : 0.90;-0.40;-0.24;-0.31;-1.04;0.18
595741.00ms : 0.91;-0.40;-0.25;-0.24;-1.34;0.43
595761.00ms : 0.90;-0.42;-0.25;-1.04;-0.67;0.49
595781.00ms : 0.90;-0.41;-0.24;-0.92;-1.04;-0.24
595801.00ms : 0.91;-0.40;-0.25;-0.98;-1.04;-0.24
595821.00ms : 0.90;-0.40;-0.26;-0.24;-0.92;0.31
595841.00ms : 0.91;-0.40;-0.25;-0.73;-1.10;0.55
595861.00ms : 0.90;-0.40;-0.25;-0.49;-1.10;0.31
595881.00ms : 0.90;-0.41;-0.24;-0.43;-0.73;0.43
595901.00ms : 0.91;-0.40;-0.25;-1.22;-0.49;0.31
595921.00ms : 0.91;-0.40;-0.25;-1.10;-0.85;0.37
595941.00ms : 0.90;-0.41;-0.25;-1.10;-0.98;0.85
595961.00ms : 0.90;-0.42;-0.25;-1.59;-0.79;0.37
595981.00ms : 0.90;-0.41;-0.24;-2.08;-0.55;0.24
596001.00ms : 0.91;-0.39;-0.25;-1.89;-0.67;0.18
596021.00ms : 0.91;-0.39;-0.25;-1.59;-0.67;0.79
596041.00ms : 0.90;-0.41;-0.24;-2.69;-0.18;0.79
596061.00ms : 0.90;-0.41;-0.24;-4.82;0.85;0.00
596081.00ms : 0.90;-0.40;-0.25;-5.55;1.04;0.18
596101.00ms : 0.90;-0.40;-0.26;-4.21;0.43;0.31
596121.00ms : 0.91;-0.40;-0.26;-3.17;-0.49;0.92
596141.00ms : 0.92;-0.41;-0.25;-2.26;-0.73;0.37
596161.00ms : 0.91;-0.39;-0.25;-1.28;-1.10;0.37
596181.00ms : 0.91;-0.38;-0.25;0.31;-1.16;0.24
596201.00ms : 0.91;-0.38;-0.25;1.89;-1.53;0.31
596221.00ms : 0.91;-0.40;-0.26;2.50;-2.01;0.92
596241.00ms : 0.91;-0.41;-0.26;2.26;-1.95;0.85
596261.00ms : 0.91;-0.41;-0.25;1.77;-1.89;0.55
596281.00ms : 0.91;-0.41;-0.25;1.65;-2.14;0.43
596301.00ms : 0.91;-0.40;-0.25;1.89;-2.14;0.67
596321.00ms : 0.91;-0.39;-0.25;1.95;-2.38;0.79
596341.00ms : 0.90;-0.40;-0.24;1.10;-1.59;0.79
596361.00ms : 0.90;-0.42;-0.24;0.00;-1.04;0.24
596381.00ms : 0.91;-0.40;-0.26;0.00;-1.71;0.06
596401.00ms : 0.91;-0.40;-0.26;1.16;-1.95;0.61
596421.00ms : 0.90;-0.40;-0.25;1.16;-1.83;0.67
596441.00ms : 0.90;-0.40;-0.25;0.67;-1.34;0.73
596461.00ms : 0.91;-0.41;-0.25;0.12;-1.16;0.73
596481.00ms : 0.90;-0.40;-0.24;-0.24;-1.46;0.24
596501.00ms : 0.90;-0.40;-0.24;-0.12;-1.22;0.85
596521.00ms : 0.90;-0.40;-0.25;-0.12;-1.34;0.67
596541.00ms : 0.91;-0.39;-0.26;0.00;-1.28;0.92
596561.00ms : 0.90;-0.41;-0.25;-0.12;-1.40;1.22
596581.00ms : 0.90;-0.40;-0.25;-0.55;-0.98;0.67
596601.00ms : 0.91;-0.40;-0.25;-0.61;-1.16;1.04
596621.00ms : 0.90;-0.40;-0.25;-0.24;-0.85;1.34
596641.00ms : 0.91;-0.40;-0.25;-0.12;-0.92;0.85
596661.00ms : 0.91;-0.40;-0.25;-0.12;-1.53;1.16
596681.00ms : 0.90;-0.40;-0.25;-0.79;-0.85;1.59
596701.00ms : 0.91;-0.41;-0.25;-1.65;-0.73;1.16
596721.00ms : 0.91;-0.40;-0.25;-1.34;-0.98;0.61
596741.00ms : 0.91;-0.39;-0.25;-1.22;-0.98;1.28
596761.00ms : 0.90;-0.39;-0.25;-0.79;-1.04;1.04
596781.00ms : 0.90;-0.39;-0.26;-0.55;-0.85;1.16
596801.00ms : 0.91;-0.40;-0.25;-0.85;-0.98;0.79
596821.00ms : 0.91;-0.40;-0.25;-0.55;-1.22;0.79
596841.00ms : 0.90;-0.40;-0.25;-1.34;-0.73;0.67
596861.00ms : 0.91;-0.39;-0.25;-1.40;-0.61;0.61
596881.00ms : 0.91;-0.40;-0.25;-1.22;-0.67;0.67
596901.00ms : 0.91;-0.40;-0.25;-1.34;-0.55;0.43
596921.00ms : 0.91;-0.40;-0.25;-1.95;-0.98;0.18
596941.00ms : 0.91;-0.38;-0.24;-1.77;-0.67;0.31
596961.00ms : 0.91;-0.38;-0.25;-0.79;-0.67;-0.12
596981.00ms : 0.91;-0.38;-0.25;0.18;-0.79;0.49
597001.00ms : 0.91;-0.40;-0.25;0.18;-0.61;0.61
597021.00ms : 0.91;-0.40;-0.25;0.31;-0.92;-0.24
597041.00ms : 0.90;-0.40;-0.25;0.00;-0.92;0.43
597061.00ms : 0.91;-0.39;-0.26;-0.12;-0.98;0.61
597081.00ms : 0.91;-0.40;-0.26;0.24;-0.73;0.73
597101.00ms : 0.91;-0.41;-0.25;-0.73;-0.73;0.61
597121.00ms : 0.91;-0.40;-0.26;-1.16;-0.55;0.24
597141.00ms : 0.90;-0.40;-0.25;-0.73;-0.92;0.55
597161.00ms : 0.90;-0.40;-0.25;-0.49;-0.67;0.24
597181.00ms : 0.91;-0.39;-0.25;-0.24;-1.10;0.55
597201.00ms : 0.91;-0.39;-0.25;0.24;-1.16;0.79
597221.00ms : 0.91;-0.39;-0.25;0.06;-1.04;0.49
597241.00ms : 0.90;-0.40;-0.25;-0.18;-1.10;0.61
597261.00ms : 0.90;-0.41;-0.25;-1.65;-0.43;0.31
597281.00ms : 0.91;-0.40;-0.25;-2.75;-0.43;0.18
597301.00ms : 0.90;-0.40;-0.25;-3.17;0.18;0.18
597321.00ms : 0.91;-0.39;-0.26;-2.81;-0.18;0.06
597341.00ms : 0.91;-0.40;-0.26;-2.50;-0.43;0.61
597361.00ms : 0.91;-0.39;-0.24;-2.26;-0.79;0.61
597381.00ms : 0.90;-0.39;-0.25;-2.38;-0.18;0.37
597401.00ms : 0.91;-0.39;-0.25;-2.26;-0.24;0.00
597421.00ms : 0.91;-0.38;-0.26;-0.43;-0.67;0.24
597441.00ms : 0.92;-0.38;-0.26;0.79;-1.04;0.43
597461.00ms : 0.91;-0.40;-0.25;0.18;-1.28;0.49
597481.00ms : 0.90;-0.39;-0.26;0.18;-0.85;0.06
597501.00ms : 0.91;-0.40;-0.24;0.18;-0.79;-0.06
597521.00ms : 0.91;-0.38;-0.26;1.22;-1.28;0.00
597541.00ms : 0.91;-0.39;-0.26;1.59;-1.53;0.49
597561.00ms : 0.91;-0.40;-0.25;1.22;-1.59;0.37
597581.00ms : 0.91;-0.40;-0.24;0.92;-1.71;0.00
597601.00ms : 0.91;-0.40;-0.25;1.53;-1.77;0.06
597621.00ms : 0.91;-0.40;-0.26;2.08;-2.08;0.73
597641.00ms : 0.90;-0.41;-0.25;1.89;-1.77;0.55
597661.00ms : 0.91;-0.40;-0.25;1.71;-1.83;0.06
597681.00ms : 0.91;-0.40;-0.25;1.28;-2.08;-0.18
597701.00ms : 0.90;-0.40;-0.25;0.67;-1.65;0.31
597721.00ms : 0.91;-0.39;-0.25;0.55;-1.40;0.24
597741.00ms : 0.91;-0.40;-0.26;0.67;-1.34;0.37
597761.00ms : 0.90;-0.41;-0.25;0.31;-1.53;0.49
597781.00ms : 0.91;-0.41;-0.25;0.12;-1.59;0.37
597801.00ms : 0.91;-0.39;-0.25;-0.06;-1.59;-0.37
597821.00ms : 0.90;-0.39;-0.25;0.00;-0.92;0.06
597841.00ms : 0.91;-0.40;-0.25;-0.06;-1.28;0.92
597861.00ms : 0.91;-0.41;-0.25;-0.24;-1.28;0.49
597881.00ms : 0.91;-0.40;-0.25;-0.12;-1.53;0.06
597901.00ms : 0.91;-0.40;-0.26;-0.24;-1.22;0.18
597921.00ms : 0.90;-0.40;-0.25;-0.18;-0.98;0.24
597941.00ms : 0.91;-0.40;-0.25;-0.31;-1.04;0.85
597961.00ms : 0.91;-0.41;-0.25;-0.55;-1.40;0.24
597981.00ms : 0.91;-0.40;-0.26;-0.24;-1.46;0.55
598001.00ms : 0.90;-0.41;-0.24;-0.73;-1.10;0.61
598021.00ms : 0.90;-0.40;-0.25;-0.98;-1.34;0.06
598041.00ms : 0.91;-0.39;-0.25;-0.55;-1.16;0.49
598061.00ms : 0.91;-0.40;-0.25;-0.73;-1.04;0.73
598081.00ms : 0.91;-0.39;-0.25;-0.37;-0.92;0.61
598101.00ms : 0.91;-0.40;-0.25;-0.37;-1.16;0.85
598121.00ms : 0.90;-0.41;-0.24;-0.18;-0.98;0.43
598141.00ms : 0.90;-0.40;-0.25;-0.98;-0.61;0.55
598161.00ms : 0.91;-0.40;-0.25;-1.40;-1.04;0.79
598181.00ms : 0.91;-0.39;-0.26;-1.34;-0.73;0.55
598201.00ms : 0.91;-0.39;-0.25;-0.92;-0.67;0.37
598221.00ms : 0.90;-0.40;-0.25;-0.55;-1.16;0.31
598241.00ms : 0.91;-0.39;-0.25;-0.24;-1.04;0.67
598261.00ms : 0.91;-0.40;-0.25;-0.49;-0.79;0.55
598281.00ms : 0.91;-0.40;-0.26;-0.24;-1.10;0.37
598301.00ms : 0.91;-0.40;-0.25;0.24;-0.98;0.37
598321.00ms : 0.91;-0.40;-0.25;-0.06;-0.92;0.12
598341.00ms : 0.90;-0.40;-0.26;-0.61;-0.98;0.31
598361.00ms : 0.91;-0.40;-0.25;-0.67;-0.85;0.67
598381.00ms : 0.91;-0.40;-0.25;0.06;-1.16;0.67
598401.00ms : 0.91;-0.40;-0.25;-0.43;-1.04;0.43
598421.00ms : 0.91;-0.40;-0.25;-0.06;-0.98;0.06
598441.00ms : 0.91;-0.39;-0.25;-0.12;-0.85;0.55
598461.00ms : 0.91;-0.40;-0.25;-0.12;-1.16;0.73
598481.00ms : 0.90;-0.41;-0.25;-0.24;-0.85;0.55
598501.00ms : 0.91;-0.40;-0.25;-1.10;-0.85;0.24
598521.00ms : 0.91;-0.40;-0.25;-0.61;-0.79;0.24
598541.00ms : 0.91;-0.39;-0.25;-0.79;-0.85;0.61
598561.00ms : 0.90;-0.40;-0.25;-0.43;-0.98;1.28
598581.00ms : 0.90;-0.40;-0.26;-0.24;-0.98;0.92
598601.00ms : 0.91;-0.40;-0.25;-0.55;-0.61;0.85
598621.00ms : 0.91;-0.39;-0.25;-0.24;-0.98;0.61
598641.00ms : 0.91;-0.40;-0.26;-0.06;-0.61;1.34
598661.00ms : 0.91;-0.40;-0.25;0.12;-1.04;0.79
598681.00ms : 0.90;-0.40;-0.25;0.00;-1.16;0.73
598701.00ms : 0.91;-0.39;-0.25;0.31;-1.04;1.10
598721.00ms : 0.90;-0.41;-0.25;0.37;-1.16;1.46
598741.00ms : 0.90;-0.42;-0.25;-0.85;-1.16;0.92
598761.00ms : 0.91;-0.40;-0.25;-1.89;-0.67;0.00
598781.00ms : 0.91;-0.39;-0.26;-1.59;-1.22;-0.18
