482727.00ms : 0.96;-0.29;-0.23;-16.66;4.33;-2.69
482746.00ms : 0.91;-0.29;-0.22;-12.08;4.33;-3.42
482766.00ms : 0.94;-0.35;-0.25;0.37;1.71;-5.68
482786.00ms : 0.99;-0.32;-0.24;-6.10;6.29;-3.91
482806.00ms : 0.94;-0.27;-0.22;-3.48;2.32;-6.16
482826.00ms : 0.90;-0.34;-0.26;-0.92;0.12;1.04
482846.00ms : 0.95;-0.35;-0.22;-1.04;-0.31;-2.69
482866.00ms : 0.90;-0.33;-0.23;-3.97;2.26;1.04
482886.00ms : 0.92;-0.31;-0.22;-6.29;0.92;4.46
482906.00ms : 0.95;-0.34;-0.26;-6.47;1.28;4.15
482926.00ms : 0.90;-0.36;-0.25;-8.24;2.26;-0.06
482946.00ms : 0.94;-0.34;-0.24;-10.80;0.98;2.20
482966.00ms : 0.95;-0.31;-0.23;-9.46;2.93;5.25
482986.00ms : 0.96;-0.33;-0.25;-13.24;3.05;0.12
483006.00ms : 0.96;-0.35;-0.27;-11.29;0.31;2.08
483026.00ms : 1.01;-0.36;-0.25;-8.91;-9.95;14.95
483046.00ms : 0.90;-0.23;-0.26;-5.98;1.10;-3.85
483066.00ms : 0.99;-0.25;-0.22;1.10;-1.53;0.12
483086.00ms : 0.94;-0.25;-0.24;4.27;-2.99;-0.43
483106.00ms : 0.96;-0.26;-0.23;7.51;-4.03;0.18
483126.00ms : 0.96;-0.29;-0.26;10.74;-5.13;0.55
483146.00ms : 0.93;-0.33;-0.25;12.51;-5.19;-0.24
483166.00ms : 0.91;-0.38;-0.26;9.09;-4.15;-0.92
483186.00ms : 0.93;-0.36;-0.25;4.15;-4.15;-1.40
483206.00ms : 0.94;-0.34;-0.25;0.92;-4.15;-0.43
483226.00ms : 0.92;-0.34;-0.24;-0.24;-4.21;-0.24
483246.00ms : 0.94;-0.33;-0.25;0.55;-4.82;-1.28
483266.00ms : 0.93;-0.32;-0.25;1.10;-4.82;-2.01
483286.00ms : 0.95;-0.32;-0.23;1.40;-5.62;-1.28
483306.00ms : 0.93;-0.32;-0.24;1.71;-6.04;0.06
483326.00ms : 0.92;-0.37;-0.24;-0.61;-3.66;-1.04
483346.00ms : 0.93;-0.33;-0.23;-4.15;-3.78;-2.14
483366.00ms : 0.94;-0.32;-0.23;-5.98;-3.17;-0.31
483386.00ms : 0.92;-0.34;-0.25;-6.41;-2.99;-1.34
483406.00ms : 0.92;-0.34;-0.24;-8.18;-2.56;-2.44
483426.00ms : 0.94;-0.30;-0.24;-8.85;-2.75;-3.30
483446.00ms : 0.95;-0.30;-0.23;-8.42;-1.65;-3.91
483466.00ms : 0.90;-0.32;-0.23;-8.73;-0.37;-3.48
483486.00ms : 0.93;-0.32;-0.23;-10.68;-1.40;-2.87
483506.00ms : 0.91;-0.29;-0.24;-11.23;-0.61;-3.42
483526.00ms : 0.94;-0.29;-0.24;-10.99;-0.12;-3.30
483546.00ms : 0.95;-0.28;-0.22;-8.30;-0.67;-3.48
483566.00ms : 0.93;-0.30;-0.21;-3.54;-2.32;-3.42
483586.00ms : 0.92;-0.32;-0.20;-0.37;-3.17;-3.85
483606.00ms : 0.94;-0.33;-0.19;2.20;-4.52;-3.85
483626.00ms : 0.94;-0.31;-0.20;5.43;-6.96;-3.11
483646.00ms : 0.92;-0.32;-0.21;7.39;-6.23;-1.46
483666.00ms : 0.92;-0.37;-0.20;6.59;-6.35;-1.28
483686.00ms : 0.94;-0.37;-0.20;6.65;-8.06;-3.05
483706.00ms : 0.93;-0.33;-0.21;7.69;-8.48;-3.11
483726.00ms : 0.91;-0.38;-0.21;5.74;-5.49;-1.89
483746.00ms : 0.94;-0.40;-0.19;3.36;-5.37;-2.14
483766.00ms : 0.91;-0.39;-0.20;0.12;-4.21;-3.17
483786.00ms : 0.92;-0.41;-0.21;-4.21;-3.66;-2.75
483806.00ms : 0.91;-0.42;-0.20;-9.58;-3.60;-2.01
483826.00ms : 0.92;-0.39;-0.17;-13.49;-4.82;-1.04
483846.00ms : 0.94;-0.35;-0.16;-14.04;-7.87;0.61
483866.00ms : 0.92;-0.40;-0.06;-6.35;-17.52;1.83
483886.00ms : 0.90;-0.28;-0.09;5.37;-26.37;6.41
483906.00ms : 0.92;-0.25;-0.15;35.10;-28.75;5.55
483926.00ms : 0.88;-0.50;-0.15;48.89;-26.73;-4.09
483946.00ms : 0.81;-0.54;-0.18;47.18;-26.79;-9.22
483966.00ms : 0.77;-0.65;-0.19;35.16;-18.68;-21.30
483986.00ms : 0.78;-0.62;-0.15;18.62;-15.38;-30.88
484006.00ms : 0.82;-0.56;-0.16;9.40;-13.98;-39.67
484026.00ms : 0.90;-0.51;-0.16;3.23;-12.94;-42.54
484046.00ms : 0.92;-0.49;-0.13;1.59;-11.84;-42.91
484066.00ms : 0.87;-0.49;-0.13;2.50;-12.02;-43.33
484086.00ms : 0.89;-0.43;-0.12;6.59;-14.28;-43.33
484106.00ms : 0.89;-0.43;-0.13;11.90;-17.09;-44.37
484126.00ms : 0.88;-0.45;-0.12;13.24;-18.80;-43.09
484146.00ms : 0.88;-0.51;-0.11;10.31;-17.15;-44.19
484166.00ms : 0.88;-0.53;-0.12;4.33;-15.63;-44.68
484186.00ms : 0.82;-0.53;-0.10;-0.92;-14.28;-43.33
484206.00ms : 0.82;-0.56;-0.11;-5.00;-15.01;-44.31
484226.00ms : 0.85;-0.58;-0.10;-5.62;-16.78;-46.14
484246.00ms : 0.84;-0.55;-0.10;-5.00;-16.60;-44.56
484266.00ms : 0.81;-0.58;-0.09;-5.43;-16.24;-45.10
484286.00ms : 0.79;-0.63;-0.08;-7.93;-16.78;-47.73
484306.00ms : 0.79;-0.61;-0.09;-9.77;-17.76;-49.44
484326.00ms : 0.79;-0.59;-0.08;-7.39;-18.55;-49.26
484346.00ms : 0.75;-0.62;-0.08;-6.47;-17.21;-49.32
484366.00ms : 0.74;-0.64;-0.08;-7.63;-17.09;-51.09
484386.00ms : 0.76;-0.67;-0.07;-7.39;-17.58;-52.73
484406.00ms : 0.72;-0.68;-0.08;-6.16;-17.40;-51.21
484426.00ms : 0.68;-0.71;-0.10;-8.42;-15.32;-50.23
484446.00ms : 0.69;-0.71;-0.08;-13.06;-15.75;-51.21
484466.00ms : 0.70;-0.72;-0.06;-15.56;-15.87;-50.48
484486.00ms : 0.69;-0.73;-0.06;-16.54;-15.69;-48.58
484506.00ms : 0.65;-0.71;-0.05;-15.44;-15.93;-46.39
484526.00ms : 0.66;-0.66;-0.03;-13.06;-18.01;-45.53
484546.00ms : 0.68;-0.62;-0.01;-6.71;-19.90;-44.80
484566.00ms : 0.66;-0.63;-0.03;1.59;-21.18;-43.21
484586.00ms : 0.62;-0.69;-0.03;4.58;-21.30;-41.38
484606.00ms : 0.61;-0.73;-0.01;4.82;-23.74;-41.32
484626.00ms : 0.60;-0.72;-0.01;5.19;-24.23;-41.14
484646.00ms : 0.61;-0.71;-0.02;6.16;-23.93;-39.43
484666.00ms : 0.59;-0.72;-0.04;5.49;-23.19;-37.41
484686.00ms : 0.55;-0.76;-0.03;1.65;-22.09;-38.21
484706.00ms : 0.52;-0.75;-0.02;-5.49;-20.02;-39.49
484726.00ms : 0.52;-0.76;-0.02;-11.90;-17.52;-40.59
484746.00ms : 0.52;-0.75;-0.04;-17.33;-14.65;-42.05
484766.00ms : 0.50;-0.76;-0.01;-20.45;-12.27;-41.69
484786.00ms : 0.48;-0.78;-0.02;-24.29;-10.44;-43.03
484806.00ms : 0.49;-0.78;-0.01;-26.73;-10.44;-43.58
484826.00ms : 0.46;-0.78;-0.01;-25.09;-10.13;-41.02
484846.00ms : 0.43;-0.77;-0.01;-22.64;-11.17;-39.25
484866.00ms : 0.43;-0.78;0.00;-16.48;-13.43;-36.74
484886.00ms : 0.40;-0.83;0.01;-13.67;-13.67;-33.45
484906.00ms : 0.40;-0.86;0.02;-13.43;-14.53;-33.57
484926.00ms : 0.40;-0.83;0.04;-13.79;-15.99;-34.18
484946.00ms : 0.40;-0.81;0.02;-12.08;-14.95;-35.16
484966.00ms : 0.37;-0.83;0.04;-13.18;-12.51;-37.41
484986.00ms : 0.35;-0.85;0.08;-17.40;-11.54;-39.55
485006.00ms : 0.35;-0.83;0.07;-19.29;-12.27;-39.98
485026.00ms : 0.33;-0.80;0.09;-17.40;-12.57;-38.27
485046.00ms : 0.32;-0.78;0.10;-13.98;-14.22;-38.33
485066.00ms : 0.31;-0.81;0.12;-11.78;-15.63;-39.18
485086.00ms : 0.28;-0.80;0.13;-10.80;-16.48;-39.43
485106.00ms : 0.26;-0.81;0.12;-9.83;-16.66;-39.49
485126.00ms : 0.25;-0.81;0.12;-10.80;-17.94;-40.28
485146.00ms : 0.24;-0.81;0.12;-13.37;-18.92;-40.28
485166.00ms : 0.22;-0.80;0.12;-14.10;-19.17;-38.21
485186.00ms : 0.22;-0.77;0.13;-12.39;-20.75;-37.05
485206.00ms : 0.22;-0.72;0.13;-6.29;-22.58;-33.87
485226.00ms : 0.19;-0.77;0.08;-2.44;-22.77;-29.85
485246.00ms : 0.19;-0.79;0.10;-1.83;-21.48;-28.08
485266.00ms : 0.17;-0.77;0.10;-4.39;-20.51;-26.92
485286.00ms : 0.17;-0.73;0.10;-3.97;-19.53;-24.78
485306.00ms : 0.15;-0.77;0.08;-5.68;-17.64;-24.17
485326.00ms : 0.15;-0.75;0.08;-6.16;-16.36;-22.71
485346.00ms : 0.14;-0.72;0.07;-3.97;-14.77;-20.02
485366.00ms : 0.13;-0.76;0.08;-0.67;-13.98;-16.60
485386.00ms : 0.12;-0.77;0.08;1.10;-13.00;-14.83
485406.00ms : 0.11;-0.77;0.11;2.69;-11.23;-13.49
485426.00ms : 0.08;-0.76;0.12;6.90;-9.83;-10.80
485446.00ms : 0.07;-0.79;0.12;9.52;-9.09;-10.31
485466.00ms : 0.07;-0.84;0.13;10.07;-9.64;-10.93
485486.00ms : 0.06;-0.87;0.13;7.81;-8.42;-10.44
485506.00ms : 0.05;-0.87;0.16;5.80;-8.06;-10.07
485526.00ms : 0.04;-0.84;0.17;4.46;-7.69;-10.31
485546.00ms : 0.03;-0.88;0.15;1.40;-7.57;-11.47
485566.00ms : 0.04;-0.86;0.17;-3.23;-8.00;-13.12
485586.00ms : 0.03;-0.82;0.16;-5.86;-8.42;-14.95
485606.00ms : 0.02;-0.83;0.12;-8.24;-8.42;-16.17
485626.00ms : 0.05;-0.83;0.13;-8.36;-9.40;-16.42
485646.00ms : 0.03;-0.83;0.11;-11.78;-8.54;-15.56
485666.00ms : 0.03;-0.78;0.10;-13.24;-8.97;-14.77
485686.00ms : 0.05;-0.75;0.10;-12.08;-7.57;-13.18
485706.00ms : 0.05;-0.71;0.09;-9.16;-6.04;-9.34
485726.00ms : 0.06;-0.69;0.06;-4.64;-5.43;-4.64
485746.00ms : 0.05;-0.74;0.04;-0.67;-4.58;-3.66
485766.00ms : 0.05;-0.73;0.07;1.95;-3.54;-1.40
485786.00ms : 0.04;-0.70;0.07;6.29;-3.05;2.01
485806.00ms : 0.04;-0.74;0.03;9.09;-0.85;6.65
485826.00ms : 0.05;-0.77;0.04;6.29;2.44;8.79
485846.00ms : 0.04;-0.74;0.07;2.56;4.33;10.13
485866.00ms : 0.05;-0.74;0.09;2.44;5.43;11.17
485886.00ms : 0.04;-0.76;0.06;3.36;7.57;12.57
485906.00ms : 0.05;-0.79;0.08;3.91;10.25;15.63
485926.00ms : 0.03;-0.80;0.10;4.39;10.07;18.55
485946.00ms : 0.04;-0.75;0.09;7.63;7.81;18.74
485966.00ms : 0.08;-0.76;0.09;12.76;8.61;20.39
485986.00ms : 0.07;-0.83;0.08;12.21;11.96;22.83
486006.00ms : 0.05;-0.86;0.08;11.29;13.43;24.54
486026.00ms : 0.05;-0.83;0.11;10.62;11.66;22.64
486046.00ms : 0.08;-0.77;0.11;13.98;9.16;20.63
486066.00ms : 0.11;-0.82;0.07;18.19;10.68;23.01
486086.00ms : 0.11;-0.87;0.07;16.85;12.45;24.41
486106.00ms : 0.09;-0.86;0.09;14.16;11.54;24.23
486126.00ms : 0.11;-0.81;0.10;14.40;9.95;23.68
486146.00ms : 0.15;-0.82;0.07;15.20;10.74;25.15
486166.00ms : 0.16;-0.88;0.03;10.25;15.93;26.18
486186.00ms : 0.16;-0.87;0.05;0.55;19.53;24.90
486206.00ms : 0.15;-0.88;0.06;-8.91;23.01;23.56
486226.00ms : 0.17;-0.88;0.06;-17.09;25.70;21.61
486246.00ms : 0.19;-0.85;0.08;-21.36;28.14;22.52
486266.00ms : 0.22;-0.79;0.08;-20.69;29.11;23.99
486286.00ms : 0.22;-0.79;0.11;-15.87;28.08;24.54
486306.00ms : 0.22;-0.77;0.10;-8.18;24.66;24.78
486326.00ms : 0.25;-0.75;0.11;3.23;20.51;27.22
486346.00ms : 0.26;-0.85;0.10;12.21;18.19;30.70
486366.00ms : 0.26;-0.86;0.10;14.10;16.11;31.98
486386.00ms : 0.26;-0.82;0.10;13.43;13.92;31.37
486406.00ms : 0.28;-0.78;0.09;13.67;12.82;31.07
486426.00ms : 0.30;-0.79;0.06;14.59;13.61;32.90
486446.00ms : 0.33;-0.84;0.07;13.18;13.79;33.87
486466.00ms : 0.32;-0.82;0.06;10.68;13.61;33.75
486486.00ms : 0.35;-0.76;0.06;8.30;12.76;34.12
486506.00ms : 0.38;-0.74;0.04;9.70;13.24;35.16
486526.00ms : 0.39;-0.81;0.05;10.50;14.59;38.02
486546.00ms : 0.39;-0.80;0.04;7.45;15.08;39.18
486566.00ms : 0.40;-0.77;0.03;6.29;14.59;40.34
486586.00ms : 0.44;-0.71;0.03;8.85;13.73;41.63
486606.00ms : 0.45;-0.75;0.03;14.04;13.67;44.19
486626.00ms : 0.45;-0.81;0.01;13.92;14.16;45.78
486646.00ms : 0.45;-0.79;0.01;11.84;13.12;45.90
486666.00ms : 0.49;-0.72;0.02;13.79;11.41;45.10
486686.00ms : 0.53;-0.73;0.01;20.45;10.25;48.71
486706.00ms : 0.50;-0.82;-0.00;21.91;11.05;51.76
486726.00ms : 0.50;-0.80;0.00;18.62;9.28;51.82
486746.00ms : 0.53;-0.73;0.01;18.37;7.26;50.17
486766.00ms : 0.57;-0.71;0.01;23.25;6.47;50.84
486786.00ms : 0.55;-0.81;-0.03;23.99;7.39;51.57
486806.00ms : 0.55;-0.87;-0.04;18.37;8.00;49.99
486826.00ms : 0.56;-0.83;-0.04;10.80;8.79;45.96
486846.00ms : 0.57;-0.78;-0.02;8.67;9.40;43.40
486866.00ms : 0.59;-0.80;-0.03;8.36;10.93;41.14
486886.00ms : 0.60;-0.82;-0.04;5.31;12.15;38.94
486906.00ms : 0.56;-0.91;-0.05;-1.10;15.01;35.71
486926.00ms : 0.53;-0.84;-0.04;-11.72;15.75;31.13
486946.00ms : 0.57;-0.77;-0.01;-16.48;15.01;25.70
486966.00ms : 0.61;-0.73;-0.01;-16.30;15.08;22.83
486986.00ms : 0.65;-0.72;-0.03;-12.02;13.98;20.87
487006.00ms : 0.65;-0.74;-0.04;-4.88;12.33;22.22
487026.00ms : 0.64;-0.73;-0.06;1.77;8.67;24.41
487046.00ms : 0.68;-0.70;-0.06;9.03;4.33;24.78
487066.00ms : 0.69;-0.69;-0.06;13.85;3.48;26.73
487086.00ms : 0.71;-0.67;-0.06;15.44;3.30;27.77
487106.00ms : 0.73;-0.66;-0.09;17.58;4.76;30.15
487126.00ms : 0.70;-0.70;-0.11;14.71;6.77;32.41
487146.00ms : 0.71;-0.67;-0.10;11.66;7.08;31.56
487166.00ms : 0.71;-0.62;-0.10;7.32;8.48;31.86
487186.00ms : 0.72;-0.64;-0.09;-2.01;14.59;30.46
487206.00ms : 0.73;-0.65;-0.08;-14.47;17.88;28.81
487226.00ms : 0.72;-0.64;-0.09;-22.64;18.92;27.40
487246.00ms : 0.76;-0.59;-0.08;-25.82;18.43;25.70
487266.00ms : 0.79;-0.52;-0.08;-21.06;16.60;24.84
487286.00ms : 0.79;-0.54;-0.10;-11.60;15.75;26.06
487306.00ms : 0.77;-0.58;-0.10;-3.72;15.01;27.04
487326.00ms : 0.76;-0.61;-0.16;1.34;14.04;25.82
487346.00ms : 0.79;-0.59;-0.15;2.14;13.55;23.19
487366.00ms : 0.80;-0.62;-0.15;4.33;14.89;23.93
487386.00ms : 0.77;-0.64;-0.14;3.72;15.20;26.25
487406.00ms : 0.77;-0.59;-0.15;6.23;12.76;26.67
487426.00ms : 0.80;-0.58;-0.15;12.39;10.80;26.25
487446.00ms : 0.83;-0.55;-0.14;19.23;8.85;26.98
487466.00ms : 0.79;-0.57;-0.15;23.25;8.36;29.42
487486.00ms : 0.80;-0.57;-0.13;23.56;7.81;27.53
487506.00ms : 0.83;-0.57;-0.16;21.42;6.35;25.09
487526.00ms : 0.83;-0.58;-0.16;21.30;5.92;23.62
487546.00ms : 0.78;-0.59;-0.18;18.01;8.12;22.40
487566.00ms : 0.79;-0.58;-0.15;10.13;10.25;18.74
487586.00ms : 0.83;-0.54;-0.16;3.36;9.83;16.85
487606.00ms : 0.83;-0.55;-0.16;3.78;10.99;16.42
487626.00ms : 0.83;-0.56;-0.19;4.46;10.44;16.91
487646.00ms : 0.82;-0.55;-0.17;3.66;9.64;14.89
487666.00ms : 0.85;-0.53;-0.16;1.95;7.02;15.26
487686.00ms : 0.84;-0.53;-0.15;5.37;5.49;16.05
487706.00ms : 0.84;-0.51;-0.16;7.75;3.54;19.35
487726.00ms : 0.87;-0.52;-0.24;5.86;3.54;19.90
487746.00ms : 0.86;-0.54;-0.19;3.91;1.40;14.59
487766.00ms : 0.84;-0.50;-0.19;2.14;0.92;10.86
487786.00ms : 0.86;-0.47;-0.20;5.07;0.18;12.02
487806.00ms : 0.83;-0.49;-0.23;6.71;1.59;14.22
487826.00ms : 0.84;-0.49;-0.22;3.54;3.30;13.61
487846.00ms : 0.88;-0.46;-0.26;0.37;5.00;9.28
487866.00ms : 0.91;-0.44;-0.26;1.34;5.19;9.58
487886.00ms : 0.85;-0.48;-0.25;2.14;8.06;11.41
487906.00ms : 0.82;-0.54;-0.26;-4.52;12.39;9.03
487926.00ms : 0.84;-0.50;-0.24;-13.55;15.14;4.15
487946.00ms : 0.87;-0.51;-0.23;-19.41;18.19;2.38
487966.00ms : 0.83;-0.51;-0.21;-22.34;20.63;2.38
487986.00ms : 0.80;-0.53;-0.20;-27.59;21.91;-1.65
488006.00ms : 0.84;-0.50;-0.20;-33.63;20.26;-5.13
488026.00ms : 0.89;-0.46;-0.23;-30.88;16.42;-6.16
488046.00ms : 0.88;-0.45;-0.26;-22.40;13.37;-3.30
488066.00ms : 0.89;-0.46;-0.25;-13.67;10.38;1.16
488086.00ms : 0.89;-0.43;-0.25;-6.59;6.53;5.86
488106.00ms : 0.89;-0.46;-0.23;-1.65;7.08;6.90
488126.00ms : 0.89;-0.44;-0.21;-1.10;5.55;6.04
488146.00ms : 0.88;-0.45;-0.23;-0.61;3.17;7.32
488166.00ms : 0.89;-0.48;-0.23;0.43;1.10;7.20
488186.00ms : 0.87;-0.50;-0.22;0.49;-0.43;7.63
488206.00ms : 0.86;-0.47;-0.25;0.85;-0.61;4.70
488226.00ms : 0.90;-0.43;-0.25;1.89;-1.53;4.82
488246.00ms : 0.92;-0.42;-0.23;3.78;-1.53;5.62
488266.00ms : 0.91;-0.41;-0.26;3.60;-1.22;6.35
488286.00ms : 0.94;-0.38;-0.26;5.19;-1.04;4.64
488306.00ms : 0.95;-0.37;-0.24;9.28;-1.34;5.13
488326.00ms : 0.90;-0.40;-0.23;12.88;-1.77;5.86
488346.00ms : 0.90;-0.40;-0.26;14.65;-3.78;6.59
488366.00ms : 0.88;-0.41;-0.29;14.65;-3.36;7.45
488386.00ms : 0.89;-0.44;-0.25;11.72;-0.43;4.58
488406.00ms : 0.93;-0.42;-0.25;8.48;-2.08;4.88
488426.00ms : 0.91;-0.41;-0.27;8.67;-2.75;5.49
488446.00ms : 0.91;-0.39;-0.28;12.94;-5.62;6.29
488466.00ms : 0.93;-0.42;-0.31;14.77;-5.00;7.93
488486.00ms : 0.91;-0.46;-0.30;14.89;-4.58;9.09
488506.00ms : 0.88;-0.48;-0.26;12.39;-3.30;7.20
488526.00ms : 0.89;-0.49;-0.27;4.52;-2.32;4.82
488546.00ms : 0.90;-0.46;-0.30;-0.73;-2.44;2.56
488566.00ms : 0.90;-0.42;-0.29;-2.62;-0.49;3.11
488586.00ms : 0.91;-0.41;-0.27;-3.17;0.00;3.42
488606.00ms : 0.91;-0.41;-0.26;-4.76;0.67;2.87
488626.00ms : 0.92;-0.38;-0.26;-5.13;0.00;1.83
488646.00ms : 0.92;-0.36;-0.26;-3.42;0.31;2.20
488666.00ms : 0.93;-0.38;-0.29;-0.43;-0.49;2.50
488686.00ms : 0.91;-0.41;-0.29;0.92;-0.67;3.78
488706.00ms : 0.90;-0.43;-0.26;-0.67;-0.55;2.26
488726.00ms : 0.91;-0.39;-0.26;-2.44;-0.37;0.79
488746.00ms : 0.93;-0.40;-0.27;-2.69;-0.37;0.43
488766.00ms : 0.92;-0.40;-0.29;-2.75;-0.31;1.77
488786.00ms : 0.90;-0.43;-0.28;-3.48;-0.79;2.26
488806.00ms : 0.91;-0.41;-0.27;-4.27;-0.79;-0.06
488826.00ms : 0.91;-0.39;-0.25;-3.85;-0.67;-0.92
488846.00ms : 0.92;-0.38;-0.27;-4.58;-1.28;0.49
488866.00ms : 0.91;-0.39;-0.28;-4.09;-0.73;3.30
488886.00ms : 0.91;-0.40;-0.27;-3.30;-1.10;3.42
488906.00ms : 0.91;-0.41;-0.26;-2.81;-1.04;2.81
488926.00ms : 0.92;-0.38;-0.27;-2.26;-2.08;1.40
488946.00ms : 0.92;-0.38;-0.27;-0.92;-1.95;2.32
488966.00ms : 0.91;-0.38;-0.28;0.12;-2.69;2.01
488986.00ms : 0.92;-0.37;-0.28;0.85;-2.99;3.05
489006.00ms : 0.91;-0.42;-0.28;-0.12;-1.89;2.38
489026.00ms : 0.91;-0.39;-0.26;-2.08;-3.48;1.53
489046.00ms : 0.91;-0.39;-0.27;-2.38;-2.50;2.20
489066.00ms : 0.91;-0.39;-0.26;-1.28;-2.26;1.77
489086.00ms : 0.92;-0.39;-0.27;-0.43;-2.81;0.67
489106.00ms : 0.90;-0.39;-0.27;-0.92;-2.44;2.08
489126.00ms : 0.91;-0.40;-0.25;-2.01;-2.01;1.34
489146.00ms : 0.91;-0.39;-0.25;-3.48;-1.89;1.89
489166.00ms : 0.90;-0.42;-0.25;-5.49;-0.31;1.10
489186.00ms : 0.90;-0.40;-0.25;-8.91;1.34;0.12
489206.00ms : 0.91;-0.39;-0.26;-11.35;1.83;0.31
489226.00ms : 0.90;-0.42;-0.28;-12.70;2.38;0.73
489246.00ms : 0.91;-0.40;-0.27;-12.45;1.34;0.00
489266.00ms : 0.91;-0.40;-0.28;-10.62;1.10;0.85
489286.00ms : 0.92;-0.40;-0.27;-9.03;-0.18;-0.12
489306.00ms : 0.92;-0.36;-0.27;-7.39;-1.22;-0.55
489326.00ms : 0.93;-0.35;-0.26;-5.07;-1.46;0.31
489346.00ms : 0.92;-0.36;-0.26;-2.75;-2.44;1.22
489366.00ms : 0.93;-0.37;-0.25;-1.53;-3.30;2.14
489386.00ms : 0.93;-0.37;-0.26;0.43;-4.15;1.89
489406.00ms : 0.91;-0.39;-0.27;1.71;-4.64;2.14
489426.00ms : 0.92;-0.40;-0.27;0.12;-3.97;0.85
489446.00ms : 0.92;-0.40;-0.27;-2.75;-3.42;0.00
489466.00ms : 0.92;-0.42;-0.24;-6.77;-2.14;-0.98
489486.00ms : 0.90;-0.44;-0.23;-11.35;-0.85;-1.77
489506.00ms : 0.91;-0.38;-0.24;-13.24;-1.28;-1.71
489526.00ms : 0.90;-0.38;-0.22;-13.49;0.55;-1.28
489546.00ms : 0.93;-0.37;-0.23;-13.31;-0.67;-1.65
489566.00ms : 0.92;-0.39;-0.23;-12.70;0.00;-2.81
489586.00ms : 0.91;-0.37;-0.24;-12.45;-0.85;-5.00
489606.00ms : 0.94;-0.34;-0.23;-10.50;-2.26;-4.39
489626.00ms : 0.95;-0.35;-0.24;-5.43;-5.37;-1.59
489646.00ms : 0.91;-0.39;-0.20;-1.28;-5.98;2.14
489666.00ms : 0.89;-0.40;-0.12;1.04;-9.28;2.93
489686.00ms : 0.89;-0.47;-0.14;1.16;-12.94;-2.56
489706.00ms : 0.91;-0.46;-0.19;2.38;-15.26;-6.77
489726.00ms : 0.88;-0.52;-0.17;3.60;-16.72;-5.49
489746.00ms : 0.82;-0.62;-0.11;-2.32;-15.75;-6.23
489766.00ms : 0.80;-0.67;-0.11;-17.27;-13.18;-16.17
489786.00ms : 0.82;-0.62;-0.11;-32.71;-11.78;-26.67
489806.00ms : 0.85;-0.54;-0.14;-40.22;-10.86;-31.56
489826.00ms : 0.87;-0.46;-0.13;-36.38;-12.76;-30.46
489846.00ms : 0.84;-0.47;-0.11;-25.15;-14.47;-28.56
489866.00ms : 0.85;-0.48;-0.10;-16.05;-19.47;-30.21
489886.00ms : 0.86;-0.51;-0.10;-7.63;-25.51;-33.87
489906.00ms : 0.88;-0.50;-0.11;-1.53;-30.76;-36.56
489926.00ms : 0.83;-0.52;-0.11;2.26;-32.04;-38.02
489946.00ms : 0.79;-0.58;-0.10;-3.91;-29.05;-40.89
489966.00ms : 0.81;-0.58;-0.09;-16.36;-27.10;-47.73
489986.00ms : 0.85;-0.53;-0.08;-26.37;-26.18;-52.37
490006.00ms : 0.90;-0.51;-0.11;-28.26;-26.31;-54.57
490026.00ms : 0.85;-0.47;-0.13;-23.32;-27.47;-50.60
490046.00ms : 0.81;-0.53;-0.13;-19.90;-25.15;-44.13
490066.00ms : 0.82;-0.59;-0.09;-22.40;-24.35;-44.25
490086.00ms : 0.84;-0.54;-0.09;-25.76;-27.28;-45.65
490106.00ms : 0.83;-0.51;-0.08;-25.45;-27.47;-42.05
490126.00ms : 0.81;-0.52;-0.09;-21.36;-28.02;-40.04
490146.00ms : 0.75;-0.56;-0.08;-19.78;-26.55;-37.29
490166.00ms : 0.78;-0.56;-0.05;-22.95;-25.21;-37.48
490186.00ms : 0.76;-0.53;-0.04;-23.86;-24.66;-37.11
490206.00ms : 0.79;-0.50;-0.06;-18.86;-25.88;-36.99
490226.00ms : 0.76;-0.49;-0.06;-8.73;-25.45;-32.41
490246.00ms : 0.70;-0.57;-0.06;-2.38;-23.32;-29.05
490266.00ms : 0.70;-0.60;-0.04;-3.91;-20.81;-31.43
490286.00ms : 0.67;-0.63;-0.04;-8.24;-17.82;-31.92
490306.00ms : 0.69;-0.64;-0.04;-11.41;-16.24;-30.64
490326.00ms : 0.66;-0.66;-0.02;-13.67;-13.37;-30.64
490346.00ms : 0.66;-0.65;0.01;-16.42;-12.76;-29.48
490366.00ms : 0.64;-0.66;0.03;-17.03;-11.47;-30.40
490386.00ms : 0.62;-0.63;0.06;-16.72;-12.57;-31.56
490406.00ms : 0.63;-0.61;0.06;-13.55;-14.89;-31.31
490426.00ms : 0.61;-0.62;0.08;-9.28;-15.56;-29.60
490446.00ms : 0.61;-0.64;0.11;-5.62;-17.46;-30.40
490466.00ms : 0.60;-0.67;0.11;-2.32;-20.57;-31.56
490486.00ms : 0.59;-0.68;0.12;1.53;-23.50;-31.74
490506.00ms : 0.60;-0.63;0.13;10.86;-28.75;-31.13
490526.00ms : 0.57;-0.62;0.12;22.71;-33.51;-27.53
490546.00ms : 0.55;-0.68;0.08;27.04;-32.78;-23.32
490566.00ms : 0.51;-0.75;0.11;21.67;-30.33;-22.89
490586.00ms : 0.49;-0.78;0.12;10.62;-28.08;-25.39
490606.00ms : 0.50;-0.76;0.13;-0.06;-26.31;-29.36
490626.00ms : 0.51;-0.72;0.10;-8.24;-24.05;-32.47
490646.00ms : 0.51;-0.70;0.11;-12.27;-21.30;-32.59
490666.00ms : 0.48;-0.75;0.10;-18.07;-17.58;-33.08
490686.00ms : 0.47;-0.73;0.12;-24.90;-16.24;-34.73
490706.00ms : 0.48;-0.69;0.10;-26.67;-16.72;-34.67
490726.00ms : 0.49;-0.67;0.12;-22.58;-17.33;-33.63
490746.00ms : 0.46;-0.68;0.11;-18.01;-17.64;-31.43
490766.00ms : 0.42;-0.72;0.13;-15.56;-18.01;-29.85
490786.00ms : 0.41;-0.72;0.12;-15.69;-18.31;-29.42
490806.00ms : 0.42;-0.69;0.12;-14.53;-18.86;-29.42
490826.00ms : 0.41;-0.70;0.12;-11.54;-17.70;-28.50
490846.00ms : 0.39;-0.71;0.15;-10.25;-17.21;-27.28
490866.00ms : 0.36;-0.72;0.15;-9.52;-16.85;-26.12
490886.00ms : 0.38;-0.70;0.13;-6.84;-18.25;-26.61
490906.00ms : 0.38;-0.69;0.13;-1.65;-18.55;-26.25
490926.00ms : 0.36;-0.73;0.15;1.53;-17.09;-24.96
490946.00ms : 0.33;-0.73;0.16;0.18;-15.75;-25.21
490966.00ms : 0.32;-0.72;0.16;-0.73;-15.20;-24.48
490986.00ms : 0.32;-0.74;0.14;-0.67;-13.73;-26.98
491006.00ms : 0.31;-0.72;0.16;0.00;-12.02;-26.86
491026.00ms : 0.28;-0.75;0.17;-1.28;-10.50;-25.88
491046.00ms : 0.27;-0.76;0.18;-3.42;-10.93;-26.12
491066.00ms : 0.27;-0.75;0.19;-3.60;-11.66;-25.88
491086.00ms : 0.26;-0.75;0.19;-2.93;-11.29;-25.63
491106.00ms : 0.27;-0.73;0.21;-1.95;-12.39;-24.60
491126.00ms : 0.24;-0.73;0.20;0.79;-13.18;-22.46
491146.00ms : 0.22;-0.76;0.19;1.77;-13.61;-21.30
491166.00ms : 0.21;-0.80;0.19;-1.22;-13.00;-23.32
491186.00ms : 0.21;-0.81;0.22;-7.26;-11.96;-23.74
491206.00ms : 0.21;-0.76;0.22;-10.19;-12.15;-23.68
491226.00ms : 0.20;-0.75;0.20;-10.56;-12.08;-24.48
491246.00ms : 0.19;-0.75;0.20;-10.74;-10.68;-24.17
491266.00ms : 0.19;-0.78;0.20;-13.12;-10.07;-24.90
491286.00ms : 0.18;-0.75;0.21;-13.12;-11.23;-24.66
491306.00ms : 0.17;-0.74;0.20;-12.39;-12.08;-23.44
491326.00ms : 0.16;-0.74;0.18;-10.74;-10.99;-21.73
491346.00ms : 0.14;-0.74;0.21;-10.80;-10.19;-20.02
491366.00ms : 0.16;-0.72;0.21;-11.66;-10.38;-19.96
491386.00ms : 0.16;-0.72;0.20;-11.72;-10.50;-18.92
491406.00ms : 0.13;-0.74;0.21;-11.17;-8.97;-16.97
491426.00ms : 0.12;-0.74;0.20;-12.82;-8.24;-16.91
491446.00ms : 0.13;-0.70;0.23;-12.33;-9.52;-16.36
491466.00ms : 0.14;-0.69;0.22;-8.42;-9.77;-15.63
491486.00ms : 0.12;-0.73;0.21;-6.84;-7.87;-14.34
491506.00ms : 0.10;-0.73;0.23;-8.54;-5.98;-13.18
491526.00ms : 0.09;-0.74;0.23;-11.84;-5.62;-13.31
491546.00ms : 0.10;-0.72;0.24;-12.76;-6.77;-13.92
491566.00ms : 0.09;-0.71;0.24;-12.02;-6.04;-13.31
491586.00ms : 0.09;-0.70;0.24;-10.93;-6.16;-13.12
491606.00ms : 0.08;-0.69;0.25;-8.91;-6.47;-12.45
491626.00ms : 0.08;-0.72;0.26;-8.42;-6.84;-11.47
491646.00ms : 0.07;-0.72;0.28;-7.45;-8.24;-12.27
491666.00ms : 0.08;-0.68;0.25;-4.76;-9.89;-12.57
491686.00ms : 0.06;-0.71;0.25;-0.92;-8.91;-10.56
491706.00ms : 0.05;-0.74;0.28;-0.37;-9.83;-10.50
491726.00ms : 0.03;-0.71;0.25;-1.22;-10.19;-11.23
491746.00ms : 0.05;-0.73;0.24;-0.73;-11.66;-13.49
491766.00ms : 0.04;-0.72;0.25;-0.85;-10.38;-13.92
491786.00ms : 0.02;-0.73;0.25;-3.66;-7.26;-11.41
491806.00ms : 0.01;-0.71;0.24;-6.29;-6.29;-11.78
491826.00ms : 0.04;-0.68;0.22;-6.35;-7.14;-13.00
491846.00ms : 0.05;-0.65;0.23;-3.66;-6.96;-12.57
491866.00ms : 0.04;-0.68;0.22;-1.83;-3.97;-10.01
491886.00ms : 0.02;-0.68;0.22;-3.48;-2.75;-8.30
491906.00ms : 0.03;-0.65;0.21;-1.77;-2.99;-7.45
491926.00ms : 0.03;-0.63;0.22;1.65;-3.30;-6.23
491946.00ms : 0.02;-0.65;0.19;2.44;-0.43;-2.81
491966.00ms : 0.02;-0.67;0.21;1.28;0.79;-1.40
491986.00ms : 0.03;-0.63;0.20;2.01;0.73;0.31
492006.00ms : 0.04;-0.63;0.20;5.37;2.44;2.62
492026.00ms : 0.03;-0.66;0.19;6.29;4.82;5.62
492046.00ms : 0.02;-0.68;0.20;3.91;7.26;7.69
492066.00ms : 0.01;-0.67;0.20;0.92;8.24;8.06
492086.00ms : 0.04;-0.66;0.20;0.79;9.77;8.73
492106.00ms : 0.05;-0.67;0.19;2.20;12.63;11.47
492126.00ms : 0.05;-0.67;0.19;2.81;13.79;14.22
492146.00ms : 0.06;-0.66;0.20;4.64;12.51;15.93
492166.00ms : 0.09;-0.63;0.21;10.38;11.54;16.54
492186.00ms : 0.10;-0.64;0.19;17.58;11.54;18.86
492206.00ms : 0.10;-0.68;0.19;22.58;11.96;22.58
492226.00ms : 0.08;-0.71;0.19;22.16;12.51;23.93
492246.00ms : 0.09;-0.68;0.19;21.24;11.84;24.90
492266.00ms : 0.13;-0.67;0.19;22.95;11.29;26.49
492286.00ms : 0.13;-0.71;0.18;24.23;13.55;30.58
492306.00ms : 0.13;-0.76;0.18;20.87;14.59;35.28
492326.00ms : 0.13;-0.74;0.20;18.13;14.28;35.34
492346.00ms : 0.15;-0.74;0.21;19.17;13.61;33.81
492366.00ms : 0.16;-0.74;0.21;24.35;12.15;33.63
492386.00ms : 0.15;-0.81;0.21;24.05;13.85;33.08
492406.00ms : 0.15;-0.82;0.21;20.20;13.24;31.07
492426.00ms : 0.17;-0.81;0.22;17.76;12.21;29.11
492446.00ms : 0.18;-0.78;0.20;18.25;10.50;27.28
492466.00ms : 0.20;-0.80;0.19;19.90;10.31;28.32
492486.00ms : 0.19;-0.84;0.18;18.49;10.68;29.66
492506.00ms : 0.20;-0.82;0.18;16.30;9.16;28.02
492526.00ms : 0.23;-0.81;0.17;16.24;8.36;26.18
492546.00ms : 0.23;-0.82;0.14;14.47;9.77;26.86
492566.00ms : 0.23;-0.82;0.15;11.84;10.68;27.65
492586.00ms : 0.24;-0.79;0.16;11.47;10.13;25.09
492606.00ms : 0.29;-0.76;0.15;13.24;9.64;25.33
492626.00ms : 0.28;-0.81;0.12;12.57;11.23;28.14
492646.00ms : 0.26;-0.83;0.12;9.34;11.41;28.81
492666.00ms : 0.29;-0.81;0.13;7.14;9.95;27.77
492686.00ms : 0.32;-0.76;0.12;7.45;8.73;26.18
492706.00ms : 0.33;-0.75;0.10;8.18;10.13;28.50
492726.00ms : 0.33;-0.80;0.10;8.91;11.11;30.40
492746.00ms : 0.34;-0.80;0.09;7.20;10.80;29.24
492766.00ms : 0.37;-0.77;0.09;7.93;10.31;27.71
492786.00ms : 0.38;-0.77;0.07;10.38;11.11;28.87
492806.00ms : 0.36;-0.85;0.05;9.34;13.49;29.48
492826.00ms : 0.35;-0.86;0.08;5.00;14.59;27.28
492846.00ms : 0.38;-0.80;0.08;1.22;14.28;23.80
492866.00ms : 0.43;-0.76;0.07;5.62;14.83;22.52
492886.00ms : 0.42;-0.81;0.06;9.64;16.48;23.80
492906.00ms : 0.41;-0.84;0.06;10.56;16.42;23.19
492926.00ms : 0.41;-0.81;0.08;10.07;13.92;22.28
492946.00ms : 0.44;-0.75;0.07;13.18;11.41;21.97
492966.00ms : 0.47;-0.75;0.06;18.80;10.86;23.32
492986.00ms : 0.47;-0.77;0.06;20.87;9.77;24.72
493006.00ms : 0.45;-0.79;0.05;20.14;9.52;26.06
493026.00ms : 0.46;-0.77;0.06;16.85;9.40;25.09
493046.00ms : 0.50;-0.73;0.05;16.42;8.00;24.66
493066.00ms : 0.50;-0.74;0.04;16.91;8.73;26.06
493086.00ms : 0.49;-0.76;0.04;13.67;9.52;27.34
493106.00ms : 0.50;-0.77;0.04;8.79;9.34;27.04
493126.00ms : 0.53;-0.71;0.03;5.80;8.61;26.25
493146.00ms : 0.56;-0.68;0.02;7.45;9.46;26.37
493166.00ms : 0.54;-0.73;-0.00;8.97;10.86;29.54
493186.00ms : 0.53;-0.78;-0.00;5.00;11.72;30.58
493206.00ms : 0.55;-0.75;-0.01;0.43;10.93;30.64
493226.00ms : 0.58;-0.67;0.00;0.67;10.38;29.66
493246.00ms : 0.62;-0.65;-0.01;4.64;11.47;32.59
493266.00ms : 0.60;-0.73;-0.04;7.26;13.18;36.32
493286.00ms : 0.55;-0.78;-0.02;4.52;13.61;37.05
493306.00ms : 0.57;-0.79;-0.01;-2.93;13.61;32.35
493326.00ms : 0.63;-0.70;-0.00;-7.63;13.49;27.10
493346.00ms : 0.66;-0.72;-0.02;-4.88;15.38;27.71
493366.00ms : 0.59;-0.75;-0.04;-3.11;17.76;28.99
493386.00ms : 0.60;-0.76;-0.03;-3.97;14.95;27.59
493406.00ms : 0.62;-0.74;-0.02;-4.21;12.21;23.93
493426.00ms : 0.66;-0.66;-0.01;1.10;10.07;21.67
493446.00ms : 0.68;-0.67;-0.03;11.23;8.54;24.78
493466.00ms : 0.66;-0.70;-0.03;18.07;7.14;26.37
493486.00ms : 0.65;-0.73;-0.04;18.80;4.52;25.82
493506.00ms : 0.66;-0.71;-0.05;15.99;3.30;23.25
493526.00ms : 0.67;-0.68;-0.05;13.85;4.39;21.79
493546.00ms : 0.67;-0.68;-0.04;12.39;6.35;20.26
493566.00ms : 0.67;-0.68;-0.06;10.01;7.20;19.29
493586.00ms : 0.67;-0.70;-0.07;7.08;7.08;19.65
493606.00ms : 0.68;-0.67;-0.06;3.48;6.59;20.14
493626.00ms : 0.71;-0.63;-0.08;4.21;5.49;20.02
493646.00ms : 0.72;-0.62;-0.08;8.30;4.94;21.36
493666.00ms : 0.70;-0.64;-0.07;9.22;4.33;23.44
493686.00ms : 0.70;-0.67;-0.08;5.86;4.82;23.07
493706.00ms : 0.73;-0.64;-0.10;0.24;5.80;20.57
493726.00ms : 0.76;-0.60;-0.10;-0.85;6.65;20.39
493746.00ms : 0.74;-0.61;-0.09;0.06;9.09;22.46
493766.00ms : 0.72;-0.63;-0.09;-0.37;8.61;24.60
493786.00ms : 0.73;-0.62;-0.10;-2.38;8.24;24.90
493806.00ms : 0.76;-0.62;-0.11;-5.07;8.54;22.52
493826.00ms : 0.76;-0.58;-0.10;-5.98;8.85;21.36
493846.00ms : 0.78;-0.55;-0.09;-2.32;8.12;23.19
493866.00ms : 0.76;-0.58;-0.12;1.04;7.63;25.15
493886.00ms : 0.77;-0.59;-0.11;1.65;7.69;23.93
493906.00ms : 0.78;-0.56;-0.12;1.16;6.90;21.91
493926.00ms : 0.80;-0.56;-0.12;2.93;6.16;22.58
493946.00ms : 0.78;-0.56;-0.11;4.82;7.45;23.50
493966.00ms : 0.79;-0.56;-0.13;2.99;8.30;23.74
493986.00ms : 0.80;-0.58;-0.14;-0.49;10.68;22.58
494006.00ms : 0.78;-0.57;-0.12;-5.19;11.41;22.09
494026.00ms : 0.78;-0.58;-0.11;-9.95;12.27;22.28
494046.00ms : 0.81;-0.54;-0.10;-11.60;10.99;20.81
494066.00ms : 0.84;-0.51;-0.12;-11.29;11.23;20.69
494086.00ms : 0.83;-0.48;-0.12;-6.53;8.67;17.70
494106.00ms : 0.83;-0.49;-0.12;-1.22;6.96;18.92
494126.00ms : 0.79;-0.54;-0.11;0.37;8.12;19.04
494146.00ms : 0.79;-0.56;-0.11;-4.39;11.23;15.75
494166.00ms : 0.84;-0.51;-0.14;-10.19;13.31;13.92
494186.00ms : 0.85;-0.49;-0.15;-9.58;14.28;14.28
494206.00ms : 0.84;-0.50;-0.14;-8.30;15.50;16.48
494226.00ms : 0.85;-0.48;-0.15;-7.69;15.20;16.24
494246.00ms : 0.88;-0.46;-0.16;-5.49;14.71;14.10
494266.00ms : 0.91;-0.44;-0.20;-2.01;13.37;14.65
494286.00ms : 0.88;-0.44;-0.21;3.91;12.63;18.49
494306.00ms : 0.82;-0.53;-0.19;6.35;13.98;16.42
494326.00ms : 0.82;-0.53;-0.19;0.98;13.98;13.00
494346.00ms : 0.86;-0.51;-0.20;-5.13;13.43;13.98
494366.00ms : 0.84;-0.49;-0.21;-5.49;13.79;14.59
494386.00ms : 0.86;-0.48;-0.24;-4.09;12.21;17.40
494406.00ms : 0.84;-0.49;-0.22;1.53;9.28;20.32
494426.00ms : 0.85;-0.49;-0.21;4.03;6.35;20.81
494446.00ms : 0.89;-0.47;-0.21;7.75;3.85;18.74
494466.00ms : 0.88;-0.44;-0.23;13.85;2.14;17.33
494486.00ms : 0.86;-0.46;-0.21;18.19;1.46;16.85
494506.00ms : 0.86;-0.49;-0.22;17.82;2.50;14.34
494526.00ms : 0.87;-0.46;-0.22;16.54;2.75;13.92
494546.00ms : 0.84;-0.45;-0.23;16.78;4.27;11.96
494566.00ms : 0.87;-0.46;-0.22;15.20;5.55;7.14
494586.00ms : 0.90;-0.39;-0.23;14.77;3.36;10.13
494606.00ms : 0.85;-0.45;-0.24;17.40;3.97;13.37
494626.00ms : 0.85;-0.47;-0.22;12.15;6.10;7.51
494646.00ms : 0.90;-0.40;-0.21;5.98;4.88;2.81
494666.00ms : 0.93;-0.36;-0.20;6.16;5.25;4.09
494686.00ms : 0.92;-0.41;-0.18;4.09;8.06;2.08
494706.00ms : 0.93;-0.38;-0.18;-1.77;7.87;-2.62
494726.00ms : 0.94;-0.36;-0.24;-4.09;6.16;-0.24
494746.00ms : 0.97;-0.42;-0.28;-5.68;7.75;-1.28
494766.00ms : 0.92;-0.43;-0.24;-5.19;7.39;-3.66
494786.00ms : 0.87;-0.41;-0.23;-6.35;7.51;-1.10
494806.00ms : 0.87;-0.42;-0.23;-7.57;9.58;1.16
494826.00ms : 0.91;-0.37;-0.23;-4.39;8.24;3.72
494846.00ms : 0.91;-0.36;-0.24;3.05;6.10;7.39
494866.00ms : 0.90;-0.41;-0.23;7.81;3.42;9.34
494886.00ms : 0.86;-0.45;-0.21;8.61;-0.37;7.08
494906.00ms : 0.89;-0.42;-0.20;5.86;-3.54;6.23
494926.00ms : 0.88;-0.46;-0.25;4.27;-2.75;6.84
494946.00ms : 0.87;-0.45;-0.26;3.36;-1.83;6.29
494966.00ms : 0.91;-0.42;-0.26;1.53;-1.83;7.93
494986.00ms : 0.93;-0.43;-0.23;-0.12;-2.75;8.91
495006.00ms : 0.93;-0.42;-0.25;-3.78;-1.83;4.82
495026.00ms : 0.92;-0.39;-0.25;-5.74;-0.73;1.71
495046.00ms : 0.91;-0.38;-0.24;-5.07;-1.40;0.06
495066.00ms : 0.93;-0.37;-0.27;-3.60;-1.28;0.73
495086.00ms : 0.93;-0.35;-0.27;-1.83;-1.28;1.46
495106.00ms : 0.95;-0.33;-0.28;0.61;-0.55;1.22
495126.00ms : 0.92;-0.34;-0.26;1.34;-0.24;1.83
495146.00ms : 0.92;-0.33;-0.25;1.89;-0.24;1.65
495166.00ms : 0.94;-0.31;-0.27;2.93;-0.92;2.81
495186.00ms : 0.95;-0.32;-0.28;4.70;-1.65;3.91
495206.00ms : 0.94;-0.36;-0.27;8.06;-2.01;2.93
495226.00ms : 0.93;-0.35;-0.27;11.35;-3.78;2.08
495246.00ms : 0.93;-0.37;-0.26;11.96;-2.99;2.44
495266.00ms : 0.90;-0.44;-0.25;7.81;-1.34;2.20
495286.00ms : 0.89;-0.45;-0.26;1.04;0.61;0.61
495306.00ms : 0.91;-0.43;-0.28;-3.66;1.77;-0.18
495326.00ms : 0.92;-0.42;-0.29;-5.74;1.71;-0.61
495346.00ms : 0.92;-0.42;-0.29;-6.77;1.77;-0.37
495366.00ms : 0.91;-0.41;-0.28;-7.51;2.38;-0.49
495386.00ms : 0.92;-0.38;-0.26;-8.79;2.81;-1.04
495406.00ms : 0.93;-0.35;-0.27;-9.83;2.81;-1.77
495426.00ms : 0.93;-0.33;-0.27;-8.73;2.38;-0.61
495446.00ms : 0.93;-0.33;-0.26;-6.90;2.56;-0.79
495466.00ms : 0.94;-0.34;-0.27;-4.09;1.04;-0.85
495486.00ms : 0.92;-0.35;-0.28;-2.14;1.16;0.43
495506.00ms : 0.92;-0.39;-0.28;-1.65;0.79;0.73
495526.00ms : 0.91;-0.41;-0.28;-2.20;0.79;0.98
495546.00ms : 0.92;-0.41;-0.27;-4.46;0.49;-0.43
495566.00ms : 0.93;-0.40;-0.28;-5.98;0.67;-2.08
495586.00ms : 0.92;-0.39;-0.28;-7.26;1.59;-1.59
495606.00ms : 0.92;-0.37;-0.27;-8.42;1.53;-1.89
495626.00ms : 0.94;-0.35;-0.28;-7.51;0.37;-1.65
495646.00ms : 0.92;-0.35;-0.27;-5.49;0.92;-0.73
495666.00ms : 0.93;-0.34;-0.26;-3.60;-0.49;-1.22
495686.00ms : 0.94;-0.31;-0.27;-0.79;-1.53;0.18
495706.00ms : 0.93;-0.35;-0.27;1.65;-1.34;1.65
495726.00ms : 0.92;-0.39;-0.26;2.75;-2.44;1.16
495746.00ms : 0.92;-0.39;-0.28;2.99;-2.69;0.49
495766.00ms : 0.91;-0.41;-0.27;1.71;-2.26;0.00
495786.00ms : 0.90;-0.41;-0.27;0.06;-1.22;-0.85
495806.00ms : 0.92;-0.37;-0.26;-0.73;-1.53;-0.98
495826.00ms : 0.92;-0.36;-0.27;-0.79;-1.34;0.73
495846.00ms : 0.92;-0.39;-0.28;-0.98;-0.49;0.92
495866.00ms : 0.91;-0.40;-0.27;-1.59;-0.98;-0.43
495886.00ms : 0.92;-0.38;-0.28;-2.26;-0.98;-0.55
495906.00ms : 0.93;-0.38;-0.28;-2.14;-1.10;0.18
495926.00ms : 0.91;-0.38;-0.27;-1.10;-0.73;-0.67
495946.00ms : 0.93;-0.36;-0.26;0.06;-1.77;-0.06
495966.00ms : 0.92;-0.35;-0.26;1.40;-1.53;1.65
495986.00ms : 0.92;-0.38;-0.26;0.55;-1.28;1.46
496006.00ms : 0.92;-0.37;-0.27;0.55;-1.59;0.43
496026.00ms : 0.92;-0.37;-0.27;1.40;-1.59;0.43
496046.00ms : 0.92;-0.37;-0.27;1.10;-1.22;1.28
496066.00ms : 0.92;-0.39;-0.26;0.24;-0.55;1.40
496086.00ms : 0.91;-0.40;-0.26;-0.49;-0.61;1.04
496106.00ms : 0.92;-0.38;-0.27;-0.49;-0.98;-0.31
496126.00ms : 0.93;-0.36;-0.28;0.79;-1.53;0.67
496146.00ms : 0.92;-0.37;-0.28;0.92;-1.40;2.08
496166.00ms : 0.92;-0.40;-0.28;0.00;-0.98;1.95
496186.00ms : 0.91;-0.39;-0.28;-0.85;-0.92;0.55
496206.00ms : 0.93;-0.36;-0.27;0.12;-1.53;-0.31
496226.00ms : 0.93;-0.35;-0.27;1.04;-1.65;1.22
496246.00ms : 0.91;-0.37;-0.26;2.26;-1.34;2.50
496266.00ms : 0.92;-0.37;-0.26;2.62;-1.71;1.04
496286.00ms : 0.93;-0.36;-0.28;3.48;-1.83;0.18
496306.00ms : 0.92;-0.37;-0.28;2.62;-1.59;1.53
496326.00ms : 0.92;-0.40;-0.28;1.34;-1.40;1.40
496346.00ms : 0.92;-0.39;-0.28;0.12;-1.28;0.85
496366.00ms : 0.92;-0.40;-0.27;-0.79;-1.28;0.37
496386.00ms : 0.92;-0.38;-0.28;-0.18;-1.65;0.37
496406.00ms : 0.92;-0.38;-0.28;0.24;-1.71;1.22
496426.00ms : 0.92;-0.37;-0.28;-0.55;-1.83;1.28
496446.00ms : 0.93;-0.38;-0.28;-1.10;-2.01;0.98
496466.00ms : 0.93;-0.36;-0.28;-1.59;-1.77;0.12
496486.00ms : 0.93;-0.36;-0.27;-0.61;-2.32;0.24
496506.00ms : 0.92;-0.37;-0.27;0.24;-2.20;1.46
496526.00ms : 0.92;-0.39;-0.27;-0.12;-2.08;1.22
496546.00ms : 0.93;-0.38;-0.27;-0.06;-2.99;0.12
496566.00ms : 0.92;-0.38;-0.28;-1.10;-3.36;0.67
496586.00ms : 0.92;-0.40;-0.27;-3.11;-2.32;0.73
496606.00ms : 0.93;-0.38;-0.28;-3.85;-2.50;0.24
496626.00ms : 0.92;-0.39;-0.27;-4.58;-2.75;0.00
496646.00ms : 0.93;-0.40;-0.26;-5.49;-2.38;-1.10
496666.00ms : 0.94;-0.36;-0.27;-6.41;-3.60;-1.46
496686.00ms : 0.91;-0.37;-0.26;-6.16;-2.56;0.06
496706.00ms : 0.93;-0.36;-0.26;-4.70;-3.78;0.85
496726.00ms : 0.94;-0.35;-0.27;-2.44;-4.46;1.65
496746.00ms : 0.94;-0.37;-0.27;-0.85;-5.07;-0.12
496766.00ms : 0.94;-0.37;-0.27;-1.34;-4.09;-0.85
496786.00ms : 0.91;-0.40;-0.25;-4.76;-1.83;0.31
496806.00ms : 0.88;-0.44;-0.25;-11.23;0.43;0.67
496826.00ms : 0.89;-0.42;-0.26;-15.26;0.92;-2.93
496846.00ms : 0.91;-0.37;-0.25;-15.32;-0.61;-4.27
496866.00ms : 0.93;-0.35;-0.25;-13.73;-1.34;-1.34
496886.00ms : 0.91;-0.38;-0.24;-13.85;-0.73;-1.10
496906.00ms : 0.89;-0.38;-0.22;-13.98;-1.83;-2.56
496926.00ms : 0.93;-0.34;-0.27;-13.73;-2.69;-2.44
496946.00ms : 0.95;-0.32;-0.26;-11.17;-3.23;-0.18
496966.00ms : 0.94;-0.36;-0.24;-8.06;-3.91;0.92
496986.00ms : 0.91;-0.34;-0.23;-6.71;-2.93;0.43
497006.00ms : 0.90;-0.35;-0.21;-7.14;-3.05;0.79
497026.00ms : 0.90;-0.37;-0.23;-7.45;-3.42;2.75
497046.00ms : 0.93;-0.41;-0.24;-7.45;-2.93;1.53
497066.00ms : 0.93;-0.39;-0.22;-7.08;-3.17;0.43
497086.00ms : 0.91;-0.37;-0.20;-7.20;-3.72;0.00
497106.00ms : 0.90;-0.36;-0.20;-7.69;-5.49;2.62
497126.00ms : 0.92;-0.37;-0.22;-6.04;-6.10;3.91
497146.00ms : 0.93;-0.38;-0.22;-3.91;-4.58;0.67
497166.00ms : 0.89;-0.35;-0.19;-4.27;-5.98;0.06
497186.00ms : 0.91;-0.33;-0.20;-5.31;-8.30;5.07
497206.00ms : 0.92;-0.39;-0.22;-1.71;-7.51;5.13
497226.00ms : 0.91;-0.39;-0.23;-1.10;-5.98;2.26
497246.00ms : 0.89;-0.34;-0.20;-0.92;-7.08;0.73
497266.00ms : 0.92;-0.31;-0.21;-0.18;-7.81;4.09
497286.00ms : 0.93;-0.33;-0.21;3.05;-8.12;6.84
497306.00ms : 0.93;-0.34;-0.24;2.56;-5.55;4.27
497326.00ms : 0.90;-0.35;-0.21;-2.38;-2.56;-1.34
497346.00ms : 0.86;-0.39;-0.17;-9.95;-1.46;-4.27
497366.00ms : 0.89;-0.41;-0.20;-14.89;-2.56;-5.07
497386.00ms : 0.92;-0.39;-0.19;-15.87;-2.08;-4.46
497406.00ms : 0.91;-0.36;-0.16;-14.22;-2.26;-5.55
497426.00ms : 0.95;-0.31;-0.20;-7.93;-4.94;-3.05
497446.00ms : 0.96;-0.35;-0.19;0.67;-7.32;1.59
497466.00ms : 0.91;-0.42;-0.17;1.65;-7.14;2.01
497486.00ms : 0.89;-0.43;-0.16;-1.53;-8.30;-2.08
497506.00ms : 0.90;-0.40;-0.15;-4.27;-8.30;-4.82
497526.00ms : 0.89;-0.43;-0.17;-4.39;-8.12;-5.43
497546.00ms : 0.84;-0.46;-0.16;-7.14;-8.42;-6.84
497566.00ms : 0.85;-0.45;-0.14;-10.01;-9.83;-10.44
497586.00ms : 0.90;-0.41;-0.16;-10.68;-11.84;-12.39
497606.00ms : 0.88;-0.41;-0.17;-8.00;-12.08;-11.84
497626.00ms : 0.87;-0.41;-0.18;-5.31;-13.37;-13.85
497646.00ms : 0.89;-0.39;-0.17;-4.33;-12.82;-14.89
497666.00ms : 0.89;-0.42;-0.18;-4.82;-11.35;-18.01
497686.00ms : 0.88;-0.44;-0.16;-7.45;-11.29;-19.47
497706.00ms : 0.86;-0.45;-0.16;-8.48;-11.41;-20.14
497726.00ms : 0.87;-0.44;-0.17;-8.97;-10.31;-19.35
497746.00ms : 0.89;-0.41;-0.14;-7.14;-11.23;-18.68
497766.00ms : 0.88;-0.41;-0.13;-3.97;-12.15;-18.07
497786.00ms : 0.86;-0.43;-0.11;-2.44;-13.61;-18.19
497806.00ms : 0.85;-0.47;-0.11;-4.64;-13.73;-19.29
497826.00ms : 0.86;-0.44;-0.08;-8.85;-14.10;-22.77
497846.00ms : 0.88;-0.45;-0.08;-11.23;-14.47;-25.27
497866.00ms : 0.86;-0.48;-0.08;-11.90;-14.47;-24.48
497886.00ms : 0.84;-0.49;-0.09;-12.94;-14.95;-24.60
497906.00ms : 0.84;-0.46;-0.08;-13.00;-15.75;-25.63
497926.00ms : 0.85;-0.44;-0.08;-12.08;-16.54;-25.70
497946.00ms : 0.83;-0.50;-0.08;-11.78;-15.87;-26.00
497966.00ms : 0.81;-0.53;-0.09;-13.73;-15.50;-27.77
497986.00ms : 0.83;-0.52;-0.08;-16.48;-15.69;-30.33
498006.00ms : 0.83;-0.47;-0.08;-14.83;-15.81;-31.56
498026.00ms : 0.82;-0.48;-0.07;-12.15;-15.20;-29.97
498046.00ms : 0.78;-0.54;-0.07;-10.74;-13.92;-29.66
498066.00ms : 0.78;-0.53;-0.06;-12.27;-14.47;-30.03
498086.00ms : 0.80;-0.51;-0.06;-10.86;-15.87;-31.37
498106.00ms : 0.80;-0.51;-0.05;-7.69;-16.60;-30.21
498126.00ms : 0.78;-0.55;-0.05;-7.02;-15.14;-28.87
498146.00ms : 0.77;-0.55;-0.04;-9.83;-14.65;-30.21
498166.00ms : 0.76;-0.54;-0.03;-10.44;-16.42;-31.68
498186.00ms : 0.76;-0.54;-0.02;-9.28;-16.78;-31.19
498206.00ms : 0.75;-0.56;-0.01;-9.16;-16.24;-31.74
498226.00ms : 0.75;-0.56;-0.00;-9.52;-16.72;-31.56
498246.00ms : 0.74;-0.57;-0.01;-10.13;-16.60;-30.88
498266.00ms : 0.74;-0.58;0.01;-10.07;-16.30;-31.31
498286.00ms : 0.72;-0.61;0.02;-8.97;-17.94;-33.63
498306.00ms : 0.69;-0.60;0.03;-8.91;-18.43;-32.90
498326.00ms : 0.68;-0.62;0.05;-10.25;-18.55;-34.18
498346.00ms : 0.70;-0.63;0.08;-10.74;-20.02;-40.65
498366.00ms : 0.69;-0.59;0.10;-11.90;-20.69;-41.50
498386.00ms : 0.67;-0.59;0.05;-8.85;-22.52;-39.79
498406.00ms : 0.65;-0.65;0.06;-4.94;-27.04;-39.55
498426.00ms : 0.62;-0.68;0.05;-3.17;-29.42;-36.80
498446.00ms : 0.64;-0.66;0.06;-3.11;-29.48;-34.67
498466.00ms : 0.66;-0.62;0.06;1.71;-32.10;-35.64
498486.00ms : 0.62;-0.64;0.07;4.76;-30.58;-30.52
498506.00ms : 0.60;-0.71;0.03;2.50;-28.87;-31.31
498526.00ms : 0.58;-0.71;0.05;-4.52;-25.94;-32.41
498546.00ms : 0.57;-0.70;0.06;-11.90;-23.13;-34.97
498566.00ms : 0.56;-0.66;0.08;-15.63;-20.26;-36.19
498586.00ms : 0.57;-0.66;0.07;-17.82;-18.01;-36.68
498606.00ms : 0.56;-0.69;0.06;-19.59;-15.63;-37.17
498626.00ms : 0.53;-0.69;0.05;-21.61;-13.67;-36.07
498646.00ms : 0.51;-0.67;0.09;-21.73;-13.98;-34.18
498666.00ms : 0.51;-0.66;0.10;-20.20;-14.40;-33.02
498686.00ms : 0.52;-0.65;0.11;-17.03;-15.99;-32.90
498706.00ms : 0.51;-0.64;0.11;-13.98;-16.42;-30.09
498726.00ms : 0.48;-0.66;0.12;-10.56;-16.48;-27.95
498746.00ms : 0.46;-0.68;0.13;-8.97;-16.42;-27.40
498766.00ms : 0.45;-0.71;0.15;-9.70;-16.17;-27.47
498786.00ms : 0.44;-0.70;0.16;-11.29;-17.40;-27.40
498806.00ms : 0.44;-0.70;0.14;-11.29;-16.36;-27.34
498826.00ms : 0.43;-0.73;0.16;-11.66;-15.32;-27.28
498846.00ms : 0.41;-0.73;0.19;-12.33;-15.81;-27.53
498866.00ms : 0.41;-0.71;0.19;-12.51;-17.21;-27.95
498886.00ms : 0.39;-0.70;0.19;-11.29;-17.21;-29.54
498906.00ms : 0.40;-0.70;0.20;-9.34;-18.49;-31.13
498926.00ms : 0.36;-0.72;0.22;-9.09;-18.07;-29.36
498946.00ms : 0.34;-0.73;0.23;-12.08;-18.19;-28.50
498966.00ms : 0.35;-0.72;0.22;-15.50;-18.68;-30.21
498986.00ms : 0.35;-0.73;0.20;-19.84;-17.76;-31.43
499006.00ms : 0.33;-0.71;0.24;-22.34;-16.05;-30.21
499026.00ms : 0.30;-0.71;0.24;-25.39;-15.87;-29.24
499046.00ms : 0.30;-0.68;0.24;-25.57;-17.15;-30.21
499066.00ms : 0.33;-0.69;0.25;-22.77;-18.07;-30.03
499086.00ms : 0.33;-0.68;0.25;-19.29;-18.68;-28.26
499106.00ms : 0.28;-0.69;0.25;-17.21;-19.35;-25.51
499126.00ms : 0.26;-0.69;0.24;-15.93;-20.87;-24.17
499146.00ms : 0.24;-0.70;0.27;-15.56;-20.20;-22.40
499166.00ms : 0.23;-0.71;0.27;-19.23;-19.53;-21.97
499186.00ms : 0.24;-0.68;0.26;-20.26;-19.96;-22.28
499206.00ms : 0.22;-0.66;0.27;-19.23;-20.63;-21.85
499226.00ms : 0.22;-0.66;0.26;-17.64;-21.18;-21.61
499246.00ms : 0.20;-0.67;0.26;-15.99;-21.18;-21.48
499266.00ms : 0.21;-0.62;0.27;-13.12;-22.89;-22.22
499286.00ms : 0.20;-0.62;0.27;-8.85;-22.64;-21.48
499306.00ms : 0.18;-0.66;0.25;-5.68;-21.61;-19.59
499326.00ms : 0.17;-0.66;0.24;-5.25;-21.30;-19.17
499346.00ms : 0.16;-0.63;0.24;-3.17;-21.67;-18.68
499366.00ms : 0.15;-0.66;0.24;-0.85;-20.20;-19.17
499386.00ms : 0.13;-0.68;0.25;-0.18;-19.10;-18.13
499406.00ms : 0.13;-0.66;0.24;0.06;-19.53;-18.55
499426.00ms : 0.13;-0.64;0.25;3.17;-19.90;-17.33
499446.00ms : 0.09;-0.69;0.24;4.64;-17.09;-15.01
499466.00ms : 0.09;-0.67;0.27;4.82;-17.27;-16.91
499486.00ms : 0.09;-0.63;0.28;9.03;-18.31;-15.81
499506.00ms : 0.09;-0.63;0.26;14.53;-18.31;-14.59
499526.00ms : 0.06;-0.69;0.27;15.56;-15.99;-14.59
499546.00ms : 0.02;-0.74;0.26;9.89;-13.55;-14.71
499566.00ms : 0.04;-0.72;0.29;4.58;-13.61;-15.38
499586.00ms : 0.05;-0.69;0.28;2.01;-12.76;-14.83
499606.00ms : 0.04;-0.68;0.25;0.67;-11.54;-14.53
499626.00ms : 0.01;-0.71;0.27;-1.53;-9.40;-14.22
499646.00ms : 0.02;-0.72;0.30;-6.35;-8.42;-15.44
499666.00ms : 0.03;-0.68;0.29;-8.00;-8.18;-15.63
499686.00ms : 0.03;-0.66;0.26;-8.00;-7.87;-14.59
499706.00ms : 0.01;-0.67;0.27;-7.63;-5.31;-12.27
499726.00ms : 0.01;-0.67;0.28;-8.91;-5.98;-12.15
499746.00ms : 0.00;-0.67;0.30;-9.22;-7.02;-11.17
499766.00ms : 0.01;-0.65;0.28;-8.24;-7.75;-10.93
499786.00ms : -0.00;-0.64;0.28;-6.04;-6.47;-9.58
499806.00ms : -0.00;-0.63;0.28;-5.92;-6.84;-8.73
499826.00ms : -0.01;-0.61;0.27;-5.07;-6.29;-8.12
499846.00ms : -0.01;-0.65;0.27;-5.07;-4.58;-7.32
499866.00ms : 0.01;-0.61;0.26;-3.91;-4.27;-6.90
499886.00ms : 0.01;-0.63;0.27;-2.14;-2.44;-4.76
499906.00ms : 0.01;-0.61;0.26;-1.16;-2.14;-4.03
499926.00ms : -0.01;-0.62;0.24;-0.79;0.31;-2.08
499946.00ms : -0.00;-0.64;0.26;-1.10;2.69;-1.04
499966.00ms : -0.03;-0.66;0.27;-1.71;3.23;0.49
499986.00ms : -0.02;-0.66;0.29;-0.24;2.32;1.53
500006.00ms : -0.02;-0.63;0.26;0.12;2.32;2.32
500026.00ms : -0.01;-0.63;0.27;1.71;3.05;2.44
500046.00ms : 0.00;-0.64;0.27;2.50;3.17;3.23
500066.00ms : 0.00;-0.63;0.29;4.88;3.17;3.48
500086.00ms : -0.01;-0.67;0.27;5.19;3.91;3.54
500106.00ms : 0.01;-0.65;0.26;2.81;5.31;3.36
500126.00ms : 0.01;-0.63;0.26;3.11;6.41;5.98
500146.00ms : 0.01;-0.66;0.26;3.42;8.85;8.48
500166.00ms : 0.02;-0.65;0.27;3.23;8.06;9.03
500186.00ms : 0.03;-0.66;0.28;4.76;7.45;9.77
500206.00ms : 0.03;-0.69;0.26;3.85;9.03;10.13
500226.00ms : 0.01;-0.66;0.28;3.42;9.28;11.35
500246.00ms : 0.03;-0.65;0.28;5.74;8.12;12.45
500266.00ms : 0.05;-0.69;0.26;6.90;8.06;12.33
500286.00ms : 0.03;-0.69;0.29;6.71;8.73;13.37
500306.00ms : 0.02;-0.70;0.29;6.41;8.54;13.98
500326.00ms : 0.03;-0.70;0.28;6.23;7.69;12.63
500346.00ms : 0.04;-0.69;0.27;5.19;9.28;11.60
500366.00ms : 0.04;-0.69;0.26;3.60;11.23;11.60
500386.00ms : 0.08;-0.72;0.27;2.75;11.84;11.66
500406.00ms : 0.10;-0.72;0.25;4.03;13.00;12.76
500426.00ms : 0.07;-0.75;0.23;6.77;15.32;15.99
500446.00ms : 0.05;-0.76;0.28;7.02;14.40;16.17
500466.00ms : 0.07;-0.72;0.29;7.39;11.35;13.79
500486.00ms : 0.09;-0.66;0.28;9.95;9.58;12.21
500506.00ms : 0.10;-0.68;0.26;12.51;9.64;11.35
500526.00ms : 0.09;-0.72;0.26;11.72;10.44;10.56
500546.00ms : 0.09;-0.73;0.27;9.34;10.13;9.64
500566.00ms : 0.10;-0.73;0.26;6.65;9.83;9.58
500586.00ms : 0.12;-0.71;0.24;5.68;9.58;11.05
500606.00ms : 0.13;-0.69;0.25;5.00;9.89;13.24
500626.00ms : 0.15;-0.68;0.24;5.92;9.95;15.32
500646.00ms : 0.15;-0.66;0.23;7.63;9.89;17.03
500666.00ms : 0.16;-0.68;0.22;8.42;9.77;19.29
500686.00ms : 0.18;-0.69;0.22;8.42;10.38;19.59
500706.00ms : 0.18;-0.70;0.20;7.20;11.47;19.96
500726.00ms : 0.18;-0.69;0.19;5.49;12.08;20.20
500746.00ms : 0.19;-0.72;0.21;3.85;14.40;20.87
500766.00ms : 0.21;-0.71;0.21;1.34;15.20;21.06
500786.00ms : 0.21;-0.71;0.19;0.43;16.85;21.91
500806.00ms : 0.22;-0.72;0.19;-0.12;18.25;23.62
500826.00ms : 0.22;-0.71;0.22;0.24;18.62;22.16
500846.00ms : 0.25;-0.65;0.23;6.04;15.69;21.42
500866.00ms : 0.25;-0.67;0.22;15.26;14.16;23.44
500886.00ms : 0.24;-0.74;0.22;20.14;13.18;26.06
500906.00ms : 0.23;-0.76;0.24;20.39;11.05;26.12
500926.00ms : 0.25;-0.70;0.25;22.95;7.63;24.54
500946.00ms : 0.27;-0.68;0.22;27.59;5.49;25.39
500966.00ms : 0.28;-0.74;0.21;28.50;5.55;26.31
500986.00ms : 0.27;-0.79;0.20;24.17;6.84;25.51
501006.00ms : 0.29;-0.76;0.19;18.62;7.20;23.38
501026.00ms : 0.31;-0.72;0.18;16.30;7.45;23.13
501046.00ms : 0.32;-0.72;0.16;16.42;8.00;24.05
501066.00ms : 0.31;-0.77;0.15;14.40;10.38;25.57
501086.00ms : 0.32;-0.75;0.17;11.60;10.25;24.96
501106.00ms : 0.36;-0.73;0.16;12.82;9.16;24.35
501126.00ms : 0.36;-0.76;0.14;15.01;9.89;25.09
501146.00ms : 0.33;-0.79;0.14;13.79;11.47;26.61
501166.00ms : 0.34;-0.79;0.15;10.74;11.66;25.63
501186.00ms : 0.37;-0.76;0.15;8.79;11.66;23.99
501206.00ms : 0.40;-0.74;0.12;9.34;12.51;24.11
501226.00ms : 0.39;-0.75;0.10;10.44;12.88;24.96
501246.00ms : 0.41;-0.74;0.11;10.80;12.76;25.02
501266.00ms : 0.42;-0.72;0.10;12.82;13.55;24.96
501286.00ms : 0.45;-0.68;0.10;17.94;13.67;26.43
501306.00ms : 0.44;-0.71;0.09;24.54;13.73;29.79
501326.00ms : 0.43;-0.74;0.08;27.47;12.02;32.59
501346.00ms : 0.43;-0.75;0.09;28.44;9.16;32.53
501366.00ms : 0.45;-0.72;0.11;29.54;6.41;32.29
501386.00ms : 0.48;-0.69;0.11;31.86;5.49;32.71
501406.00ms : 0.48;-0.75;0.07;34.06;5.31;34.42
501426.00ms : 0.46;-0.77;0.07;31.01;5.19;34.79
501446.00ms : 0.47;-0.79;0.08;25.70;3.78;32.10
501466.00ms : 0.51;-0.73;0.07;21.61;2.62;29.11
501486.00ms : 0.57;-0.74;0.06;22.71;2.99;30.03
501506.00ms : 0.54;-0.76;0.02;22.46;5.19;32.65
501526.00ms : 0.52;-0.77;0.02;19.41;4.70;35.64
501546.00ms : 0.52;-0.74;0.04;16.30;3.11;33.87
501566.00ms : 0.57;-0.68;0.02;16.42;2.38;33.02
501586.00ms : 0.61;-0.69;0.02;20.02;2.14;35.46
501606.00ms : 0.57;-0.76;-0.02;20.69;3.91;38.02
501626.00ms : 0.55;-0.79;-0.01;15.26;3.91;38.45
501646.00ms : 0.56;-0.74;0.00;8.30;2.08;35.03
501666.00ms : 0.63;-0.66;-0.01;7.69;0.98;33.14
501686.00ms : 0.65;-0.68;-0.00;10.74;2.44;35.10
501706.00ms : 0.62;-0.71;-0.05;9.40;5.07;37.05
501726.00ms : 0.62;-0.73;-0.05;4.03;6.77;36.50
501746.00ms : 0.65;-0.65;-0.05;0.06;6.23;35.28
501766.00ms : 0.68;-0.63;-0.06;2.01;7.81;36.32
501786.00ms : 0.68;-0.69;-0.07;4.76;9.58;36.99
501806.00ms : 0.66;-0.69;-0.08;4.39;9.83;38.82
501826.00ms : 0.68;-0.66;-0.07;3.85;9.64;39.12
501846.00ms : 0.75;-0.57;-0.06;8.00;9.16;36.87
501866.00ms : 0.82;-0.53;-0.02;20.32;8.73;40.28
501886.00ms : 0.71;-0.69;-0.08;27.83;8.30;45.23
501906.00ms : 0.64;-0.73;-0.08;25.70;5.37;47.06
501926.00ms : 0.66;-0.70;-0.06;21.36;1.16;42.97
501946.00ms : 0.72;-0.65;-0.05;19.29;0.18;38.39
501966.00ms : 0.72;-0.70;-0.04;19.47;0.79;36.50
501986.00ms : 0.66;-0.74;-0.06;15.26;2.01;34.12
502006.00ms : 0.68;-0.70;-0.06;7.14;3.48;29.17
502026.00ms : 0.74;-0.65;-0.07;1.28;4.70;23.62
502046.00ms : 0.80;-0.59;-0.08;0.85;8.00;18.07
502066.00ms : 0.77;-0.62;-0.06;2.20;11.11;17.64
502086.00ms : 0.73;-0.68;-0.09;1.28;12.08;17.88
502106.00ms : 0.74;-0.63;-0.11;-0.73;10.80;18.25
502126.00ms : 0.78;-0.57;-0.08;-0.37;8.24;18.43
502146.00ms : 0.82;-0.53;-0.09;1.34;6.65;18.37
502166.00ms : 0.80;-0.52;-0.08;2.87;7.57;20.63
502186.00ms : 0.77;-0.56;-0.10;1.40;7.63;22.89
502206.00ms : 0.80;-0.54;-0.13;-1.77;7.45;21.73
502226.00ms : 0.83;-0.51;-0.11;-5.74;7.69;21.91
502246.00ms : 0.83;-0.49;-0.11;-7.26;9.70;23.07
502266.00ms : 0.84;-0.49;-0.12;-9.09;12.82;22.58
502286.00ms : 0.83;-0.47;-0.13;-9.83;12.51;25.57
502306.00ms : 0.83;-0.48;-0.13;-9.22;12.21;29.72
502326.00ms : 0.83;-0.53;-0.17;-11.05;13.06;27.89
502346.00ms : 0.83;-0.48;-0.14;-12.15;12.94;26.06
502366.00ms : 0.85;-0.47;-0.13;-9.52;12.57;28.32
502386.00ms : 0.85;-0.46;-0.14;-2.62;11.29;29.79
502406.00ms : 0.85;-0.48;-0.17;1.83;9.83;29.79
502426.00ms : 0.85;-0.47;-0.17;5.13;8.79;26.18
502446.00ms : 0.85;-0.44;-0.18;7.39;9.58;27.22
502466.00ms : 0.82;-0.48;-0.17;10.44;9.77;27.16
502486.00ms : 0.86;-0.49;-0.18;12.08;8.79;24.17
502506.00ms : 0.86;-0.48;-0.19;14.65;7.93;24.78
502526.00ms : 0.87;-0.51;-0.17;15.56;12.39;21.06
502546.00ms : 0.88;-0.49;-0.18;13.73;12.02;18.92
502566.00ms : 0.85;-0.49;-0.21;17.46;10.44;21.24
502586.00ms : 0.86;-0.51;-0.20;20.87;7.26;18.92
502606.00ms : 0.90;-0.48;-0.21;24.60;4.58;20.39
502626.00ms : 0.85;-0.52;-0.17;26.18;6.90;17.46
502646.00ms : 0.85;-0.53;-0.19;22.34;7.32;10.74
502666.00ms : 0.87;-0.50;-0.19;18.43;7.51;7.08
502686.00ms : 0.84;-0.50;-0.19;16.30;7.26;7.08
502706.00ms : 0.85;-0.51;-0.19;12.45;6.84;7.45
502726.00ms : 0.85;-0.50;-0.20;8.42;5.98;5.13
502746.00ms : 0.89;-0.41;-0.19;8.54;4.46;3.97
502766.00ms : 0.89;-0.41;-0.21;10.38;6.29;3.97
502786.00ms : 0.89;-0.42;-0.20;9.28;5.25;4.70
502806.00ms : 0.88;-0.42;-0.22;5.49;5.07;3.85
502826.00ms : 0.90;-0.44;-0.24;0.92;8.06;2.08
502846.00ms : 0.92;-0.39;-0.21;-1.83;8.18;-0.55
502866.00ms : 0.95;-0.33;-0.21;-0.73;7.63;0.67
502886.00ms : 0.93;-0.34;-0.23;3.85;7.51;4.15
502906.00ms : 0.90;-0.41;-0.24;6.16;8.12;5.19
502926.00ms : 0.88;-0.43;-0.23;6.35;6.77;3.05
502946.00ms : 0.87;-0.44;-0.21;4.46;6.10;3.54
502966.00ms : 0.83;-0.52;-0.23;-0.61;7.57;4.09
502986.00ms : 0.84;-0.50;-0.28;-7.81;7.02;4.33
503006.00ms : 0.88;-0.48;-0.28;-10.50;6.47;2.87
503026.00ms : 0.91;-0.45;-0.27;-10.07;5.25;2.44
503046.00ms : 0.92;-0.44;-0.24;-9.46;4.27;1.95
503066.00ms : 0.91;-0.44;-0.24;-11.23;3.85;1.59
503086.00ms : 0.91;-0.40;-0.24;-13.98;2.62;-0.79
503106.00ms : 0.94;-0.35;-0.23;-10.13;-0.92;2.20
503126.00ms : 0.93;-0.33;-0.25;-4.03;-2.44;6.10
503146.00ms : 0.94;-0.34;-0.27;1.10;-1.46;8.36
503166.00ms : 0.94;-0.35;-0.24;2.20;-1.16;6.96
503186.00ms : 0.96;-0.33;-0.26;0.61;-2.56;5.92
503206.00ms : 0.94;-0.31;-0.27;1.89;-2.20;7.87
503226.00ms : 0.96;-0.33;-0.28;4.58;-0.12;9.40
503246.00ms : 0.94;-0.35;-0.24;8.73;-0.73;6.47
503266.00ms : 0.94;-0.35;-0.23;9.16;-2.62;2.87
503286.00ms : 0.94;-0.34;-0.26;7.51;-2.50;2.50
503306.00ms : 0.91;-0.37;-0.27;3.97;0.31;4.03
503326.00ms : 0.92;-0.37;-0.27;3.66;0.73;2.62
503346.00ms : 0.93;-0.36;-0.27;4.70;0.12;2.69
503366.00ms : 0.92;-0.39;-0.26;4.39;-0.55;1.53
503386.00ms : 0.92;-0.40;-0.27;1.77;0.61;1.22
503406.00ms : 0.93;-0.39;-0.29;-1.04;1.04;0.73
503426.00ms : 0.91;-0.38;-0.28;-2.01;1.10;1.40
503446.00ms : 0.92;-0.37;-0.27;-1.46;1.89;0.92
503466.00ms : 0.93;-0.38;-0.26;-2.20;1.40;-0.67
503486.00ms : 0.93;-0.36;-0.28;-2.01;0.92;-0.85
503506.00ms : 0.92;-0.35;-0.28;-1.65;0.43;0.92
503526.00ms : 0.93;-0.38;-0.28;-2.75;1.65;1.10
503546.00ms : 0.92;-0.38;-0.28;-4.76;2.08;0.49
503566.00ms : 0.94;-0.36;-0.28;-4.76;0.85;-0.98
503586.00ms : 0.93;-0.35;-0.28;-3.91;0.79;-0.06
503606.00ms : 0.92;-0.37;-0.28;-4.33;1.28;1.04
503626.00ms : 0.93;-0.36;-0.27;-4.46;0.79;0.85
503646.00ms : 0.94;-0.35;-0.28;-1.95;0.12;0.92
503666.00ms : 0.94;-0.35;-0.29;0.00;-0.73;1.16
503686.00ms : 0.92;-0.37;-0.29;-0.31;-1.04;1.22
503706.00ms : 0.93;-0.37;-0.29;-0.98;-1.28;1.04
503726.00ms : 0.92;-0.36;-0.27;-1.10;-0.79;1.46
503746.00ms : 0.94;-0.35;-0.27;-0.43;-1.71;0.98
503766.00ms : 0.92;-0.35;-0.28;0.24;-1.16;1.46
503786.00ms : 0.92;-0.38;-0.29;-0.24;-1.46;1.95
503806.00ms : 0.92;-0.37;-0.27;-0.73;-1.59;0.73
503826.00ms : 0.92;-0.38;-0.27;-1.46;-0.49;0.18
503846.00ms : 0.94;-0.35;-0.28;-1.16;-1.40;-0.73
503866.00ms : 0.93;-0.34;-0.27;-0.85;-1.65;0.85
503886.00ms : 0.92;-0.36;-0.28;-0.55;-1.65;2.08
503906.00ms : 0.92;-0.37;-0.28;-1.04;-1.59;1.65
503926.00ms : 0.92;-0.36;-0.26;-0.67;-1.16;1.04
503946.00ms : 0.94;-0.35;-0.27;0.06;-1.65;-0.06
503966.00ms : 0.93;-0.35;-0.28;0.79;-1.65;0.49
503986.00ms : 0.93;-0.37;-0.29;0.55;-2.26;1.71
504006.00ms : 0.92;-0.36;-0.27;-0.18;-1.59;2.08
504026.00ms : 0.91;-0.39;-0.26;-1.53;-0.55;0.92
504046.00ms : 0.94;-0.36;-0.28;-1.83;-1.53;-0.61
504066.00ms : 0.93;-0.35;-0.29;-0.85;-1.71;0.49
504086.00ms : 0.92;-0.37;-0.28;-1.28;-1.77;1.89
504106.00ms : 0.92;-0.37;-0.28;-0.98;-1.40;1.65
504126.00ms : 0.93;-0.38;-0.27;-1.34;-1.53;0.49
504146.00ms : 0.92;-0.36;-0.27;-3.11;-1.83;-0.06
504166.00ms : 0.93;-0.36;-0.28;-3.97;-0.49;1.16
504186.00ms : 0.93;-0.37;-0.28;-4.52;-0.85;1.46
504206.00ms : 0.92;-0.36;-0.26;-2.69;-0.98;1.22
504226.00ms : 0.92;-0.37;-0.26;-3.36;-0.92;0.24
504246.00ms : 0.93;-0.34;-0.27;-2.75;-1.40;-0.79
504266.00ms : 0.94;-0.33;-0.28;-1.77;-1.16;-0.49
504286.00ms : 0.94;-0.33;-0.27;0.06;-1.95;0.61
504306.00ms : 0.93;-0.36;-0.27;0.67;-1.83;0.98
504326.00ms : 0.92;-0.36;-0.26;-0.24;-1.83;0.06
504346.00ms : 0.94;-0.35;-0.26;-0.31;-2.14;-0.79
504366.00ms : 0.94;-0.34;-0.29;0.31;-2.75;-0.06
504386.00ms : 0.93;-0.37;-0.29;0.67;-3.11;0.92
504406.00ms : 0.92;-0.39;-0.28;-0.67;-2.62;1.10
504426.00ms : 0.93;-0.39;-0.27;-2.56;-2.62;-0.85
504446.00ms : 0.95;-0.36;-0.26;-3.72;-3.85;-2.14
504466.00ms : 0.95;-0.35;-0.27;-3.97;-4.09;0.24
504486.00ms : 0.93;-0.39;-0.26;-4.70;-2.87;0.98
504506.00ms : 0.94;-0.41;-0.23;-7.75;-1.89;-2.20
504526.00ms : 0.94;-0.39;-0.23;-9.58;-2.93;-3.36
504546.00ms : 0.94;-0.39;-0.21;-12.15;-5.49;-0.43
504566.00ms : 0.93;-0.41;-0.23;-18.74;-5.25;2.50
504586.00ms : 0.90;-0.37;-0.17;-13.24;-9.16;7.02
504606.00ms : 0.89;-0.41;-0.14;-2.20;-17.40;8.12
504626.00ms : 0.89;-0.41;-0.19;6.84;-22.16;3.78
504646.00ms : 0.92;-0.36;-0.21;17.52;-26.18;3.05
504666.00ms : 0.94;-0.43;-0.25;23.38;-26.61;1.04
504686.00ms : 0.92;-0.48;-0.23;21.85;-25.51;-6.90
504706.00ms : 0.87;-0.46;-0.19;9.64;-21.91;-11.17
504726.00ms : 0.81;-0.45;-0.18;-1.28;-17.09;-15.87
504746.00ms : 0.85;-0.50;-0.15;-10.38;-12.02;-22.64
504766.00ms : 0.88;-0.52;-0.15;-17.46;-9.58;-30.82
504786.00ms : 0.88;-0.56;-0.17;-25.88;-7.14;-32.78
504806.00ms : 0.87;-0.51;-0.21;-26.55;-9.09;-31.74
504826.00ms : 0.91;-0.44;-0.20;-16.11;-14.77;-30.82
504846.00ms : 0.92;-0.42;-0.18;-1.77;-20.51;-30.09
504866.00ms : 0.88;-0.52;-0.15;2.32;-20.20;-29.05
504886.00ms : 0.85;-0.58;-0.15;-4.21;-19.78;-32.47
504906.00ms : 0.87;-0.56;-0.13;-11.17;-19.59;-38.09
504926.00ms : 0.87;-0.52;-0.14;-14.47;-19.84;-41.32
504946.00ms : 0.86;-0.52;-0.12;-14.95;-18.19;-42.48
504966.00ms : 0.87;-0.58;-0.11;-15.75;-17.09;-45.53
504986.00ms : 0.84;-0.57;-0.12;-15.63;-18.43;-46.20
505006.00ms : 0.82;-0.59;-0.12;-14.71;-19.47;-46.75
505026.00ms : 0.83;-0.58;-0.10;-15.44;-20.39;-48.83
505046.00ms : 0.85;-0.58;-0.09;-15.75;-21.12;-51.03
505066.00ms : 0.80;-0.60;-0.08;-17.58;-21.06;-51.88
505086.00ms : 0.78;-0.65;-0.09;-21.91;-20.57;-54.32
505106.00ms : 0.77;-0.65;-0.06;-25.63;-21.06;-56.58
505126.00ms : 0.80;-0.64;-0.03;-29.66;-20.57;-61.65
505146.00ms : 0.79;-0.61;-0.05;-28.87;-21.55;-64.33
505166.00ms : 0.76;-0.59;-0.05;-24.66;-23.56;-62.01
505186.00ms : 0.75;-0.60;-0.03;-21.06;-25.02;-58.90
505206.00ms : 0.76;-0.61;-0.04;-17.27;-26.67;-58.59
505226.00ms : 0.75;-0.62;-0.03;-14.04;-27.83;-56.95
505246.00ms : 0.73;-0.64;-0.00;-12.82;-28.26;-56.27
505266.00ms : 0.70;-0.66;-0.01;-14.10;-27.34;-55.97
505286.00ms : 0.68;-0.68;0.00;-18.68;-25.33;-53.71
505306.00ms : 0.66;-0.67;0.02;-25.02;-23.32;-53.41
505326.00ms : 0.65;-0.65;0.03;-28.81;-22.46;-52.49
505346.00ms : 0.64;-0.67;0.04;-30.46;-22.52;-51.51
505366.00ms : 0.63;-0.66;0.05;-31.74;-22.58;-51.33
505386.00ms : 0.61;-0.69;0.06;-32.59;-22.16;-51.51
505406.00ms : 0.58;-0.70;0.08;-34.24;-22.16;-50.66
505426.00ms : 0.56;-0.68;0.10;-33.08;-23.44;-48.89
505446.00ms : 0.57;-0.66;0.08;-31.31;-25.33;-47.36
505466.00ms : 0.56;-0.66;0.10;-26.79;-26.18;-45.04
505486.00ms : 0.52;-0.69;0.08;-24.41;-26.18;-42.54
505506.00ms : 0.52;-0.68;0.11;-21.24;-28.38;-42.11
505526.00ms : 0.49;-0.70;0.14;-19.10;-29.42;-40.34
505546.00ms : 0.46;-0.69;0.12;-18.49;-28.63;-38.82
505566.00ms : 0.45;-0.72;0.12;-19.59;-27.22;-37.84
505586.00ms : 0.44;-0.71;0.14;-20.63;-27.65;-38.33
505606.00ms : 0.45;-0.66;0.14;-19.90;-27.59;-37.90
505626.00ms : 0.40;-0.72;0.13;-20.14;-24.29;-36.68
505646.00ms : 0.40;-0.72;0.16;-22.22;-23.32;-38.88
505666.00ms : 0.38;-0.71;0.18;-23.07;-22.22;-40.04
505686.00ms : 0.36;-0.70;0.18;-23.13;-22.09;-38.70
505706.00ms : 0.34;-0.70;0.18;-22.34;-21.91;-37.60
505726.00ms : 0.32;-0.70;0.19;-20.81;-21.18;-37.11
505746.00ms : 0.33;-0.69;0.20;-17.94;-22.03;-35.89
505766.00ms : 0.32;-0.66;0.22;-12.39;-24.29;-35.28
505786.00ms : 0.28;-0.70;0.20;-8.06;-24.35;-35.16
505806.00ms : 0.27;-0.70;0.22;-5.62;-25.39;-36.80
505826.00ms : 0.27;-0.69;0.23;-3.11;-25.82;-36.32
505846.00ms : 0.24;-0.71;0.19;-1.65;-24.35;-35.34
505866.00ms : 0.23;-0.71;0.21;-0.06;-24.66;-34.06
505886.00ms : 0.19;-0.72;0.22;0.92;-25.27;-32.96
505906.00ms : 0.19;-0.69;0.20;3.72;-25.27;-34.00
505926.00ms : 0.18;-0.71;0.21;5.55;-23.44;-32.71
505946.00ms : 0.15;-0.72;0.25;5.68;-22.77;-31.01
505966.00ms : 0.13;-0.70;0.22;5.43;-23.80;-30.21
505986.00ms : 0.14;-0.72;0.23;4.03;-24.35;-31.37
506006.00ms : 0.13;-0.74;0.21;1.46;-22.83;-30.64
506026.00ms : 0.11;-0.73;0.24;-2.44;-22.40;-29.42
506046.00ms : 0.11;-0.66;0.23;-2.75;-23.86;-27.83
506066.00ms : 0.10;-0.71;0.21;-2.14;-21.42;-26.61
506086.00ms : 0.10;-0.72;0.22;-6.10;-17.94;-26.25
506106.00ms : 0.07;-0.69;0.22;-6.41;-17.40;-24.66
506126.00ms : 0.05;-0.70;0.22;-4.46;-17.27;-22.22
506146.00ms : 0.03;-0.73;0.22;-4.70;-16.24;-21.12
506166.00ms : 0.02;-0.76;0.24;-8.73;-14.04;-22.95
506186.00ms : 0.01;-0.72;0.25;-13.18;-13.92;-23.32
506206.00ms : 0.01;-0.72;0.24;-14.28;-13.61;-24.48
506226.00ms : 0.02;-0.69;0.23;-14.10;-13.12;-24.96
506246.00ms : 0.01;-0.67;0.23;-10.74;-10.80;-22.58
506266.00ms : -0.02;-0.70;0.21;-10.80;-9.22;-19.78
506286.00ms : -0.03;-0.71;0.20;-10.56;-10.13;-20.63
506306.00ms : -0.02;-0.71;0.24;-9.22;-10.38;-23.68
506326.00ms : -0.03;-0.66;0.25;-7.93;-9.46;-23.19
506346.00ms : -0.03;-0.62;0.22;-4.09;-9.22;-19.04
506366.00ms : -0.04;-0.68;0.21;0.06;-7.20;-15.44
506386.00ms : -0.07;-0.68;0.21;-1.83;-6.90;-15.32
506406.00ms : -0.06;-0.66;0.23;-0.73;-7.57;-15.20
506426.00ms : -0.06;-0.64;0.21;-1.28;-6.59;-12.51
506446.00ms : -0.06;-0.69;0.21;-1.53;-4.21;-10.25
506466.00ms : -0.06;-0.64;0.19;-3.48;-2.81;-8.79
506486.00ms : -0.04;-0.60;0.18;-1.16;-3.11;-6.53
506506.00ms : -0.04;-0.61;0.15;3.66;-1.65;-2.26
506526.00ms : -0.03;-0.59;0.16;7.32;0.12;1.16
506546.00ms : -0.04;-0.62;0.13;7.75;4.52;5.13
506566.00ms : -0.06;-0.65;0.17;5.31;8.85;6.53
506586.00ms : -0.08;-0.65;0.20;-0.24;12.21;7.02
506606.00ms : -0.06;-0.65;0.23;-2.69;12.70;7.20
506626.00ms : -0.04;-0.64;0.22;-1.95;12.45;8.79
506646.00ms : -0.02;-0.61;0.23;4.15;11.72;13.67
506666.00ms : -0.02;-0.62;0.24;10.68;10.50;16.66
506686.00ms : -0.03;-0.66;0.24;14.83;10.80;18.25
506706.00ms : -0.04;-0.67;0.25;12.27;11.17;18.49
506726.00ms : -0.02;-0.71;0.22;5.00;13.18;19.78
506746.00ms : -0.03;-0.79;0.24;-4.64;17.94;18.37
506766.00ms : -0.00;-0.74;0.25;-14.22;20.39;15.87
506786.00ms : 0.02;-0.66;0.26;-15.26;21.06;16.78
506806.00ms : 0.02;-0.66;0.25;-9.46;21.18;18.43
506826.00ms : 0.04;-0.66;0.24;-1.28;19.04;21.30
506846.00ms : 0.05;-0.70;0.24;6.96;17.88;23.86
506866.00ms : 0.07;-0.71;0.24;11.54;15.99;24.90
506886.00ms : 0.06;-0.70;0.25;15.50;14.59;24.66
506906.00ms : 0.07;-0.69;0.25;20.08;12.76;25.15
506926.00ms : 0.07;-0.75;0.23;21.61;11.47;26.06
506946.00ms : 0.08;-0.77;0.23;22.28;10.68;26.49
506966.00ms : 0.08;-0.74;0.24;23.56;9.03;25.45
506986.00ms : 0.12;-0.69;0.25;28.87;7.02;24.60
507006.00ms : 0.12;-0.75;0.20;32.53;6.71;28.44
507026.00ms : 0.12;-0.81;0.19;30.76;7.75;29.72
507046.00ms : 0.12;-0.81;0.20;26.25;9.03;28.20
507066.00ms : 0.14;-0.76;0.22;23.93;8.00;28.26
507086.00ms : 0.16;-0.74;0.19;24.66;7.57;29.79
507106.00ms : 0.17;-0.80;0.16;22.40;10.13;31.43
507126.00ms : 0.17;-0.79;0.15;18.55;11.54;31.25
507146.00ms : 0.17;-0.75;0.17;16.30;10.80;31.92
507166.00ms : 0.19;-0.72;0.17;15.93;9.52;32.41
507186.00ms : 0.23;-0.70;0.15;15.87;10.25;34.30
507206.00ms : 0.26;-0.75;0.11;13.85;13.31;36.68
507226.00ms : 0.27;-0.76;0.11;6.47;16.36;37.96
507246.00ms : 0.26;-0.81;0.12;-4.52;19.84;39.12
507266.00ms : 0.29;-0.68;0.14;-14.71;21.97;38.94
507286.00ms : 0.37;-0.62;0.12;-13.00;24.90;42.97
507306.00ms : 0.40;-0.64;0.12;-7.32;26.43;45.84
507326.00ms : 0.36;-0.73;0.11;-1.65;26.86;48.34
507346.00ms : 0.34;-0.76;0.15;1.34;24.48;47.97
507366.00ms : 0.35;-0.72;0.17;7.39;20.94;47.12
507386.00ms : 0.38;-0.72;0.16;15.81;17.46;50.23
507406.00ms : 0.38;-0.77;0.14;20.32;14.95;51.09
507426.00ms : 0.39;-0.79;0.16;20.45;13.79;47.79
507446.00ms : 0.40;-0.78;0.18;19.29;13.12;44.25
507466.00ms : 0.43;-0.76;0.17;21.97;10.68;42.42
507486.00ms : 0.42;-0.79;0.14;24.11;9.16;41.99
507506.00ms : 0.43;-0.79;0.11;24.05;7.57;41.93
507526.00ms : 0.44;-0.75;0.11;21.67;6.47;40.22
507546.00ms : 0.48;-0.75;0.10;21.79;6.65;41.02
507566.00ms : 0.49;-0.81;0.10;21.24;7.20;41.75
507586.00ms : 0.48;-0.78;0.08;16.72;8.06;42.60
507606.00ms : 0.51;-0.74;0.06;13.73;9.52;38.70
507626.00ms : 0.52;-0.68;0.04;14.47;9.77;40.71
507646.00ms : 0.54;-0.71;0.03;16.30;11.41;42.30
507666.00ms : 0.54;-0.72;0.02;17.76;12.21;41.93
507686.00ms : 0.58;-0.73;-0.01;18.31;12.88;44.01
507706.00ms : 0.58;-0.75;-0.02;17.03;13.31;43.40
507726.00ms : 0.58;-0.73;-0.00;13.79;14.10;44.19
507746.00ms : 0.60;-0.67;-0.00;11.90;15.93;42.79
507766.00ms : 0.66;-0.62;-0.03;10.38;20.08;42.11
507786.00ms : 0.65;-0.73;-0.05;8.79;25.88;44.13
507806.00ms : 0.60;-0.82;-0.05;-5.80;31.92;41.02
507826.00ms : 0.60;-0.79;-0.01;-26.49;36.68;35.10
507846.00ms : 0.65;-0.69;0.00;-42.42;41.50;26.31
507866.00ms : 0.76;-0.53;0.02;-47.18;45.90;23.86
507886.00ms : 0.73;-0.54;0.00;-38.57;51.15;33.02
507906.00ms : 0.68;-0.65;0.00;-31.49;49.38;37.84
507926.00ms : 0.72;-0.61;0.02;-27.04;39.92;36.25
507946.00ms : 0.77;-0.55;0.02;-17.82;33.14;34.79
507966.00ms : 0.78;-0.54;0.05;-6.41;29.54;37.54
507986.00ms : 0.78;-0.57;0.03;4.21;25.57;41.32
508006.00ms : 0.77;-0.62;0.01;8.85;21.97;43.58
508026.00ms : 0.75;-0.63;0.01;8.12;19.84;41.08
508046.00ms : 0.78;-0.60;-0.00;3.97;18.98;39.12
508066.00ms : 0.76;-0.59;-0.06;5.43;17.40;39.12
508086.00ms : 0.75;-0.62;-0.06;5.86;17.15;39.92
508106.00ms : 0.77;-0.62;-0.05;3.36;15.38;35.77
508126.00ms : 0.79;-0.57;-0.04;-1.46;16.30;32.17
508146.00ms : 0.82;-0.52;-0.09;-4.03;17.27;30.33
508166.00ms : 0.84;-0.52;-0.07;0.73;17.03;29.11
508186.00ms : 0.82;-0.53;-0.10;4.58;16.48;27.89
508206.00ms : 0.82;-0.51;-0.11;6.23;16.05;25.51
508226.00ms : 0.84;-0.47;-0.12;9.40;14.10;26.43
508246.00ms : 0.85;-0.49;-0.14;12.51;13.98;26.67
508266.00ms : 0.86;-0.53;-0.16;16.91;15.20;19.47
508286.00ms : 0.87;-0.43;-0.14;19.04;12.21;18.19
508306.00ms : 0.82;-0.48;-0.15;23.32;13.43;25.94
508326.00ms : 0.81;-0.55;-0.15;19.71;14.89;26.12
508346.00ms : 0.85;-0.49;-0.13;17.03;13.12;20.63
508366.00ms : 0.88;-0.42;-0.13;17.27;13.18;18.07
508386.00ms : 0.92;-0.37;-0.16;21.24;10.93;18.07
508406.00ms : 0.89;-0.45;-0.19;26.67;13.18;21.36
508426.00ms : 0.82;-0.52;-0.18;22.40;14.10;20.02
508446.00ms : 0.83;-0.53;-0.17;13.37;13.92;14.04
508466.00ms : 0.89;-0.47;-0.19;10.50;13.92;7.69
508486.00ms : 0.93;-0.40;-0.19;15.93;11.96;10.38
508506.00ms : 0.87;-0.42;-0.18;25.51;9.52;14.59
508526.00ms : 0.86;-0.43;-0.16;28.81;7.20;15.01
508546.00ms : 0.90;-0.43;-0.18;32.41;4.39;13.61
508566.00ms : 0.88;-0.48;-0.17;36.13;2.08;14.53
508586.00ms : 0.87;-0.52;-0.13;34.36;1.10;10.74
508606.00ms : 0.88;-0.53;-0.12;26.98;0.43;4.03
508626.00ms : 0.87;-0.54;-0.15;21.36;0.24;-2.26
508646.00ms : 0.82;-0.63;-0.16;12.15;5.13;-7.20
508666.00ms : 0.78;-0.76;-0.14;-4.82;8.85;-15.26
508686.00ms : 0.81;-0.65;-0.15;-21.91;8.54;-20.39
508706.00ms : 0.88;-0.51;-0.18;-24.66;5.43;-19.96
508726.00ms : 0.87;-0.44;-0.23;-24.23;4.58;-11.17
508746.00ms : 0.84;-0.47;-0.24;-25.27;5.86;-4.15
508766.00ms : 0.87;-0.46;-0.25;-30.52;5.49;-2.93
508786.00ms : 0.91;-0.38;-0.30;-28.93;4.39;-4.27
508806.00ms : 0.94;-0.31;-0.30;-20.45;2.93;-0.67
508826.00ms : 0.93;-0.30;-0.30;-11.60;4.03;3.91
508846.00ms : 0.93;-0.31;-0.24;-5.86;4.70;6.71
508866.00ms : 0.93;-0.34;-0.23;-3.97;4.33;8.85
508886.00ms : 0.92;-0.34;-0.22;2.50;1.34;8.42
508906.00ms : 0.91;-0.35;-0.24;10.86;-2.20;7.45
508926.00ms : 0.92;-0.37;-0.24;18.74;-5.07;8.54
508946.00ms : 0.92;-0.43;-0.21;20.81;-5.55;10.62
508966.00ms : 0.89;-0.47;-0.22;16.36;-4.27;11.17
508986.00ms : 0.88;-0.49;-0.21;11.47;-3.17;7.81
509006.00ms : 0.89;-0.47;-0.22;8.54;-4.33;4.52
509026.00ms : 0.90;-0.46;-0.24;6.23;-3.97;3.72
509046.00ms : 0.89;-0.45;-0.23;3.60;-2.50;5.92
509066.00ms : 0.89;-0.44;-0.23;0.92;-1.65;6.77
509086.00ms : 0.90;-0.39;-0.24;0.00;-1.83;6.10
509106.00ms : 0.92;-0.37;-0.28;2.01;-2.14;7.08
509126.00ms : 0.90;-0.37;-0.26;5.37;-1.46;6.96
509146.00ms : 0.93;-0.33;-0.24;7.93;-2.56;6.59
509166.00ms : 0.92;-0.34;-0.24;9.89;-2.81;7.69
509186.00ms : 0.91;-0.38;-0.25;10.13;-2.38;7.20
509206.00ms : 0.92;-0.39;-0.26;9.70;-2.38;6.10
509226.00ms : 0.91;-0.41;-0.25;8.24;-1.83;5.92
509246.00ms : 0.90;-0.43;-0.25;5.62;-1.16;6.04
509266.00ms : 0.90;-0.43;-0.25;3.78;-0.73;5.25
509286.00ms : 0.91;-0.43;-0.25;1.95;-0.79;5.37
509306.00ms : 0.90;-0.43;-0.25;0.49;-0.49;4.76
509326.00ms : 0.91;-0.42;-0.25;-1.28;-0.31;3.72
509346.00ms : 0.91;-0.40;-0.26;-2.69;0.18;3.30
509366.00ms : 0.93;-0.37;-0.24;-5.25;-0.43;2.26
509386.00ms : 0.91;-0.35;-0.25;-2.44;-0.31;3.54
509406.00ms : 0.91;-0.36;-0.24;-2.14;0.18;3.60
509426.00ms : 0.94;-0.34;-0.26;-0.43;-1.04;2.56
509446.00ms : 0.92;-0.33;-0.25;2.87;-2.14;2.50
509466.00ms : 0.92;-0.34;-0.25;4.70;-2.32;4.39
509486.00ms : 0.92;-0.37;-0.25;4.70;-1.46;3.85
509506.00ms : 0.93;-0.38;-0.26;3.60;-2.38;2.93
509526.00ms : 0.91;-0.39;-0.26;4.03;-2.20;2.93
509546.00ms : 0.90;-0.41;-0.25;2.99;-2.20;3.36
509566.00ms : 0.92;-0.39;-0.25;1.40;-2.32;2.38
509586.00ms : 0.93;-0.39;-0.26;0.85;-2.50;1.46
509606.00ms : 0.91;-0.38;-0.25;-0.55;-2.08;2.56
509626.00ms : 0.91;-0.37;-0.25;-1.40;-1.10;2.38
509646.00ms : 0.93;-0.35;-0.23;-0.92;-1.71;0.98
509666.00ms : 0.93;-0.34;-0.25;0.24;-2.01;0.43
509686.00ms : 0.93;-0.34;-0.26;1.53;-2.01;1.46
509706.00ms : 0.92;-0.37;-0.25;1.04;-1.40;2.14
509726.00ms : 0.92;-0.37;-0.26;1.83;-2.01;1.28
509746.00ms : 0.91;-0.39;-0.26;1.40;-1.59;1.71
509766.00ms : 0.91;-0.39;-0.25;0.49;-2.20;1.04
509786.00ms : 0.93;-0.37;-0.26;-0.73;-2.26;1.04
509806.00ms : 0.91;-0.37;-0.25;0.12;-2.01;1.65
509826.00ms : 0.92;-0.37;-0.24;0.12;-2.01;1.71
509846.00ms : 0.92;-0.37;-0.26;-0.18;-2.75;1.40
509866.00ms : 0.92;-0.36;-0.26;0.43;-2.44;1.34
509886.00ms : 0.92;-0.37;-0.24;0.85;-2.44;2.14
509906.00ms : 0.91;-0.37;-0.24;0.43;-2.14;2.93
509926.00ms : 0.91;-0.39;-0.25;0.00;-1.83;1.89
509946.00ms : 0.92;-0.38;-0.25;-0.31;-2.38;0.49
509966.00ms : 0.93;-0.35;-0.26;0.06;-2.81;1.40
509986.00ms : 0.90;-0.37;-0.25;-0.31;-1.59;2.50
510006.00ms : 0.91;-0.40;-0.24;-0.73;-1.53;1.10
510026.00ms : 0.92;-0.36;-0.25;-0.79;-2.44;-0.18
510046.00ms : 0.92;-0.35;-0.24;-0.18;-2.14;1.10
510066.00ms : 0.92;-0.35;-0.26;-0.37;-1.83;2.81
510086.00ms : 0.91;-0.38;-0.25;-0.31;-1.40;2.75
510106.00ms : 0.92;-0.37;-0.23;-0.61;-1.77;0.43
510126.00ms : 0.93;-0.34;-0.24;0.00;-2.01;0.43
510146.00ms : 0.91;-0.36;-0.26;-0.37;-1.95;1.83
510166.00ms : 0.90;-0.39;-0.24;-0.98;-0.79;2.20
510186.00ms : 0.92;-0.38;-0.23;-1.46;-0.98;0.79
510206.00ms : 0.92;-0.35;-0.23;-1.16;-1.71;0.37
510226.00ms : 0.91;-0.34;-0.25;-0.43;-0.85;1.71
510246.00ms : 0.93;-0.37;-0.25;-0.55;-0.92;1.83
510266.00ms : 0.91;-0.38;-0.24;-1.83;-0.85;1.59
510286.00ms : 0.92;-0.38;-0.24;-2.08;-0.98;0.67
510306.00ms : 0.92;-0.36;-0.24;-1.95;-0.98;0.73
510326.00ms : 0.92;-0.35;-0.24;-1.53;-0.67;1.83
510346.00ms : 0.91;-0.36;-0.24;-2.38;-0.12;2.20
510366.00ms : 0.93;-0.36;-0.25;-2.44;-0.67;1.46
510386.00ms : 0.92;-0.34;-0.24;-1.77;-0.67;1.10
510406.00ms : 0.94;-0.33;-0.24;-0.18;-1.34;0.61
510426.00ms : 0.93;-0.33;-0.25;1.28;-1.59;1.28
510446.00ms : 0.92;-0.37;-0.25;1.77;-1.83;1.77
510466.00ms : 0.92;-0.37;-0.25;1.71;-2.69;0.85
510486.00ms : 0.92;-0.36;-0.25;1.46;-2.14;0.85
510506.00ms : 0.93;-0.36;-0.25;1.89;-2.38;0.55
510526.00ms : 0.92;-0.37;-0.25;1.34;-2.08;0.61
510546.00ms : 0.92;-0.38;-0.25;0.43;-2.32;1.59
510566.00ms : 0.91;-0.38;-0.24;-0.06;-1.83;0.37
510586.00ms : 0.92;-0.35;-0.24;-0.31;-1.34;-0.61
510606.00ms : 0.93;-0.34;-0.25;0.00;-1.46;0.12
510626.00ms : 0.92;-0.36;-0.25;0.37;-1.34;1.53
510646.00ms : 0.91;-0.38;-0.24;-1.28;-1.16;1.16
510666.00ms : 0.91;-0.38;-0.24;-2.75;-0.79;-0.06
510686.00ms : 0.92;-0.36;-0.25;-2.75;-0.79;-0.67
510706.00ms : 0.92;-0.35;-0.25;-2.08;-0.73;0.55
510726.00ms : 0.92;-0.36;-0.24;-2.01;-0.31;1.10
510746.00ms : 0.92;-0.36;-0.23;-2.62;-0.43;0.73
510766.00ms : 0.93;-0.35;-0.23;-1.89;-0.67;-0.18
510786.00ms : 0.92;-0.35;-0.25;-1.53;-0.43;0.43
510806.00ms : 0.93;-0.36;-0.25;-1.59;-0.37;0.24
510826.00ms : 0.91;-0.36;-0.24;-2.08;-0.85;-0.06
510846.00ms : 0.92;-0.35;-0.23;-1.59;-0.85;0.12
510866.00ms : 0.92;-0.35;-0.24;-1.53;-0.24;-0.24
510886.00ms : 0.93;-0.35;-0.24;-1.59;-0.85;-0.18
510906.00ms : 0.92;-0.36;-0.24;-1.59;-0.31;0.31
510926.00ms : 0.91;-0.36;-0.24;-1.77;-0.37;0.43
510946.00ms : 0.91;-0.37;-0.24;-1.77;-0.12;0.12
510966.00ms : 0.94;-0.34;-0.24;-1.22;-1.10;0.06
510986.00ms : 0.92;-0.36;-0.24;-0.92;-0.67;0.61
511006.00ms : 0.91;-0.37;-0.23;-0.79;-0.73;1.28
511026.00ms : 0.92;-0.35;-0.24;-0.98;-0.85;0.98
511046.00ms : 0.93;-0.35;-0.24;-0.31;-1.16;0.61
511066.00ms : 0.92;-0.35;-0.23;0.61;-0.92;1.16
511086.00ms : 0.93;-0.36;-0.24;0.55;-0.92;0.85
511106.00ms : 0.92;-0.37;-0.24;0.06;-1.16;0.24
511126.00ms : 0.92;-0.36;-0.24;-0.73;-0.61;0.18
511146.00ms : 0.92;-0.35;-0.25;-0.98;-0.31;-0.12
511166.00ms : 0.92;-0.34;-0.26;-0.92;-0.61;0.00
511186.00ms : 0.92;-0.37;-0.25;-1.59;0.31;0.67
511206.00ms : 0.91;-0.38;-0.24;-2.56;0.73;-0.06
511226.00ms : 0.94;-0.36;-0.24;-2.62;-0.37;-0.61
511246.00ms : 0.92;-0.36;-0.25;-1.40;-0.92;0.73
511266.00ms : 0.90;-0.37;-0.25;-1.77;0.00;0.92
511286.00ms : 0.92;-0.36;-0.24;-2.26;0.00;0.18
511306.00ms : 0.93;-0.35;-0.25;-2.32;-0.61;-0.55
511326.00ms : 0.93;-0.35;-0.25;-1.89;-0.49;0.43
511346.00ms : 0.92;-0.36;-0.25;-0.79;-0.92;0.31
511366.00ms : 0.92;-0.34;-0.23;0.31;-1.28;-0.31
511386.00ms : 0.94;-0.33;-0.24;2.62;-2.99;0.00
511406.00ms : 0.92;-0.34;-0.26;4.33;-3.05;1.10
511426.00ms : 0.92;-0.38;-0.24;4.09;-2.69;0.37
511446.00ms : 0.91;-0.39;-0.24;2.14;-2.50;-0.31
511466.00ms : 0.93;-0.37;-0.25;0.55;-2.56;-0.98
511486.00ms : 0.92;-0.36;-0.24;-0.67;-1.28;-0.49
511506.00ms : 0.93;-0.36;-0.24;-1.53;-1.34;-0.85
511526.00ms : 0.92;-0.35;-0.24;-1.46;-1.16;0.43
511546.00ms : 0.91;-0.36;-0.25;-1.16;-0.61;-0.67
511566.00ms : 0.92;-0.34;-0.25;-1.22;-0.31;-2.08
511586.00ms : 0.94;-0.35;-0.25;-0.06;-1.46;-0.73
511606.00ms : 0.91;-0.39;-0.24;-0.43;-1.46;0.24
511626.00ms : 0.91;-0.39;-0.24;-0.67;-1.34;-0.24
511646.00ms : 0.92;-0.36;-0.24;-0.67;-0.98;-1.95
511666.00ms : 0.95;-0.34;-0.24;-0.37;-2.01;-1.65
511686.00ms : 0.92;-0.35;-0.25;-0.43;-1.46;0.31
511706.00ms : 0.90;-0.38;-0.25;-0.98;-1.22;0.12
511726.00ms : 0.91;-0.37;-0.24;-0.85;-1.34;-0.24
511746.00ms : 0.92;-0.36;-0.24;-0.73;-1.46;-1.83
511766.00ms : 0.94;-0.33;-0.25;0.12;-1.77;-0.49
511786.00ms : 0.91;-0.37;-0.24;0.43;-1.16;0.31
511806.00ms : 0.90;-0.38;-0.24;0.31;-1.04;-0.49
511826.00ms : 0.92;-0.38;-0.24;-0.61;-0.67;-0.98
511846.00ms : 0.92;-0.37;-0.25;-1.34;-0.85;-1.71
511866.00ms : 0.90;-0.39;-0.25;-2.44;-0.31;-1.59
511886.00ms : 0.89;-0.39;-0.23;-3.36;-0.12;-2.38
511906.00ms : 0.91;-0.37;-0.24;-4.15;0.55;-4.03
511926.00ms : 0.95;-0.35;-0.25;-3.05;0.00;-2.44
511946.00ms : 0.93;-0.37;-0.23;-1.83;-0.67;1.34
511966.00ms : 0.90;-0.38;-0.24;-2.20;0.31;0.06
511986.00ms : 0.91;-0.35;-0.24;-2.38;-0.37;-2.26
512006.00ms : 0.93;-0.34;-0.25;-1.59;-0.24;-1.53
512026.00ms : 0.93;-0.36;-0.24;-0.92;-0.61;0.55
512046.00ms : 0.90;-0.38;-0.24;-0.79;-0.61;0.79
512066.00ms : 0.90;-0.39;-0.24;0.24;-0.98;-0.79
512086.00ms : 0.92;-0.36;-0.24;0.43;-1.40;-1.65
512106.00ms : 0.94;-0.37;-0.25;0.61;-1.40;0.67
512126.00ms : 0.90;-0.39;-0.24;-0.12;-0.79;0.67
512146.00ms : 0.90;-0.38;-0.23;-0.73;-0.73;-0.79
512166.00ms : 0.93;-0.35;-0.25;-0.49;-0.55;-0.79
512186.00ms : 0.94;-0.37;-0.25;-0.92;-0.55;1.28
512206.00ms : 0.90;-0.38;-0.25;-1.65;-0.55;0.73
512226.00ms : 0.90;-0.38;-0.24;-1.22;-0.67;-0.79
512246.00ms : 0.93;-0.35;-0.25;0.12;-0.85;-0.49
512266.00ms : 0.93;-0.36;-0.25;0.43;-0.55;0.92
512286.00ms : 0.90;-0.38;-0.23;0.00;-0.37;1.22
512306.00ms : 0.91;-0.37;-0.23;0.37;-1.10;-0.24
512326.00ms : 0.92;-0.36;-0.25;1.10;-1.53;-0.24
512346.00ms : 0.92;-0.37;-0.24;0.49;-0.92;0.79
512366.00ms : 0.91;-0.39;-0.25;-0.43;-0.67;0.43
512386.00ms : 0.90;-0.40;-0.24;-1.40;-0.67;-0.61
512406.00ms : 0.92;-0.38;-0.25;-1.71;-0.92;0.73
512426.00ms : 0.91;-0.38;-0.24;-2.14;-0.37;1.34
512446.00ms : 0.91;-0.36;-0.24;-1.65;-0.67;-0.43
512466.00ms : 0.93;-0.33;-0.24;-0.67;-1.10;-0.79
512486.00ms : 0.94;-0.35;-0.24;0.43;-1.40;1.77
512506.00ms : 0.90;-0.38;-0.24;-0.12;-0.98;1.34
512526.00ms : 0.90;-0.38;-0.24;0.24;-1.04;-0.18
512546.00ms : 0.93;-0.36;-0.26;-0.18;-0.79;0.49
512566.00ms : 0.91;-0.37;-0.25;-1.16;-0.55;1.95
512586.00ms : 0.90;-0.39;-0.24;-1.40;-0.61;1.16
512606.00ms : 0.90;-0.38;-0.24;-0.49;-1.40;-0.37
512626.00ms : 0.93;-0.35;-0.25;0.31;-1.28;0.49
512646.00ms : 0.92;-0.35;-0.25;0.12;-0.67;1.22
512666.00ms : 0.91;-0.37;-0.24;1.04;-0.92;0.98
512686.00ms : 0.92;-0.35;-0.24;2.62;-2.08;1.22
512706.00ms : 0.94;-0.34;-0.24;4.46;-2.08;2.87
