305204.00ms : 0.99;-0.00;-0.39;-1.28;1.28;0.18
305224.00ms : 1.00;-0.01;-0.38;1.53;4.46;-0.12
305244.00ms : 1.05;0.28;-0.16;-0.31;1.65;-0.67
305264.00ms : 1.02;-0.00;-0.39;1.16;3.17;-4.52
305284.00ms : 0.99;0.00;-0.36;-0.85;3.66;-7.39
305304.00ms : 0.99;-0.00;-0.40;-6.04;0.85;-7.75
305324.00ms : 0.98;-0.01;-0.38;-4.70;-1.28;-8.54
305344.00ms : 0.99;-0.01;-0.37;-3.11;2.01;-3.66
305364.00ms : 1.00;0.02;-0.35;-5.68;2.26;-7.63
305384.00ms : 1.00;0.04;-0.36;-7.51;2.81;-11.17
305404.00ms : 0.98;0.06;-0.36;-6.90;5.68;-15.50
305424.00ms : 0.96;0.05;-0.35;-4.03;8.24;-15.44
305444.00ms : 0.98;0.05;-0.37;-6.41;11.29;-16.97
305464.00ms : 1.01;0.00;-0.40;-8.24;12.33;-19.78
305484.00ms : 0.98;-0.02;-0.39;-9.52;10.68;-17.70
305504.00ms : 0.97;-0.02;-0.41;-10.01;12.15;-18.98
305524.00ms : 0.96;0.02;-0.41;-8.24;13.12;-21.48
305544.00ms : 0.98;0.01;-0.42;-2.44;14.04;-21.73
305564.00ms : 0.99;-0.02;-0.42;2.01;15.26;-21.73
305584.00ms : 0.99;-0.10;-0.41;2.14;14.47;-21.67
305604.00ms : 0.96;-0.12;-0.44;-1.10;15.08;-22.64
305624.00ms : 0.97;-0.13;-0.46;-3.60;16.24;-22.16
305644.00ms : 0.99;-0.15;-0.46;-2.62;17.15;-21.73
305664.00ms : 0.99;-0.13;-0.43;-1.65;16.48;-21.30
305684.00ms : 0.95;-0.10;-0.42;-1.16;17.52;-24.54
305704.00ms : 0.96;-0.15;-0.47;-0.85;19.23;-24.05
305724.00ms : 1.01;-0.20;-0.48;-0.31;18.98;-19.41
305744.00ms : 1.01;-0.24;-0.51;-2.99;18.37;-18.19
305764.00ms : 0.97;-0.19;-0.52;-7.93;15.44;-21.55
305784.00ms : 0.98;-0.16;-0.53;-6.90;15.26;-21.36
305804.00ms : 0.98;-0.20;-0.52;-3.42;16.54;-18.19
305824.00ms : 1.03;-0.22;-0.52;-2.44;14.47;-16.36
305844.00ms : 1.00;-0.18;-0.54;-1.83;10.56;-16.91
305864.00ms : 0.97;-0.21;-0.54;3.17;11.11;-15.69
305884.00ms : 0.95;-0.24;-0.53;4.64;12.63;-15.32
305904.00ms : 0.97;-0.24;-0.50;2.50;13.73;-17.27
305924.00ms : 0.98;-0.20;-0.53;-2.01;11.72;-18.13
305944.00ms : 0.98;-0.22;-0.56;-2.44;9.95;-15.26
305964.00ms : 0.97;-0.24;-0.54;-1.65;9.83;-14.65
305984.00ms : 0.95;-0.21;-0.55;-2.01;10.25;-17.88
306004.00ms : 0.95;-0.20;-0.57;-0.43;11.78;-18.86
306024.00ms : 0.97;-0.21;-0.55;2.38;12.21;-17.15
306044.00ms : 0.95;-0.24;-0.54;5.13;13.06;-16.17
306064.00ms : 0.96;-0.28;-0.55;4.27;13.73;-16.91
306084.00ms : 0.96;-0.26;-0.56;0.12;11.96;-19.23
306104.00ms : 0.94;-0.20;-0.56;-0.92;11.41;-19.29
306124.00ms : 0.98;-0.24;-0.61;1.46;11.29;-18.55
306144.00ms : 0.97;-0.27;-0.60;5.80;9.52;-18.49
306164.00ms : 0.92;-0.25;-0.54;0.61;5.98;-23.86
306184.00ms : 0.97;-0.27;-0.65;1.10;7.81;-25.88
306204.00ms : 0.94;-0.31;-0.63;4.09;8.97;-22.64
306224.00ms : 0.94;-0.35;-0.62;7.51;10.74;-20.02
306244.00ms : 0.96;-0.37;-0.60;4.76;9.40;-21.00
306264.00ms : 0.93;-0.39;-0.56;2.56;8.85;-22.64
306284.00ms : 0.92;-0.35;-0.58;-1.65;9.83;-21.18
306304.00ms : 0.93;-0.33;-0.60;1.89;12.70;-18.31
306324.00ms : 0.94;-0.34;-0.63;4.76;13.00;-16.24
306344.00ms : 0.96;-0.41;-0.67;6.90;13.18;-14.77
306364.00ms : 0.95;-0.43;-0.66;3.11;9.46;-16.48
306384.00ms : 0.93;-0.40;-0.66;2.50;8.36;-15.56
306404.00ms : 0.96;-0.39;-0.70;4.82;9.58;-13.49
306424.00ms : 0.96;-0.36;-0.71;7.45;5.92;-11.41
306444.00ms : 0.92;-0.38;-0.68;11.72;4.21;-11.29
306464.00ms : 0.90;-0.37;-0.65;8.06;4.64;-14.40
306484.00ms : 0.93;-0.35;-0.63;5.62;4.88;-14.10
306504.00ms : 0.90;-0.34;-0.62;5.49;5.25;-14.65
306524.00ms : 0.89;-0.32;-0.64;5.00;6.47;-16.11
306544.00ms : 0.90;-0.33;-0.67;6.29;6.90;-16.42
306564.00ms : 0.89;-0.34;-0.66;6.53;6.35;-18.49
306584.00ms : 0.90;-0.35;-0.68;7.39;7.14;-20.63
306604.00ms : 0.92;-0.38;-0.70;6.23;6.16;-20.57
306624.00ms : 0.87;-0.41;-0.67;4.52;5.43;-21.06
306644.00ms : 0.89;-0.45;-0.67;1.53;6.10;-23.86
306664.00ms : 0.91;-0.44;-0.70;-3.36;3.11;-23.68
306684.00ms : 0.88;-0.44;-0.68;-1.34;2.01;-21.30
306704.00ms : 0.90;-0.49;-0.71;-0.98;2.81;-21.36
306724.00ms : 0.93;-0.51;-0.74;-3.05;0.00;-20.02
306744.00ms : 0.93;-0.48;-0.76;-3.85;-5.13;-18.62
306764.00ms : 0.94;-0.52;-0.72;-0.67;-8.06;-17.27
306784.00ms : 0.93;-0.54;-0.74;-4.82;-15.69;-14.53
306804.00ms : 0.95;-0.60;-0.77;-4.09;-14.16;-6.47
306824.00ms : 0.99;-0.61;-0.72;-2.38;-16.05;-1.83
306844.00ms : 0.97;-0.62;-0.65;2.69;-14.10;0.67
306864.00ms : 1.01;-0.63;-0.63;1.77;-7.39;6.71
306884.00ms : 1.05;-0.67;-0.61;-3.54;-7.81;12.63
306904.00ms : 1.00;-0.62;-0.60;-6.29;-12.15;16.05
306924.00ms : 0.94;-0.67;-0.67;-4.15;-12.51;17.88
306944.00ms : 0.93;-0.78;-0.74;-6.96;-17.46;24.90
306964.00ms : 0.94;-0.84;-0.73;-13.85;-28.38;29.05
306984.00ms : 1.06;-0.77;-0.69;-21.42;-35.83;29.85
307004.00ms : 1.27;-0.74;-0.67;-27.53;-39.18;35.64
307024.00ms : 1.30;-0.94;-0.71;-42.18;-41.99;45.35
307044.00ms : 1.28;-1.14;-0.72;-65.55;-41.63;62.01
307064.00ms : 1.46;-1.23;-0.81;-88.62;-49.50;80.38
307084.00ms : 1.73;-1.05;-0.69;-90.82;-69.27;98.33
307104.00ms : 2.00;-0.41;-0.43;-69.40;-93.99;115.05
307124.00ms : 1.84;0.21;-0.35;-32.84;-129.03;124.57
307144.00ms : 1.14;0.39;-0.58;-19.47;-127.08;117.98
307164.00ms : 0.65;0.57;-0.79;17.21;-149.84;136.35
307184.00ms : -0.12;1.04;0.03;69.52;-127.08;142.58
307204.00ms : -0.22;0.62;-0.40;115.11;-26.73;63.42
307224.00ms : -0.12;0.11;-0.45;95.09;-2.99;16.66
307244.00ms : 0.02;-0.13;-0.40;52.86;21.79;-25.21
307264.00ms : 0.24;-0.06;-0.48;10.50;24.35;-27.65
307284.00ms : 0.18;-0.26;-0.37;-0.49;17.82;-13.18
307304.00ms : 0.07;-0.31;-0.43;-8.73;9.09;-1.40
307324.00ms : 0.01;-0.24;-0.46;-19.04;-0.18;-1.83
307344.00ms : 0.03;-0.10;-0.38;-25.51;-5.25;2.87
307364.00ms : 0.01;0.10;-0.29;-28.14;-8.79;3.48
307384.00ms : 0.03;0.38;-0.30;-10.50;-7.20;-2.62
307404.00ms : 0.03;0.52;-0.45;28.26;-1.16;-12.76
307424.00ms : -0.25;0.74;0.33;50.35;7.69;-24.05
307444.00ms : -0.02;0.69;-1.40;79.16;113.83;-152.77
307464.00ms : 0.95;-0.24;0.11;136.41;88.68;-176.15
307484.00ms : 3.35;-0.55;-0.27;86.43;101.07;-190.12
307504.00ms : 2.02;-0.68;-0.51;89.17;38.57;-6.90
307524.00ms : 0.57;-0.98;-1.17;31.74;34.18;-29.05
307544.00ms : 0.47;-1.40;-1.18;68.60;53.71;-36.38
307564.00ms : 1.50;-0.85;-0.09;37.35;61.89;-44.07
307584.00ms : 6.33;0.47;-0.02;4.39;133.54;-113.59
307604.00ms : 1.43;-0.64;-0.98;111.88;-88.62;-22.16
307624.00ms : -0.46;-2.05;-0.88;118.96;3.48;1.65
307644.00ms : -0.76;-1.81;-0.39;-71.47;37.54;55.79
307664.00ms : 0.40;-0.57;-0.80;-130.00;58.47;-90.03
307684.00ms : 2.31;0.11;-0.56;-44.86;120.30;-78.92
307704.00ms : 1.94;-0.28;-0.65;17.76;-2.50;74.10
307724.00ms : 0.59;-0.53;-0.62;28.50;-4.88;19.59
307744.00ms : 0.33;-0.59;-0.69;5.68;13.18;-11.41
307764.00ms : 0.63;-0.44;-0.73;-9.70;40.34;-7.63
307784.00ms : 1.15;-0.41;-0.63;-3.05;49.80;-0.12
307804.00ms : 1.27;-0.39;-0.76;-4.76;17.88;8.06
307824.00ms : 0.99;-0.41;-0.80;-5.13;2.69;5.31
307844.00ms : 0.78;-0.37;-0.79;-0.73;1.22;3.48
307864.00ms : 0.81;-0.35;-0.75;9.28;11.11;1.10
307884.00ms : 0.94;-0.39;-0.69;14.83;8.79;1.46
307904.00ms : 1.00;-0.31;-0.77;9.34;-0.98;-0.49
307924.00ms : 0.98;-0.36;-0.73;17.27;-3.23;-0.31
307944.00ms : 0.88;-0.47;-0.67;13.92;-4.94;-2.08
307964.00ms : 0.78;-0.51;-0.50;7.69;-0.73;-3.48
307984.00ms : 0.87;-0.47;-0.61;-4.64;4.58;-5.49
308004.00ms : 0.95;-0.39;-0.62;2.32;3.30;0.37
308024.00ms : 0.87;-0.40;-0.68;7.75;1.65;-0.73
308044.00ms : 0.86;-0.40;-0.65;13.49;6.35;0.00
308064.00ms : 0.87;-0.47;-0.61;11.41;5.74;-2.56
308084.00ms : 0.88;-0.40;-0.61;3.97;8.24;-4.58
308104.00ms : 0.92;-0.39;-0.71;5.62;9.34;1.65
308124.00ms : 0.87;-0.43;-0.62;7.81;9.70;-0.73
308144.00ms : 0.89;-0.48;-0.69;1.53;10.80;-4.70
308164.00ms : 0.92;-0.43;-0.71;-6.29;8.79;-4.58
308184.00ms : 0.90;-0.32;-0.82;-4.39;1.71;-1.83
308204.00ms : 0.86;-0.39;-0.76;10.44;6.10;-2.14
308224.00ms : 0.90;-0.45;-0.68;9.03;3.42;-5.55
308244.00ms : 0.88;-0.46;-0.66;2.08;3.72;-7.26
308264.00ms : 0.91;-0.40;-0.73;-1.10;3.36;-3.66
308284.00ms : 0.89;-0.41;-0.74;5.49;1.04;-0.49
308304.00ms : 0.87;-0.47;-0.70;8.48;2.93;-5.55
308324.00ms : 0.92;-0.46;-0.70;3.36;2.14;-4.82
308344.00ms : 0.90;-0.44;-0.73;0.24;-0.79;-3.60
308364.00ms : 0.87;-0.40;-0.74;4.15;-1.53;-1.65
308384.00ms : 0.87;-0.47;-0.73;5.49;-0.06;-3.91
308404.00ms : 0.91;-0.45;-0.69;-0.85;-1.28;-5.19
308424.00ms : 0.89;-0.42;-0.73;-5.19;-4.27;-4.76
308444.00ms : 0.85;-0.42;-0.76;-0.92;-5.07;0.98
308464.00ms : 0.87;-0.51;-0.77;0.73;-4.15;2.87
308484.00ms : 1.02;-0.49;-0.74;-2.75;-5.74;4.70
308504.00ms : 0.99;-0.53;-0.77;-2.08;-11.23;7.26
308524.00ms : 0.85;-0.53;-0.78;-3.60;-10.74;9.16
308544.00ms : 0.82;-0.56;-0.73;-0.85;-6.65;11.23
308564.00ms : 0.96;-0.54;-0.73;-3.17;-7.39;12.94
308584.00ms : 0.98;-0.52;-0.68;-4.03;-17.03;16.30
308604.00ms : 0.90;-0.50;-0.69;-4.52;-16.97;16.24
308624.00ms : 0.86;-0.50;-0.70;-4.88;-14.89;18.37
308644.00ms : 0.90;-0.52;-0.68;-6.10;-14.34;22.77
308664.00ms : 0.94;-0.51;-0.66;-10.13;-17.21;26.49
308684.00ms : 0.93;-0.46;-0.65;-13.43;-19.10;26.92
308704.00ms : 0.91;-0.43;-0.66;-14.71;-18.74;26.43
308724.00ms : 0.92;-0.43;-0.72;-14.04;-18.62;28.81
308744.00ms : 0.92;-0.40;-0.69;-12.76;-22.89;31.98
308764.00ms : 0.92;-0.37;-0.67;-10.74;-25.15;32.23
308784.00ms : 0.92;-0.34;-0.63;-9.28;-24.60;30.33
308804.00ms : 0.92;-0.36;-0.60;-9.09;-23.25;29.17
308824.00ms : 0.94;-0.33;-0.63;-12.21;-23.93;30.64
308844.00ms : 0.94;-0.31;-0.64;-13.92;-26.67;30.76
308864.00ms : 0.94;-0.30;-0.62;-12.76;-28.20;30.46
308884.00ms : 0.94;-0.27;-0.62;-10.74;-29.42;29.54
308904.00ms : 0.94;-0.27;-0.58;-5.62;-30.46;28.63
308924.00ms : 0.94;-0.26;-0.59;-2.32;-31.98;28.99
308944.00ms : 0.96;-0.23;-0.58;0.49;-32.10;28.08
308964.00ms : 0.96;-0.20;-0.57;3.11;-33.20;26.67
308984.00ms : 0.95;-0.19;-0.55;7.26;-34.30;26.49
309004.00ms : 0.94;-0.23;-0.49;11.72;-32.29;26.92
309024.00ms : 0.92;-0.24;-0.40;12.45;-29.36;25.02
309044.00ms : 0.92;-0.20;-0.43;6.65;-28.14;22.22
309064.00ms : 0.95;-0.15;-0.45;4.39;-27.34;20.51
309084.00ms : 0.95;-0.10;-0.47;5.80;-24.66;20.57
309104.00ms : 0.96;-0.12;-0.42;10.07;-21.48;19.29
309124.00ms : 0.96;-0.14;-0.44;9.09;-20.75;16.36
309144.00ms : 0.97;-0.16;-0.47;6.16;-20.87;15.99
309164.00ms : 0.98;-0.17;-0.45;6.10;-20.81;16.66
309184.00ms : 0.96;-0.14;-0.37;8.30;-19.41;15.69
309204.00ms : 0.95;-0.11;-0.38;9.09;-17.40;13.67
309224.00ms : 0.97;-0.15;-0.40;8.85;-15.01;12.27
309244.00ms : 0.99;-0.15;-0.42;4.52;-15.56;13.06
309264.00ms : 0.98;-0.14;-0.39;1.77;-14.77;12.02
309284.00ms : 0.96;-0.08;-0.38;-0.24;-11.90;9.52
309304.00ms : 0.99;-0.12;-0.40;1.04;-10.19;6.53
309324.00ms : 1.02;-0.19;-0.40;0.79;-11.23;8.18
309344.00ms : 0.98;-0.17;-0.40;-3.17;-12.21;8.97
309364.00ms : 0.96;-0.12;-0.36;-4.21;-10.56;7.75
309384.00ms : 0.97;-0.10;-0.36;-6.10;-7.69;4.94
309404.00ms : 0.98;-0.08;-0.38;-7.51;-7.63;4.15
309424.00ms : 1.00;-0.08;-0.39;-6.84;-8.36;5.80
309444.00ms : 0.98;-0.13;-0.37;-6.16;-6.84;5.62
309464.00ms : 0.97;-0.16;-0.39;-8.48;-5.07;2.38
309484.00ms : 1.00;-0.14;-0.41;-9.95;-7.63;2.20
309504.00ms : 1.00;-0.10;-0.39;-6.65;-6.84;4.46
309524.00ms : 0.96;-0.09;-0.35;-4.09;-4.70;4.58
309544.00ms : 0.99;-0.11;-0.36;-4.64;-2.75;2.81
309564.00ms : 1.01;-0.16;-0.38;-6.90;-3.78;0.24
309584.00ms : 0.99;-0.16;-0.39;-10.31;-5.62;1.83
309604.00ms : 0.95;-0.10;-0.35;-9.64;-3.48;2.44
309624.00ms : 0.99;-0.03;-0.36;-5.19;-1.46;1.53
309644.00ms : 1.02;-0.09;-0.40;-0.92;-2.08;0.43
309664.00ms : 1.01;-0.19;-0.40;-0.85;-3.23;2.81
309684.00ms : 0.98;-0.16;-0.36;-2.56;-2.93;3.23
309704.00ms : 0.98;-0.09;-0.37;-3.05;-2.26;1.95
309724.00ms : 1.00;-0.08;-0.40;-0.85;-1.65;0.98
309744.00ms : 1.01;-0.16;-0.38;-0.73;-3.05;2.20
309764.00ms : 0.97;-0.15;-0.37;-2.81;-2.62;2.01
309784.00ms : 0.99;-0.10;-0.39;-4.09;-2.01;0.06
309804.00ms : 1.00;-0.12;-0.39;-4.15;-3.23;0.49
309824.00ms : 0.98;-0.13;-0.38;-3.91;-3.36;1.16
309844.00ms : 0.98;-0.11;-0.36;-0.85;-1.77;1.10
309864.00ms : 0.98;-0.08;-0.36;1.28;-1.28;-0.37
309884.00ms : 1.01;-0.09;-0.38;2.01;-1.53;-0.55
309904.00ms : 1.00;-0.15;-0.38;0.55;-1.83;0.31
309924.00ms : 0.98;-0.17;-0.35;-0.73;-1.77;0.37
309944.00ms : 0.99;-0.14;-0.35;-1.83;-1.22;-0.18
309964.00ms : 1.01;-0.12;-0.39;-1.59;-1.59;0.37
309984.00ms : 1.00;-0.13;-0.38;-1.65;-2.32;0.85
310004.00ms : 0.99;-0.14;-0.36;-3.97;-2.20;0.79
310024.00ms : 0.99;-0.13;-0.36;-4.64;-2.75;0.43
310044.00ms : 0.98;-0.11;-0.36;-3.54;-2.14;0.00
310064.00ms : 0.98;-0.11;-0.37;-3.66;-1.34;-0.55
310084.00ms : 1.00;-0.11;-0.37;-4.15;-1.95;-0.12
310104.00ms : 1.01;-0.14;-0.38;-4.15;-2.81;0.55
310124.00ms : 0.99;-0.15;-0.36;-4.64;-2.62;0.55
310144.00ms : 0.98;-0.11;-0.35;-5.49;-1.28;-0.24
310164.00ms : 1.00;-0.09;-0.37;-6.47;-1.22;0.12
310184.00ms : 0.99;-0.13;-0.37;-6.65;-1.16;0.49
310204.00ms : 0.99;-0.16;-0.37;-9.52;-1.22;0.00
310224.00ms : 0.99;-0.14;-0.37;-11.84;-1.59;-0.24
310244.00ms : 1.01;-0.12;-0.37;-12.27;-2.08;0.18
310264.00ms : 1.01;-0.11;-0.36;-10.74;-3.36;1.16
310284.00ms : 0.97;-0.11;-0.35;-8.18;-2.50;0.92
310304.00ms : 0.97;-0.10;-0.35;-7.63;-2.01;0.55
310324.00ms : 0.99;-0.08;-0.36;-6.35;-1.16;-0.12
310344.00ms : 1.01;-0.08;-0.38;-2.08;-1.95;0.31
310364.00ms : 0.99;-0.11;-0.36;1.34;-1.16;0.73
310384.00ms : 0.97;-0.11;-0.36;1.71;-0.85;0.24
310404.00ms : 1.00;-0.11;-0.36;2.20;-0.73;0.00
310424.00ms : 1.02;-0.16;-0.37;0.18;-1.46;-0.06
310444.00ms : 1.00;-0.16;-0.36;-1.77;-1.77;0.55
310464.00ms : 0.97;-0.12;-0.36;-3.23;-1.65;0.67
310484.00ms : 0.99;-0.09;-0.35;-2.62;-1.10;0.85
310504.00ms : 1.01;-0.10;-0.35;-2.20;-1.04;0.85
310524.00ms : 0.99;-0.09;-0.35;-0.79;-1.04;0.85
310544.00ms : 0.99;-0.11;-0.37;1.40;-0.24;0.37
310564.00ms : 1.00;-0.14;-0.37;1.77;-1.28;1.04
310584.00ms : 0.99;-0.16;-0.36;-0.43;-1.53;1.04
310604.00ms : 1.00;-0.13;-0.37;-3.36;-1.89;1.22
310624.00ms : 0.99;-0.11;-0.36;-3.48;-1.59;0.92
310644.00ms : 0.98;-0.10;-0.37;-3.42;-1.65;0.73
310664.00ms : 0.99;-0.08;-0.36;-0.67;-1.04;0.55
310684.00ms : 1.00;-0.09;-0.37;2.26;-0.85;0.73
310704.00ms : 0.99;-0.13;-0.36;2.26;-0.85;0.67
310724.00ms : 0.99;-0.12;-0.36;0.67;-1.04;1.28
310744.00ms : 0.99;-0.11;-0.36;0.79;-0.67;0.67
310764.00ms : 1.00;-0.09;-0.36;1.16;-0.55;0.98
310784.00ms : 0.99;-0.10;-0.37;2.14;-0.55;0.79
310804.00ms : 0.99;-0.13;-0.36;2.50;-0.24;1.04
310824.00ms : 0.99;-0.12;-0.36;1.71;-0.85;1.16
310844.00ms : 1.00;-0.12;-0.36;0.98;-0.98;1.28
310864.00ms : 0.99;-0.14;-0.37;-0.31;-1.10;2.20
310884.00ms : 0.99;-0.12;-0.35;-1.04;-0.67;1.71
310904.00ms : 1.00;-0.09;-0.36;-1.04;-0.67;1.53
310924.00ms : 0.99;-0.09;-0.36;-0.06;-0.49;1.89
310944.00ms : 0.98;-0.13;-0.35;-1.28;0.06;1.95
310964.00ms : 0.98;-0.10;-0.34;-2.14;0.49;0.85
310984.00ms : 0.97;-0.06;-0.35;-2.08;1.95;-0.31
311004.00ms : 0.99;-0.06;-0.35;-0.43;2.38;-1.22
311024.00ms : 0.99;-0.10;-0.36;-0.18;2.44;-1.16
311044.00ms : 0.99;-0.11;-0.35;-1.16;3.05;-1.46
311064.00ms : 0.96;-0.06;-0.34;-3.48;4.15;-3.72
311084.00ms : 0.97;-0.02;-0.35;-1.04;5.37;-5.31
311104.00ms : 0.99;-0.07;-0.35;3.91;6.35;-6.35
311124.00ms : 0.99;-0.14;-0.35;4.64;6.71;-7.39
311144.00ms : 0.98;-0.11;-0.36;1.04;7.57;-8.30
311164.00ms : 0.98;-0.07;-0.36;1.40;9.09;-9.28
311184.00ms : 1.02;-0.13;-0.40;5.07;9.64;-8.00
311204.00ms : 1.02;-0.19;-0.39;4.46;9.22;-6.23
311224.00ms : 0.99;-0.16;-0.38;1.46;8.36;-6.41
311244.00ms : 0.98;-0.10;-0.39;0.85;8.42;-8.79
311264.00ms : 0.99;-0.10;-0.41;1.22;7.93;-8.61
311284.00ms : 0.98;-0.09;-0.38;4.15;8.91;-8.36
311304.00ms : 0.97;-0.08;-0.36;5.80;11.11;-10.80
311324.00ms : 0.99;-0.10;-0.41;7.32;12.15;-13.49
311344.00ms : 0.97;-0.12;-0.38;9.58;13.92;-14.40
311364.00ms : 0.97;-0.14;-0.41;5.49;14.77;-14.28
311384.00ms : 0.96;-0.09;-0.36;1.95;14.71;-14.95
311404.00ms : 0.96;-0.11;-0.40;-0.85;17.40;-16.17
311424.00ms : 0.99;-0.16;-0.46;-0.98;18.49;-17.82
311444.00ms : 0.96;-0.17;-0.41;-0.67;18.31;-17.64
311464.00ms : 0.93;-0.11;-0.39;-1.71;20.69;-20.69
311484.00ms : 0.93;-0.07;-0.39;-2.44;26.00;-26.92
311504.00ms : 0.98;-0.14;-0.51;-1.89;24.90;-26.43
311524.00ms : 0.96;-0.23;-0.46;-2.08;25.82;-22.77
311544.00ms : 0.95;-0.19;-0.44;-8.00;24.11;-20.94
311564.00ms : 0.94;-0.10;-0.48;-9.09;24.35;-27.47
311584.00ms : 0.95;-0.16;-0.56;-1.59;26.61;-29.54
311604.00ms : 0.97;-0.27;-0.53;5.62;26.55;-25.63
311624.00ms : 0.95;-0.27;-0.52;3.11;24.54;-23.32
311644.00ms : 0.96;-0.19;-0.60;-0.31;21.18;-26.43
311664.00ms : 0.94;-0.25;-0.59;9.22;21.55;-26.00
311684.00ms : 0.93;-0.37;-0.56;15.63;24.72;-20.81
311704.00ms : 0.97;-0.38;-0.56;11.47;23.25;-21.42
311724.00ms : 0.97;-0.32;-0.59;3.91;17.21;-24.29
311744.00ms : 0.94;-0.31;-0.57;5.31;17.82;-24.35
311764.00ms : 0.94;-0.34;-0.58;6.41;21.61;-20.69
311784.00ms : 0.96;-0.37;-0.63;7.63;21.55;-18.74
311804.00ms : 0.96;-0.37;-0.64;5.19;19.29;-18.37
311824.00ms : 0.93;-0.37;-0.58;5.74;18.68;-20.08
311844.00ms : 0.92;-0.37;-0.59;2.93;18.92;-20.26
311864.00ms : 0.94;-0.35;-0.61;-0.61;17.94;-19.47
311884.00ms : 0.94;-0.36;-0.65;-0.67;17.46;-19.35
311904.00ms : 0.91;-0.38;-0.65;-0.06;17.33;-19.35
311924.00ms : 0.91;-0.35;-0.64;-3.11;15.99;-19.17
311944.00ms : 0.97;-0.32;-0.72;-4.88;11.90;-19.59
311964.00ms : 0.97;-0.35;-0.71;1.04;7.63;-20.51
311984.00ms : 0.90;-0.40;-0.69;2.81;6.35;-25.76
312004.00ms : 0.89;-0.44;-0.70;4.21;6.41;-22.77
312024.00ms : 0.93;-0.45;-0.75;3.36;4.09;-14.95
312044.00ms : 0.92;-0.45;-0.68;8.42;2.81;-13.31
312064.00ms : 0.88;-0.50;-0.63;9.40;4.15;-13.79
312084.00ms : 0.89;-0.51;-0.63;2.87;7.87;-11.90
312104.00ms : 0.95;-0.43;-0.67;-2.32;5.62;-9.16
312124.00ms : 0.92;-0.42;-0.65;4.70;4.27;-8.30
312144.00ms : 0.88;-0.46;-0.63;6.90;6.29;-10.01
312164.00ms : 0.88;-0.47;-0.65;0.92;9.16;-9.89
312184.00ms : 0.93;-0.45;-0.74;-4.27;7.39;-6.41
312204.00ms : 0.92;-0.42;-0.75;-1.40;2.08;-4.33
312224.00ms : 0.89;-0.43;-0.67;3.97;3.36;-8.36
312244.00ms : 0.90;-0.44;-0.62;1.04;7.14;-10.13
312264.00ms : 0.89;-0.46;-0.70;-4.03;5.31;-6.29
312284.00ms : 0.88;-0.43;-0.74;-2.75;1.59;-2.69
312304.00ms : 0.87;-0.44;-0.67;4.15;2.01;-4.70
312324.00ms : 0.90;-0.45;-0.66;1.59;5.49;-7.08
312344.00ms : 0.90;-0.46;-0.68;-3.85;5.55;-4.27
312364.00ms : 0.89;-0.42;-0.77;-3.97;-0.12;-1.65
312384.00ms : 0.88;-0.43;-0.74;3.42;0.85;-2.26
312404.00ms : 0.91;-0.47;-0.72;5.43;0.37;-2.69
312424.00ms : 0.90;-0.44;-0.69;2.32;-1.53;-1.77
312444.00ms : 0.84;-0.43;-0.70;4.21;-3.23;-0.92
312464.00ms : 0.87;-0.45;-0.70;6.29;0.43;-0.43
312484.00ms : 0.94;-0.46;-0.68;4.76;-0.92;1.04
312504.00ms : 0.87;-0.46;-0.68;2.38;-2.99;0.12
312524.00ms : 0.87;-0.42;-0.71;1.71;-1.65;0.67
312544.00ms : 0.88;-0.42;-0.70;4.09;-2.14;0.49
312564.00ms : 0.89;-0.42;-0.75;4.46;-3.66;0.73
312584.00ms : 0.91;-0.40;-0.76;5.98;-6.16;0.73
312604.00ms : 0.86;-0.39;-0.70;9.77;-9.40;-0.98
312624.00ms : 0.86;-0.40;-0.74;8.42;-5.49;-4.21
312644.00ms : 0.92;-0.44;-0.73;7.81;-9.09;-1.89
312664.00ms : 0.87;-0.44;-0.69;5.43;-14.40;-4.09
312684.00ms : 0.89;-0.43;-0.67;-0.06;-17.09;-5.49
312704.00ms : 0.94;-0.49;-0.67;-3.48;-15.50;-5.98
312724.00ms : 0.97;-0.53;-0.69;-3.42;-18.13;-0.24
312744.00ms : 0.93;-0.54;-0.72;-4.88;-17.03;0.43
312764.00ms : 1.00;-0.55;-0.72;0.43;-14.71;3.17
312784.00ms : 1.12;-0.64;-0.76;5.80;-16.78;10.62
312804.00ms : 1.11;-0.72;-0.70;2.75;-22.40;15.01
312824.00ms : 1.09;-0.78;-0.55;-3.23;-25.88;17.64
312844.00ms : 1.23;-0.81;-0.61;-18.43;-21.18;21.55
312864.00ms : 1.28;-0.89;-0.72;-31.43;-25.09;33.57
312884.00ms : 1.20;-1.08;-0.80;-48.03;-28.63;45.23
312904.00ms : 1.31;-1.21;-0.88;-73.73;-31.74;59.63
312924.00ms : 1.56;-1.22;-1.03;-96.50;-51.15;79.47
312944.00ms : 1.80;-1.08;-1.14;-96.25;-83.01;99.43
312964.00ms : 1.92;-0.71;-0.86;-57.50;-125.18;120.79
312984.00ms : 1.80;-0.31;-0.41;-18.01;-165.89;150.45
313004.00ms : 1.34;-0.05;-0.27;14.22;-184.88;175.90
313024.00ms : 0.91;0.55;0.07;26.79;-187.01;172.91
313044.00ms : -0.06;1.38;0.74;-6.84;-112.30;94.67
313064.00ms : -0.87;1.27;-0.86;47.42;16.97;-43.09
313084.00ms : -0.44;0.79;-0.38;72.75;48.22;-86.73
313104.00ms : 0.08;-0.13;-0.52;34.30;69.64;-115.54
313124.00ms : 0.37;-0.64;-0.30;-17.27;65.67;-94.67
313144.00ms : 0.37;-0.82;-0.69;-54.32;33.69;-37.72
313164.00ms : 0.06;-0.25;-0.73;-60.12;-16.17;31.92
313184.00ms : -0.16;0.06;-0.48;-28.87;-19.96;63.05
313204.00ms : -0.02;0.10;-0.31;-30.70;-18.80;76.72
313224.00ms : -0.01;0.09;-0.20;-57.74;-19.41;72.57
313244.00ms : 0.06;0.31;-0.29;-80.08;-21.61;66.10
313264.00ms : -0.02;0.62;-0.30;-52.31;-12.63;50.90
313284.00ms : -0.09;0.58;-0.17;-18.62;1.65;18.31
313304.00ms : -0.11;0.37;-0.10;-3.54;17.64;-20.45
313324.00ms : -0.09;0.14;-0.44;39.92;74.46;-96.98
313344.00ms : 0.38;-0.22;0.69;145.94;62.38;-169.92
313364.00ms : 3.54;0.22;0.63;68.36;123.23;-252.69
313384.00ms : 3.31;0.26;-1.36;75.56;57.07;-29.85
313404.00ms : 0.74;-0.38;-1.00;84.35;4.09;-25.27
313424.00ms : 0.79;-1.58;-1.00;66.10;107.36;-49.99
313444.00ms : 1.08;-2.31;-0.87;53.89;91.06;-17.58
313464.00ms : 0.52;-1.06;0.13;-114.99;5.92;1.95
313484.00ms : 4.85;0.90;0.61;-129.52;117.25;-203.92
313504.00ms : 1.55;-0.22;-1.03;118.10;-133.85;43.21
313524.00ms : -0.54;-1.29;-0.59;147.89;23.01;56.82
313544.00ms : -0.21;-1.16;-0.68;-50.23;113.59;40.41
313564.00ms : 1.01;-0.31;-0.80;-110.84;83.98;-64.88
313584.00ms : 2.13;0.01;-0.87;-83.98;26.49;-40.28
313604.00ms : 1.05;-0.08;-0.66;4.03;-38.45;40.71
313624.00ms : 0.39;-0.23;-0.61;38.51;5.37;3.42
313644.00ms : 0.82;-0.38;-0.53;65.25;26.12;-30.70
313664.00ms : 1.15;-0.58;-0.49;54.50;14.77;-8.73
313684.00ms : 1.00;-0.55;-0.61;17.21;9.52;12.33
313704.00ms : 0.90;-0.54;-0.59;-5.00;20.75;-7.39
313724.00ms : 0.94;-0.43;-0.57;-19.47;9.95;-13.00
313744.00ms : 0.95;-0.37;-0.65;-15.63;1.83;-0.31
313764.00ms : 0.89;-0.34;-0.64;-1.89;7.20;-0.43
313784.00ms : 0.89;-0.31;-0.67;12.27;15.26;-4.58
313804.00ms : 0.97;-0.40;-0.66;22.95;16.97;-1.59
313824.00ms : 0.95;-0.45;-0.67;13.49;9.52;-4.88
313844.00ms : 0.91;-0.45;-0.68;2.69;7.32;-4.58
313864.00ms : 0.93;-0.35;-0.67;-6.29;7.81;-3.36
313884.00ms : 0.91;-0.31;-0.69;-3.48;6.71;-2.26
313904.00ms : 0.94;-0.39;-0.76;3.72;9.28;-2.14
313924.00ms : 0.98;-0.42;-0.77;6.90;2.69;-1.28
313944.00ms : 0.88;-0.39;-0.67;8.12;-4.58;-1.83
313964.00ms : 0.85;-0.43;-0.64;6.35;4.70;-5.37
313984.00ms : 0.98;-0.45;-0.68;-2.81;5.68;-1.46
314004.00ms : 0.98;-0.41;-0.69;-5.25;-3.78;1.95
314024.00ms : 0.85;-0.41;-0.64;-0.12;-4.27;-1.10
314044.00ms : 0.91;-0.38;-0.70;1.89;1.40;0.37
314064.00ms : 0.96;-0.40;-0.70;4.88;-0.98;4.27
314084.00ms : 0.90;-0.35;-0.65;5.80;-5.07;0.00
314104.00ms : 0.89;-0.38;-0.62;6.96;-1.77;-0.18
314124.00ms : 0.93;-0.42;-0.65;-0.37;-1.16;-0.49
314144.00ms : 0.96;-0.35;-0.76;-4.21;-6.23;3.48
314164.00ms : 0.84;-0.38;-0.61;4.52;-5.55;3.11
314184.00ms : 0.90;-0.41;-0.62;0.37;1.16;-1.34
314204.00ms : 0.97;-0.38;-0.60;-4.27;-2.50;2.38
314224.00ms : 0.90;-0.33;-0.65;-2.87;-4.70;3.11
314244.00ms : 0.85;-0.35;-0.63;5.98;0.31;4.09
314264.00ms : 0.93;-0.43;-0.64;3.85;5.00;2.50
314284.00ms : 0.94;-0.42;-0.65;-2.69;1.10;2.69
314304.00ms : 0.94;-0.34;-0.71;-3.05;-1.83;3.48
314324.00ms : 0.90;-0.31;-0.70;4.94;-3.48;5.13
314344.00ms : 0.90;-0.44;-0.66;8.30;1.34;2.87
314364.00ms : 0.97;-0.45;-0.65;-3.60;-0.79;3.42
314384.00ms : 0.92;-0.39;-0.64;-6.71;-5.00;4.70
314404.00ms : 0.90;-0.38;-0.70;-2.56;-1.34;5.86
314424.00ms : 0.94;-0.44;-0.67;2.87;-0.98;9.09
314444.00ms : 0.92;-0.43;-0.63;1.71;-3.05;7.93
314464.00ms : 0.93;-0.41;-0.68;-1.28;-1.71;7.63
314484.00ms : 0.97;-0.42;-0.70;-1.59;-1.95;11.90
314504.00ms : 0.95;-0.43;-0.70;-2.69;-5.92;12.21
314524.00ms : 0.93;-0.37;-0.71;-4.33;-7.63;12.76
314544.00ms : 0.94;-0.37;-0.72;-4.09;-7.39;12.82
314564.00ms : 0.95;-0.36;-0.70;-2.38;-9.40;14.16
314584.00ms : 0.94;-0.38;-0.64;-0.98;-9.70;14.71
314604.00ms : 0.94;-0.40;-0.62;-3.60;-9.34;15.93
314624.00ms : 0.95;-0.38;-0.64;-11.41;-10.01;16.60
314644.00ms : 0.96;-0.35;-0.68;-13.61;-12.88;17.46
314664.00ms : 0.94;-0.33;-0.70;-8.24;-14.71;16.17
314684.00ms : 0.93;-0.31;-0.67;-2.69;-13.79;16.60
314704.00ms : 0.94;-0.29;-0.62;-1.53;-12.63;17.94
314724.00ms : 0.96;-0.32;-0.63;-1.46;-12.63;17.52
314744.00ms : 0.95;-0.33;-0.62;-4.82;-14.04;16.11
314764.00ms : 0.94;-0.32;-0.61;-7.51;-15.99;15.32
314784.00ms : 0.93;-0.27;-0.60;-5.98;-14.77;14.16
314804.00ms : 0.95;-0.24;-0.62;-2.26;-11.29;13.79
314824.00ms : 0.96;-0.24;-0.60;-0.43;-11.05;14.53
314844.00ms : 0.96;-0.28;-0.62;-1.71;-13.37;15.93
314864.00ms : 0.98;-0.31;-0.60;-3.54;-15.38;16.72
314884.00ms : 0.96;-0.26;-0.60;-5.43;-18.43;17.82
314904.00ms : 0.95;-0.23;-0.58;-2.08;-17.76;16.42
314924.00ms : 0.96;-0.25;-0.59;1.34;-15.32;16.85
314944.00ms : 0.97;-0.26;-0.57;0.06;-15.93;16.91
314964.00ms : 0.97;-0.23;-0.56;-2.38;-18.80;17.09
314984.00ms : 0.96;-0.22;-0.56;-2.75;-19.17;15.81
315004.00ms : 0.96;-0.20;-0.55;-2.08;-19.17;15.75
315024.00ms : 0.98;-0.20;-0.56;-1.10;-18.55;14.83
315044.00ms : 0.98;-0.19;-0.55;-0.24;-19.53;13.79
315064.00ms : 0.96;-0.19;-0.52;0.24;-20.26;13.49
315084.00ms : 0.96;-0.17;-0.53;0.18;-19.17;11.72
315104.00ms : 0.98;-0.16;-0.56;1.46;-19.65;10.74
315124.00ms : 0.99;-0.17;-0.55;4.03;-21.79;12.08
315144.00ms : 0.97;-0.17;-0.50;7.32;-21.91;12.08
315164.00ms : 0.94;-0.16;-0.46;8.30;-20.20;9.83
315184.00ms : 0.96;-0.17;-0.44;7.26;-17.70;7.69
315204.00ms : 0.98;-0.16;-0.47;4.27;-17.33;7.93
315224.00ms : 0.98;-0.19;-0.45;4.09;-16.48;10.31
315244.00ms : 0.96;-0.19;-0.44;0.98;-15.38;9.83
315264.00ms : 0.97;-0.20;-0.45;-1.59;-14.16;6.41
315284.00ms : 0.98;-0.19;-0.46;-3.60;-14.04;5.98
315304.00ms : 0.98;-0.15;-0.46;-4.64;-13.85;7.45
315324.00ms : 1.00;-0.10;-0.48;-2.38;-14.34;7.45
315344.00ms : 1.00;-0.10;-0.48;5.00;-14.47;8.24
315364.00ms : 0.97;-0.15;-0.45;11.05;-13.43;8.61
315384.00ms : 0.98;-0.17;-0.42;10.99;-13.43;8.18
315404.00ms : 0.97;-0.12;-0.40;6.53;-13.55;5.74
315424.00ms : 0.99;-0.10;-0.44;5.49;-12.39;4.39
315444.00ms : 1.00;-0.14;-0.44;7.69;-11.54;5.98
315464.00ms : 0.97;-0.15;-0.40;7.20;-10.13;5.86
315484.00ms : 0.98;-0.13;-0.40;5.74;-9.77;3.66
315504.00ms : 0.99;-0.12;-0.44;5.07;-9.64;3.30
315524.00ms : 1.00;-0.17;-0.41;8.06;-8.06;4.64
315544.00ms : 0.99;-0.20;-0.40;7.26;-6.84;4.82
315564.00ms : 0.99;-0.16;-0.43;5.07;-8.61;2.93
315584.00ms : 1.00;-0.10;-0.45;5.68;-9.58;4.03
315604.00ms : 0.99;-0.11;-0.42;12.02;-8.06;5.92
315624.00ms : 1.00;-0.22;-0.38;14.71;-5.68;6.96
315644.00ms : 1.00;-0.27;-0.37;6.77;-6.41;5.62
315664.00ms : 1.00;-0.18;-0.42;-2.75;-9.46;5.19
315684.00ms : 1.00;-0.12;-0.43;-1.28;-9.77;7.39
315704.00ms : 0.97;-0.08;-0.40;5.62;-7.51;10.50
315724.00ms : 0.98;-0.12;-0.35;11.35;-4.82;9.34
315744.00ms : 1.00;-0.16;-0.37;7.75;-4.82;7.63
315764.00ms : 0.99;-0.13;-0.38;2.50;-4.76;8.06
315784.00ms : 0.97;-0.05;-0.41;1.46;-4.46;7.63
315804.00ms : 0.98;-0.07;-0.37;4.33;-1.65;5.86
315824.00ms : 1.01;-0.10;-0.39;4.27;-1.71;5.92
315844.00ms : 1.01;-0.15;-0.42;4.03;-3.42;5.55
315864.00ms : 1.00;-0.14;-0.41;3.91;-4.58;5.86
315884.00ms : 0.99;-0.08;-0.41;5.43;-4.39;5.92
315904.00ms : 1.00;-0.13;-0.39;8.36;-3.05;5.37
315924.00ms : 0.99;-0.17;-0.37;2.56;-3.05;5.49
315944.00ms : 0.98;-0.10;-0.35;-3.66;-3.36;3.66
315964.00ms : 1.01;0.02;-0.42;-0.24;-3.23;3.36
315984.00ms : 1.03;-0.07;-0.44;7.93;-4.15;4.70
316004.00ms : 1.00;-0.21;-0.40;7.93;-4.09;6.23
316024.00ms : 0.99;-0.19;-0.39;-0.85;-4.64;4.33
316044.00ms : 1.00;-0.08;-0.40;-5.62;-6.41;2.93
316064.00ms : 1.03;-0.06;-0.43;-0.92;-6.84;5.43
316084.00ms : 0.99;-0.11;-0.39;2.26;-6.10;5.37
316104.00ms : 0.97;-0.08;-0.35;0.49;-4.76;3.17
316124.00ms : 0.97;-0.01;-0.34;-1.28;-3.60;0.85
316144.00ms : 1.01;-0.01;-0.38;0.73;-3.97;1.83
316164.00ms : 1.01;-0.09;-0.39;3.17;-3.91;2.93
316184.00ms : 0.98;-0.14;-0.37;2.08;-3.78;1.04
316204.00ms : 0.98;-0.09;-0.38;1.22;-3.78;-0.31
316224.00ms : 1.01;-0.08;-0.39;1.71;-3.91;1.16
316244.00ms : 1.00;-0.10;-0.38;2.14;-4.03;3.05
316264.00ms : 0.99;-0.08;-0.37;2.99;-2.93;2.26
316284.00ms : 1.01;-0.12;-0.37;2.93;-3.11;2.62
316304.00ms : 0.98;-0.14;-0.37;-1.04;-2.99;2.32
316324.00ms : 0.99;-0.07;-0.37;-2.50;-2.99;1.71
316344.00ms : 0.98;-0.05;-0.37;-0.55;-2.08;1.10
316364.00ms : 1.00;-0.06;-0.37;0.18;-1.40;1.83
316384.00ms : 0.99;-0.08;-0.38;-0.49;-1.65;0.92
316404.00ms : 0.99;-0.09;-0.37;-0.55;-1.16;0.85
316424.00ms : 1.00;-0.09;-0.37;0.37;-1.16;0.61
316444.00ms : 1.00;-0.12;-0.38;-0.12;-1.40;0.98
316464.00ms : 1.00;-0.10;-0.37;-2.50;-2.26;1.22
316484.00ms : 0.98;-0.06;-0.37;-2.32;-1.59;0.61
316504.00ms : 1.00;-0.07;-0.38;-1.04;-1.04;0.31
316524.00ms : 1.00;-0.11;-0.38;-2.44;-1.04;0.79
316544.00ms : 1.01;-0.10;-0.38;-2.56;-1.77;0.31
316564.00ms : 0.99;-0.06;-0.39;-1.10;-1.22;-0.49
316584.00ms : 1.00;-0.07;-0.38;-0.06;-1.53;0.00
316604.00ms : 1.00;-0.09;-0.37;-0.12;-1.77;1.10
316624.00ms : 1.00;-0.11;-0.37;-1.16;-2.08;1.04
316644.00ms : 1.00;-0.10;-0.38;-0.73;-2.93;0.37
316664.00ms : 0.99;-0.08;-0.38;1.65;-2.56;0.61
316684.00ms : 0.98;-0.07;-0.36;2.32;-1.53;0.67
316704.00ms : 1.00;-0.07;-0.36;2.44;-1.22;0.55
316724.00ms : 1.00;-0.08;-0.38;3.23;-1.77;0.67
316744.00ms : 1.00;-0.11;-0.38;2.38;-1.89;0.67
316764.00ms : 0.99;-0.09;-0.37;0.49;-1.46;0.43
316784.00ms : 0.99;-0.06;-0.37;-0.73;-0.92;-0.31
316804.00ms : 1.00;-0.07;-0.38;-0.92;-1.04;-0.61
316824.00ms : 1.00;-0.09;-0.37;-1.40;-1.34;0.00
316844.00ms : 0.99;-0.09;-0.36;-1.40;-1.40;-0.18
316864.00ms : 1.00;-0.09;-0.36;-2.38;-0.79;-0.79
316884.00ms : 1.00;-0.06;-0.37;-1.65;-1.04;-0.61
316904.00ms : 1.00;-0.08;-0.37;0.12;-1.04;-0.24
316924.00ms : 1.00;-0.11;-0.37;-0.98;-1.40;-0.12
316944.00ms : 1.00;-0.11;-0.36;-2.69;-1.77;-0.18
316964.00ms : 0.99;-0.08;-0.36;-2.81;-1.46;-0.61
316984.00ms : 1.00;-0.07;-0.37;-1.28;-1.04;-0.12
317004.00ms : 1.00;-0.10;-0.37;-1.59;-1.10;0.24
317024.00ms : 1.01;-0.10;-0.37;-2.99;-1.95;0.12
317044.00ms : 1.00;-0.08;-0.37;-2.38;-2.01;-0.12
317064.00ms : 0.99;-0.07;-0.37;-1.46;-1.28;-0.55
317084.00ms : 1.00;-0.06;-0.36;-0.18;-1.16;-0.06
317104.00ms : 1.00;-0.08;-0.37;-0.12;-1.04;-0.12
317124.00ms : 1.00;-0.09;-0.38;-0.61;-1.34;-0.37
317144.00ms : 1.00;-0.08;-0.38;-0.92;-1.40;-0.73
317164.00ms : 1.00;-0.08;-0.37;-0.98;-1.16;-0.67
317184.00ms : 1.00;-0.08;-0.36;-1.71;-1.16;-0.55
317204.00ms : 1.00;-0.09;-0.37;-1.46;-1.53;-0.61
317224.00ms : 1.00;-0.10;-0.37;-0.98;-1.65;-0.79
317244.00ms : 0.99;-0.08;-0.37;-0.43;-1.04;-0.85
317264.00ms : 1.00;-0.08;-0.37;0.24;-1.10;-0.61
317284.00ms : 1.00;-0.09;-0.36;0.31;-1.34;-0.49
317304.00ms : 1.00;-0.09;-0.37;0.98;-0.85;-0.18
317324.00ms : 0.99;-0.09;-0.37;0.92;-1.16;-0.18
317344.00ms : 1.00;-0.09;-0.37;0.00;-1.16;-0.37
317364.00ms : 1.00;-0.09;-0.37;-0.55;-1.53;-0.18
317384.00ms : 0.99;-0.10;-0.36;-0.98;-0.98;-0.12
317404.00ms : 0.99;-0.08;-0.36;-1.65;-0.98;-0.55
317424.00ms : 1.00;-0.09;-0.37;-1.16;-0.73;-0.49
317444.00ms : 1.00;-0.10;-0.36;-1.77;-0.43;-0.55
317464.00ms : 1.00;-0.10;-0.36;-3.72;-0.67;-1.04
317484.00ms : 0.99;-0.07;-0.36;-3.60;-0.85;-0.24
317504.00ms : 1.00;-0.08;-0.37;-1.22;-0.67;-0.37
317524.00ms : 0.99;-0.11;-0.37;-0.61;-0.06;0.12
317544.00ms : 0.99;-0.09;-0.36;-1.59;0.12;-0.73
317564.00ms : 1.01;-0.08;-0.37;-1.89;-0.67;-0.37
317584.00ms : 1.00;-0.12;-0.37;-2.38;-1.10;0.31
317604.00ms : 0.98;-0.10;-0.36;-3.36;-1.04;0.06
317624.00ms : 1.00;-0.08;-0.37;-2.87;-0.49;0.00
317644.00ms : 1.01;-0.10;-0.37;-3.78;-0.79;0.49
317664.00ms : 1.00;-0.11;-0.38;-4.88;-1.40;0.61
317684.00ms : 1.00;-0.11;-0.38;-4.58;-1.83;0.31
317704.00ms : 0.99;-0.08;-0.37;-3.66;-1.28;0.49
317724.00ms : 0.99;-0.08;-0.37;-2.99;-0.85;0.55
317744.00ms : 1.00;-0.08;-0.37;-2.56;-0.92;0.73
317764.00ms : 0.99;-0.08;-0.37;-1.40;-0.92;0.79
317784.00ms : 0.99;-0.07;-0.37;-0.24;-0.73;0.85
317804.00ms : 0.99;-0.08;-0.36;0.92;-0.43;0.31
317824.00ms : 0.99;-0.07;-0.37;0.55;-0.31;0.06
317844.00ms : 1.00;-0.08;-0.36;0.12;-0.49;0.12
317864.00ms : 1.00;-0.11;-0.36;-0.61;-0.67;0.61
317884.00ms : 1.00;-0.09;-0.36;-1.10;-0.43;0.06
317904.00ms : 1.00;-0.08;-0.37;-0.18;-0.37;0.24
317924.00ms : 1.00;-0.08;-0.37;0.24;-0.31;0.85
317944.00ms : 1.00;-0.09;-0.37;0.18;-0.12;0.37
317964.00ms : 0.99;-0.07;-0.37;0.31;0.18;-0.31
317984.00ms : 1.00;-0.08;-0.36;0.18;0.43;-0.12
318004.00ms : 0.99;-0.09;-0.36;-0.61;0.61;0.06
318024.00ms : 1.00;-0.11;-0.37;-2.26;0.79;-0.43
318044.00ms : 1.00;-0.11;-0.37;-4.70;0.37;-1.16
318064.00ms : 0.98;-0.07;-0.37;-5.31;0.79;-1.28
318084.00ms : 1.01;-0.06;-0.38;-4.03;0.61;-0.92
318104.00ms : 1.00;-0.08;-0.37;-2.62;0.43;-0.61
318124.00ms : 0.99;-0.08;-0.36;-2.69;1.28;-1.83
318144.00ms : 1.00;-0.08;-0.37;-3.85;1.59;-2.01
318164.00ms : 1.00;-0.09;-0.38;-4.09;1.10;-1.83
318184.00ms : 0.99;-0.11;-0.38;-3.54;0.92;-0.67
318204.00ms : 0.99;-0.10;-0.37;-2.56;1.16;-0.79
318224.00ms : 0.98;-0.07;-0.36;-1.59;2.99;-2.26
318244.00ms : 1.00;-0.05;-0.38;-2.08;2.87;-2.44
318264.00ms : 1.01;-0.09;-0.39;-1.53;2.26;-1.89
318284.00ms : 0.99;-0.12;-0.37;-2.08;2.01;-2.08
318304.00ms : 0.98;-0.10;-0.37;-5.13;2.75;-3.54
318324.00ms : 1.00;-0.07;-0.39;-6.90;3.36;-4.39
318344.00ms : 1.00;-0.07;-0.38;-5.62;3.48;-4.39
318364.00ms : 0.98;-0.06;-0.37;-3.85;4.15;-4.70
318384.00ms : 0.98;-0.06;-0.36;-2.99;5.13;-6.16
318404.00ms : 1.00;-0.08;-0.38;-4.15;6.65;-7.02
318424.00ms : 0.98;-0.09;-0.37;-5.80;7.20;-8.48
318444.00ms : 0.98;-0.10;-0.37;-7.57;8.18;-9.22
318464.00ms : 0.98;-0.08;-0.37;-8.54;9.95;-10.99
318484.00ms : 1.00;-0.05;-0.40;-6.90;9.77;-11.41
318504.00ms : 0.99;-0.06;-0.41;-2.20;10.31;-10.19
318524.00ms : 1.01;-0.10;-0.44;2.81;8.36;-8.12
318544.00ms : 0.99;-0.18;-0.41;5.80;7.93;-9.46
318564.00ms : 0.96;-0.18;-0.37;1.89;9.77;-7.75
318584.00ms : 0.99;-0.15;-0.39;-3.30;10.44;-6.96
318604.00ms : 1.01;-0.15;-0.41;-5.19;9.22;-7.14
318624.00ms : 0.99;-0.14;-0.40;-7.87;9.89;-8.91
318644.00ms : 0.96;-0.14;-0.37;-9.52;13.37;-11.78
318664.00ms : 0.98;-0.10;-0.43;-14.40;14.83;-13.43
318684.00ms : 0.98;-0.11;-0.41;-14.47;15.38;-12.76
318704.00ms : 0.98;-0.11;-0.40;-13.43;16.48;-10.93
318724.00ms : 0.97;-0.09;-0.43;-13.61;17.03;-13.73
318744.00ms : 0.96;-0.10;-0.42;-11.96;19.23;-18.13
318764.00ms : 0.96;-0.09;-0.46;-11.72;19.71;-16.72
318784.00ms : 0.99;-0.12;-0.47;-7.08;20.81;-14.89
318804.00ms : 1.00;-0.20;-0.49;-2.08;21.55;-15.08
318824.00ms : 0.95;-0.21;-0.45;-4.15;21.85;-19.17
318844.00ms : 0.94;-0.15;-0.50;-10.07;22.22;-22.58
318864.00ms : 0.99;-0.16;-0.52;-8.54;22.95;-22.52
318884.00ms : 1.00;-0.14;-0.53;-5.86;22.16;-18.62
318904.00ms : 0.97;-0.13;-0.52;-0.79;21.42;-20.32
318924.00ms : 0.93;-0.21;-0.53;2.26;22.71;-23.62
318944.00ms : 0.94;-0.25;-0.53;1.34;22.77;-23.68
318964.00ms : 0.98;-0.25;-0.58;0.98;22.03;-20.39
318984.00ms : 0.97;-0.21;-0.57;4.27;20.45;-18.86
319004.00ms : 0.96;-0.25;-0.54;8.85;19.41;-20.08
319024.00ms : 0.97;-0.27;-0.58;9.70;19.71;-18.98
319044.00ms : 0.95;-0.30;-0.57;9.34;20.26;-18.98
319064.00ms : 0.93;-0.31;-0.58;6.77;18.98;-18.43
319084.00ms : 0.95;-0.29;-0.62;2.26;18.13;-18.86
319104.00ms : 0.97;-0.28;-0.58;4.94;17.09;-19.04
319124.00ms : 0.94;-0.30;-0.58;6.10;16.17;-17.82
319144.00ms : 0.93;-0.29;-0.60;4.27;15.32;-18.92
319164.00ms : 0.96;-0.28;-0.68;4.15;15.87;-19.96
319184.00ms : 0.95;-0.32;-0.64;8.97;15.50;-17.88
319204.00ms : 0.95;-0.31;-0.55;6.65;11.41;-19.10
319224.00ms : 0.93;-0.33;-0.56;1.71;10.56;-23.62
319244.00ms : 0.96;-0.34;-0.69;-5.07;10.38;-23.80
319264.00ms : 0.98;-0.39;-0.76;-0.98;10.13;-20.08
319284.00ms : 0.91;-0.39;-0.68;1.71;6.41;-17.09
319304.00ms : 0.85;-0.38;-0.65;3.36;7.08;-16.91
319324.00ms : 0.89;-0.43;-0.65;0.43;15.63;-17.27
319344.00ms : 0.99;-0.41;-0.68;-2.81;14.16;-15.56
319364.00ms : 0.99;-0.31;-0.71;-2.93;4.21;-11.66
319384.00ms : 0.87;-0.36;-0.71;4.76;1.89;-15.50
319404.00ms : 0.90;-0.39;-0.75;6.47;8.67;-17.82
319424.00ms : 0.98;-0.35;-0.71;5.68;6.10;-15.38
319444.00ms : 0.96;-0.32;-0.74;8.36;-1.83;-18.13
319464.00ms : 0.85;-0.35;-0.66;13.73;-1.28;-19.29
319484.00ms : 0.85;-0.39;-0.63;9.40;5.74;-21.73
319504.00ms : 0.94;-0.39;-0.67;4.39;7.14;-23.01
319524.00ms : 0.93;-0.41;-0.60;4.15;3.97;-24.23
319544.00ms : 0.92;-0.41;-0.66;0.37;4.52;-24.78
319564.00ms : 0.94;-0.35;-0.65;2.69;8.85;-20.81
319584.00ms : 0.87;-0.42;-0.63;0.61;8.24;-23.32
319604.00ms : 0.90;-0.47;-0.71;-5.68;9.77;-23.01
319624.00ms : 1.06;-0.48;-0.80;-7.08;7.75;-11.96
319644.00ms : 1.08;-0.50;-0.85;-5.07;0.98;-8.79
319664.00ms : 0.96;-0.55;-0.78;-0.73;-5.19;-6.71
319684.00ms : 0.91;-0.65;-0.74;-0.43;-6.10;-10.86
319704.00ms : 0.81;-0.70;-0.81;-4.88;-15.56;-3.72
319724.00ms : 0.80;-0.70;-0.73;0.00;-16.97;-1.04
319744.00ms : 0.94;-0.72;-0.72;6.65;-18.43;5.43
319764.00ms : 0.98;-0.79;-0.69;8.48;-23.44;11.60
319784.00ms : 1.06;-0.82;-0.67;1.40;-26.55;20.94
319804.00ms : 1.16;-0.79;-0.68;-6.29;-33.20;24.23
319824.00ms : 1.22;-0.76;-0.77;-11.35;-41.32;28.26
319844.00ms : 1.25;-0.82;-0.85;-14.04;-46.08;37.54
319864.00ms : 1.32;-0.89;-0.78;-22.28;-48.77;50.05
319884.00ms : 1.40;-1.11;-0.87;-36.19;-55.60;67.75
319904.00ms : 1.50;-1.36;-0.94;-56.40;-72.08;92.83
319924.00ms : 1.71;-1.28;-0.91;-67.20;-96.56;118.16
319944.00ms : 1.94;-0.68;-0.59;-51.88;-130.07;144.53
319964.00ms : 1.69;-0.11;-0.34;-36.44;-159.30;161.44
319984.00ms : 1.06;-0.05;-0.43;-21.12;-159.67;158.20
320004.00ms : 0.60;0.26;-0.02;-24.17;-165.04;162.72
320024.00ms : -0.31;0.95;0.29;-45.17;-94.91;90.09
320044.00ms : -0.50;1.20;-0.93;-45.35;2.62;-14.71
320064.00ms : -0.25;1.14;-0.28;-4.88;24.35;-54.26
320084.00ms : 0.01;0.41;-0.48;4.39;57.25;-83.13
320104.00ms : 0.17;-0.02;-0.29;3.42;62.81;-86.12
320124.00ms : 0.21;-0.64;-0.32;3.42;56.70;-73.12
320144.00ms : 0.24;-0.60;-0.52;-24.72;6.47;-21.06
320164.00ms : 0.11;-0.27;-0.57;-27.04;-27.59;26.79
320184.00ms : -0.07;0.12;-0.44;-7.08;-25.63;58.72
320204.00ms : -0.10;0.23;-0.34;4.15;-14.71;62.74
320224.00ms : -0.01;0.18;-0.03;-19.53;-14.04;49.44
320244.00ms : 0.09;0.34;-0.30;-66.47;-6.77;24.05
320264.00ms : 0.04;0.57;-0.28;-60.85;10.07;-14.77
320284.00ms : -0.45;0.19;0.20;-12.08;74.52;-90.15
320304.00ms : 0.78;0.00;-0.39;57.62;93.02;-170.65
320324.00ms : 2.21;-0.33;-0.33;27.77;108.83;-181.15
320344.00ms : 3.62;0.34;-0.68;70.31;36.62;-84.96
320364.00ms : 1.41;0.27;-0.69;168.09;0.24;-10.74
320384.00ms : 1.43;-1.16;-0.87;162.23;71.41;-82.95
320404.00ms : 1.05;-1.71;-0.75;109.01;42.11;-47.91
320424.00ms : 0.51;-1.38;-0.69;-23.32;25.15;-5.31
320444.00ms : 1.13;0.07;-0.16;-77.58;28.81;-47.00
320464.00ms : 4.80;1.12;-0.79;58.04;61.40;-73.36
320484.00ms : 0.89;-0.60;-0.15;161.80;-56.76;23.74
320504.00ms : -0.36;-1.53;-0.45;106.75;58.35;25.27
320524.00ms : 0.28;-1.32;-0.75;-72.08;63.66;-21.61
320544.00ms : 0.98;-0.38;-0.69;-130.49;15.93;-71.96
320564.00ms : 1.62;0.17;-0.60;-48.10;17.82;-14.59
320584.00ms : 1.27;-0.07;-0.60;17.88;14.95;14.65
320604.00ms : 0.87;-0.35;-0.69;35.89;21.67;-14.22
320624.00ms : 0.73;-0.55;-0.61;22.22;13.61;-15.32
320644.00ms : 0.74;-0.40;-0.57;4.03;12.33;-8.06
320664.00ms : 0.88;-0.37;-0.55;6.29;26.25;-7.08
320684.00ms : 1.00;-0.49;-0.60;0.98;31.07;-7.14
320704.00ms : 1.03;-0.54;-0.65;-10.19;19.29;-8.42
320724.00ms : 0.93;-0.43;-0.59;-12.21;6.10;-9.77
320744.00ms : 0.88;-0.33;-0.72;-9.95;10.99;-11.11
320764.00ms : 0.88;-0.32;-0.78;5.13;20.26;-7.26
320784.00ms : 0.94;-0.42;-0.77;9.83;20.14;-6.90
320804.00ms : 1.03;-0.49;-0.64;6.84;9.34;-8.67
320824.00ms : 0.95;-0.46;-0.70;-3.54;-2.69;-7.69
320844.00ms : 0.82;-0.38;-0.72;2.56;-0.98;-1.53
320864.00ms : 0.89;-0.48;-0.68;16.11;10.68;-1.65
320884.00ms : 1.00;-0.53;-0.60;13.61;8.67;-2.20
320904.00ms : 0.99;-0.49;-0.74;1.04;-2.32;2.01
320924.00ms : 0.87;-0.38;-0.73;1.22;-5.62;5.07
320944.00ms : 0.85;-0.45;-0.67;7.63;1.16;3.30
320964.00ms : 0.95;-0.48;-0.70;2.32;0.92;5.68
320984.00ms : 1.00;-0.38;-0.69;1.71;-6.96;7.75
321004.00ms : 0.85;-0.40;-0.62;10.07;-8.73;6.16
321024.00ms : 0.85;-0.47;-0.60;10.25;2.38;7.81
321044.00ms : 0.98;-0.46;-0.66;1.34;0.55;10.68
321064.00ms : 0.91;-0.32;-0.62;1.34;-7.14;9.95
321084.00ms : 0.83;-0.44;-0.68;4.52;-0.12;5.13
321104.00ms : 0.97;-0.39;-0.67;-0.55;2.26;7.93
321124.00ms : 0.93;-0.33;-0.67;0.18;-5.07;7.14
321144.00ms : 0.85;-0.34;-0.63;7.20;-1.16;6.10
321164.00ms : 0.92;-0.40;-0.60;5.31;2.62;3.17
321184.00ms : 0.92;-0.35;-0.61;1.34;-0.49;3.48
321204.00ms : 0.89;-0.33;-0.65;4.09;0.79;3.60
321224.00ms : 0.89;-0.40;-0.67;7.14;4.70;4.52
321244.00ms : 0.94;-0.42;-0.66;2.20;3.36;2.56
321264.00ms : 0.96;-0.41;-0.72;0.18;0.43;2.99
321284.00ms : 0.93;-0.40;-0.71;3.60;-1.16;5.31
321304.00ms : 0.91;-0.45;-0.69;4.21;1.59;3.48
321324.00ms : 0.94;-0.47;-0.71;0.24;0.31;3.42
321344.00ms : 0.97;-0.46;-0.73;-2.56;-3.97;4.88
321364.00ms : 0.94;-0.43;-0.72;-2.56;-5.07;7.14
321384.00ms : 0.92;-0.44;-0.71;-1.10;-4.46;11.17
321404.00ms : 0.93;-0.44;-0.67;-2.14;-4.39;11.29
321424.00ms : 0.94;-0.43;-0.67;-5.37;-7.20;12.21
321444.00ms : 0.96;-0.41;-0.68;-6.47;-8.30;15.44
321464.00ms : 0.95;-0.40;-0.67;-6.04;-11.84;18.19
321484.00ms : 0.92;-0.40;-0.66;-6.77;-12.27;18.13
321504.00ms : 0.92;-0.39;-0.65;-10.31;-11.35;18.68
321524.00ms : 0.95;-0.35;-0.66;-14.04;-12.70;21.00
321544.00ms : 0.95;-0.32;-0.63;-12.88;-14.65;23.74
321564.00ms : 0.94;-0.35;-0.65;-10.38;-16.11;23.13
321584.00ms : 0.93;-0.33;-0.65;-9.77;-16.30;22.95
321604.00ms : 0.92;-0.32;-0.62;-10.13;-16.48;23.80
321624.00ms : 0.95;-0.32;-0.63;-10.93;-15.32;23.56
321644.00ms : 0.95;-0.32;-0.65;-12.70;-17.27;23.32
321664.00ms : 0.96;-0.34;-0.64;-13.85;-18.37;22.40
321684.00ms : 0.96;-0.29;-0.66;-17.70;-21.61;21.91
321704.00ms : 0.96;-0.25;-0.61;-16.24;-23.99;21.61
321724.00ms : 0.94;-0.25;-0.57;-12.70;-23.19;21.18
321744.00ms : 0.96;-0.23;-0.58;-10.99;-22.22;21.36
321764.00ms : 0.97;-0.25;-0.57;-8.00;-22.71;21.79
321784.00ms : 0.96;-0.25;-0.59;-8.48;-24.41;21.85
321804.00ms : 0.96;-0.20;-0.57;-8.12;-25.76;20.32
321824.00ms : 0.96;-0.15;-0.55;-5.62;-25.94;19.78
321844.00ms : 0.96;-0.15;-0.57;-1.95;-25.27;18.68
321864.00ms : 0.98;-0.18;-0.56;1.95;-26.00;19.04
321884.00ms : 0.99;-0.20;-0.54;3.66;-27.77;19.35
321904.00ms : 0.96;-0.16;-0.47;4.58;-29.24;17.15
321924.00ms : 0.94;-0.13;-0.47;5.86;-27.89;15.08
321944.00ms : 0.96;-0.12;-0.48;9.77;-25.70;14.71
321964.00ms : 0.98;-0.17;-0.47;13.67;-25.09;17.33
321984.00ms : 0.98;-0.22;-0.41;14.22;-24.48;16.91
322004.00ms : 0.94;-0.18;-0.42;9.70;-23.13;14.34
322024.00ms : 0.95;-0.10;-0.39;8.30;-20.81;11.41
322044.00ms : 0.97;-0.09;-0.41;9.46;-18.49;11.72
322064.00ms : 0.98;-0.13;-0.40;11.11;-16.54;12.57
322084.00ms : 0.96;-0.18;-0.34;9.34;-13.92;9.22
322104.00ms : 0.95;-0.17;-0.38;1.71;-12.76;7.87
322124.00ms : 0.99;-0.12;-0.46;-3.36;-12.63;7.20
322144.00ms : 1.01;-0.14;-0.46;1.59;-12.51;9.22
322164.00ms : 1.00;-0.15;-0.42;6.29;-12.39;9.70
322184.00ms : 0.97;-0.16;-0.40;6.10;-12.51;8.97
322204.00ms : 0.98;-0.16;-0.39;3.42;-11.96;8.00
322224.00ms : 1.00;-0.13;-0.41;0.18;-12.82;9.58
322244.00ms : 1.00;-0.18;-0.40;0.98;-11.29;10.19
322264.00ms : 1.02;-0.22;-0.39;-2.93;-10.01;10.68
322284.00ms : 1.00;-0.21;-0.38;-13.49;-10.74;8.67
322304.00ms : 0.97;-0.09;-0.42;-22.40;-13.85;6.04
322324.00ms : 0.97;0.01;-0.40;-15.44;-12.51;9.58
322344.00ms : 0.99;-0.03;-0.39;2.99;-9.64;12.82
322364.00ms : 0.98;-0.11;-0.37;13.49;-9.40;12.63
322384.00ms : 0.98;-0.09;-0.36;11.23;-10.13;9.03
322404.00ms : 0.99;-0.03;-0.35;8.42;-11.54;7.75
322424.00ms : 0.96;-0.02;-0.33;9.46;-6.84;8.12
322444.00ms : 0.98;-0.06;-0.32;12.63;-4.21;7.93
322464.00ms : 0.99;-0.10;-0.34;11.54;-4.39;3.54
322484.00ms : 0.99;-0.04;-0.36;9.89;-5.43;3.17
322504.00ms : 1.00;-0.07;-0.37;11.78;-3.66;4.21
322524.00ms : 1.00;-0.15;-0.38;12.21;-3.48;7.20
322544.00ms : 0.98;-0.17;-0.34;7.51;-3.85;6.96
322564.00ms : 0.97;-0.07;-0.32;2.75;-3.72;3.36
322584.00ms : 1.01;-0.01;-0.36;5.25;-3.36;3.23
322604.00ms : 1.00;-0.09;-0.37;11.54;-2.01;5.07
322624.00ms : 0.98;-0.16;-0.36;9.28;-1.22;6.04
322644.00ms : 0.97;-0.08;-0.35;4.27;-2.20;1.59
322664.00ms : 1.02;0.02;-0.38;8.79;-2.50;1.59
322684.00ms : 0.99;-0.06;-0.37;15.69;-0.31;3.97
322704.00ms : 0.98;-0.15;-0.34;12.45;0.12;5.07
322724.00ms : 0.98;-0.13;-0.35;4.09;-0.31;1.71
322744.00ms : 1.00;-0.07;-0.36;2.69;-0.67;-0.06
322764.00ms : 1.00;-0.11;-0.37;2.56;0.12;0.85
322784.00ms : 1.00;-0.13;-0.38;-3.05;-0.18;2.08
322804.00ms : 0.99;-0.06;-0.36;-5.80;-0.92;0.37
322824.00ms : 1.00;-0.06;-0.37;-2.99;-0.37;0.12
322844.00ms : 1.00;-0.10;-0.37;0.98;0.37;1.16
322864.00ms : 1.00;-0.11;-0.38;2.32;0.43;1.28
322884.00ms : 0.99;-0.08;-0.36;1.46;-0.37;0.55
322904.00ms : 1.00;-0.04;-0.37;2.56;-0.49;1.34
322924.00ms : 0.99;-0.06;-0.36;4.46;0.55;1.71
322944.00ms : 0.99;-0.12;-0.38;3.97;1.16;2.01
322964.00ms : 1.00;-0.11;-0.37;-0.55;0.49;0.43
322984.00ms : 1.01;-0.07;-0.38;-3.48;-0.98;0.24
323004.00ms : 1.00;-0.07;-0.38;-2.50;-0.98;1.04
323024.00ms : 0.99;-0.10;-0.38;-1.10;0.31;1.16
323044.00ms : 0.99;-0.10;-0.36;-2.56;0.85;0.24
323064.00ms : 1.00;-0.06;-0.38;-4.33;-0.24;-0.18
323084.00ms : 0.99;-0.05;-0.39;-3.66;-0.43;0.00
323104.00ms : 1.00;-0.08;-0.37;-1.34;-0.12;0.55
323124.00ms : 0.99;-0.13;-0.37;-0.37;0.79;0.55
323144.00ms : 1.00;-0.12;-0.37;-2.38;-0.37;0.37
323164.00ms : 0.99;-0.07;-0.39;-2.69;0.12;0.67
323184.00ms : 1.00;-0.05;-0.39;-1.10;0.24;1.04
323204.00ms : 0.99;-0.09;-0.38;-0.12;0.31;1.83
323224.00ms : 1.00;-0.14;-0.37;-3.91;0.85;1.40
323244.00ms : 1.01;-0.10;-0.39;-7.08;-0.37;0.55
323264.00ms : 1.00;-0.06;-0.39;-6.16;-0.61;0.73
323284.00ms : 1.00;-0.05;-0.39;-2.62;-1.22;1.83
323304.00ms : 1.00;-0.10;-0.38;-0.67;-0.49;2.26
323324.00ms : 0.98;-0.09;-0.36;-1.22;-0.24;1.71
323344.00ms : 0.99;-0.02;-0.38;-1.59;-0.31;0.24
323364.00ms : 1.01;-0.03;-0.40;0.85;-0.92;1.34
323384.00ms : 1.00;-0.14;-0.38;0.79;-1.40;3.30
323404.00ms : 0.98;-0.15;-0.37;-4.70;-0.92;2.08
323424.00ms : 1.01;-0.04;-0.39;-5.13;-1.28;1.34
323444.00ms : 1.02;-0.03;-0.40;-0.43;-2.20;2.14
323464.00ms : 1.00;-0.09;-0.38;1.16;-2.62;3.17
323484.00ms : 0.97;-0.10;-0.36;-1.16;-1.40;2.20
323504.00ms : 1.00;-0.03;-0.37;-2.62;-0.79;1.40
323524.00ms : 1.01;0.00;-0.38;1.22;-0.98;0.61
323544.00ms : 1.00;-0.04;-0.37;4.64;-0.92;1.10
323564.00ms : 0.99;-0.07;-0.37;4.64;-0.85;0.85
323584.00ms : 0.99;-0.08;-0.38;3.23;0.00;0.06
323604.00ms : 1.00;-0.09;-0.38;1.46;-0.06;0.24
323624.00ms : 1.01;-0.10;-0.38;0.00;-0.79;0.18
323644.00ms : 0.99;-0.06;-0.38;0.06;-0.85;-0.31
323664.00ms : 1.00;-0.04;-0.38;2.08;-0.61;0.18
323684.00ms : 1.00;-0.09;-0.39;3.72;-0.61;0.61
323704.00ms : 1.00;-0.10;-0.37;1.04;-0.85;0.43
323724.00ms : 1.00;-0.08;-0.37;-0.92;-0.92;-0.12
323744.00ms : 1.01;-0.07;-0.37;-1.16;-1.22;0.31
323764.00ms : 1.00;-0.09;-0.38;-0.18;-1.28;1.22
323784.00ms : 1.00;-0.09;-0.38;-0.06;-1.34;1.22
323804.00ms : 1.00;-0.07;-0.38;0.43;-1.16;1.04
323824.00ms : 1.00;-0.06;-0.38;-0.12;-0.79;1.22
323844.00ms : 1.00;-0.08;-0.38;-1.46;-0.92;0.98
323864.00ms : 1.00;-0.09;-0.38;-2.87;-1.34;0.98
323884.00ms : 1.00;-0.07;-0.39;-2.20;-1.95;0.79
323904.00ms : 1.00;-0.07;-0.38;-0.43;-1.28;1.22
323924.00ms : 1.00;-0.10;-0.37;-2.20;-1.28;0.85
323944.00ms : 1.00;-0.09;-0.38;-4.33;-1.16;0.73
323964.00ms : 1.00;-0.06;-0.38;-3.78;-1.77;0.73
323984.00ms : 1.00;-0.05;-0.38;-1.28;-1.65;1.65
324004.00ms : 1.00;-0.08;-0.37;-2.20;-1.22;2.38
324024.00ms : 0.99;-0.06;-0.36;-4.39;-1.04;1.04
324044.00ms : 1.00;-0.04;-0.38;-3.48;-0.85;0.37
324064.00ms : 1.00;-0.05;-0.39;-0.67;-1.65;0.98
324084.00ms : 0.99;-0.08;-0.37;-0.31;-1.77;1.71
324104.00ms : 0.99;-0.07;-0.36;-2.08;-0.79;1.53
324124.00ms : 1.00;-0.04;-0.37;-1.77;-1.34;0.79
324144.00ms : 1.00;-0.06;-0.38;-0.73;-1.28;0.92
324164.00ms : 1.00;-0.07;-0.38;-0.85;-1.34;1.77
324184.00ms : 0.99;-0.06;-0.37;-1.28;-1.46;0.85
324204.00ms : 1.00;-0.04;-0.38;-0.24;-1.22;0.43
324224.00ms : 1.00;-0.05;-0.38;0.79;-1.59;0.98
324244.00ms : 1.00;-0.07;-0.37;0.67;-2.50;1.77
324264.00ms : 0.99;-0.07;-0.38;0.18;-2.32;1.59
324284.00ms : 0.99;-0.06;-0.37;0.85;-1.46;1.34
324304.00ms : 1.00;-0.04;-0.37;0.85;-0.55;1.22
324324.00ms : 1.01;-0.05;-0.38;0.92;-0.92;0.79
324344.00ms : 0.99;-0.06;-0.37;1.16;-1.04;0.79
324364.00ms : 0.98;-0.05;-0.36;0.55;0.43;-0.49
324384.00ms : 1.00;-0.03;-0.37;0.31;0.85;-0.98
324404.00ms : 1.00;-0.05;-0.37;2.14;0.92;-1.10
324424.00ms : 0.98;-0.04;-0.37;2.75;0.55;-1.46
324444.00ms : 0.99;-0.03;-0.35;2.69;1.46;-2.62
324464.00ms : 0.99;-0.03;-0.37;2.01;2.75;-3.05
324484.00ms : 1.00;-0.05;-0.37;1.46;2.81;-3.36
324504.00ms : 1.00;-0.06;-0.37;0.55;3.42;-4.76
324524.00ms : 0.99;-0.07;-0.37;-1.71;3.72;-6.23
324544.00ms : 0.99;-0.05;-0.37;-6.16;5.25;-8.06
324564.00ms : 1.00;-0.05;-0.37;-11.11;5.80;-10.25
324584.00ms : 1.00;-0.09;-0.36;-15.44;6.10;-10.99
324604.00ms : 0.99;-0.17;-0.38;-19.71;5.31;-8.97
324624.00ms : 0.99;-0.16;-0.39;-24.90;4.88;-8.54
324644.00ms : 1.00;-0.08;-0.39;-25.45;3.30;-9.09
324664.00ms : 0.99;-0.02;-0.39;-18.19;3.97;-8.30
324684.00ms : 0.98;0.00;-0.38;-10.44;6.71;-8.79
324704.00ms : 1.00;-0.01;-0.39;-3.23;6.90;-7.81
324724.00ms : 0.99;-0.03;-0.38;0.67;7.20;-8.00
324744.00ms : 0.98;-0.07;-0.37;2.01;8.97;-8.73
324764.00ms : 0.97;-0.09;-0.38;-0.24;10.13;-10.01
324784.00ms : 1.00;-0.11;-0.40;-4.03;9.77;-9.83
324804.00ms : 1.00;-0.11;-0.43;-6.35;8.73;-10.44
324824.00ms : 0.99;-0.07;-0.43;-4.27;7.69;-10.50
324844.00ms : 1.00;-0.08;-0.44;2.44;8.42;-10.13
324864.00ms : 1.00;-0.13;-0.42;6.53;9.28;-8.73
324884.00ms : 0.99;-0.17;-0.39;3.60;9.46;-9.09
324904.00ms : 0.98;-0.14;-0.40;-5.31;11.35;-12.76
324924.00ms : 1.00;-0.09;-0.45;-8.48;9.28;-13.00
324944.00ms : 0.98;-0.09;-0.43;-4.15;9.77;-10.56
324964.00ms : 0.98;-0.13;-0.41;-1.34;13.18;-11.41
324984.00ms : 0.97;-0.17;-0.40;-5.92;14.22;-16.36
325004.00ms : 0.97;-0.14;-0.45;-13.79;13.61;-17.94
325024.00ms : 1.00;-0.11;-0.47;-13.06;12.88;-15.63
325044.00ms : 0.97;-0.09;-0.47;-8.85;14.22;-13.37
325064.00ms : 0.97;-0.14;-0.42;-2.26;16.91;-16.78
325084.00ms : 0.96;-0.16;-0.44;-3.72;16.97;-18.37
325104.00ms : 0.98;-0.14;-0.51;-4.21;15.75;-17.40
325124.00ms : 1.00;-0.17;-0.53;0.06;15.69;-14.83
325144.00ms : 0.99;-0.19;-0.50;3.05;14.65;-14.47
325164.00ms : 0.96;-0.22;-0.53;2.32;14.53;-15.56
325184.00ms : 0.98;-0.25;-0.52;0.79;15.26;-16.11
325204.00ms : 0.99;-0.23;-0.51;-1.89;13.37;-14.16
325224.00ms : 1.00;-0.19;-0.50;-0.49;13.37;-15.63
325244.00ms : 0.97;-0.18;-0.51;2.20;14.04;-16.48
325264.00ms : 0.95;-0.24;-0.51;4.46;16.17;-15.56
325284.00ms : 0.96;-0.27;-0.50;1.95;17.40;-14.71
325304.00ms : 0.97;-0.25;-0.52;-2.93;16.91;-14.77
325324.00ms : 0.99;-0.18;-0.58;-5.00;14.16;-15.87
325344.00ms : 0.97;-0.20;-0.57;1.65;15.87;-15.63
325364.00ms : 0.94;-0.27;-0.54;6.16;15.93;-14.16
325384.00ms : 0.96;-0.26;-0.56;3.17;15.69;-15.63
325404.00ms : 0.98;-0.19;-0.58;0.06;14.47;-17.64
325424.00ms : 0.96;-0.23;-0.60;4.52;15.44;-16.78
325444.00ms : 0.94;-0.29;-0.56;8.24;15.81;-14.71
325464.00ms : 0.93;-0.30;-0.52;5.31;15.87;-14.04
325484.00ms : 0.95;-0.30;-0.57;-0.73;15.63;-16.97
325504.00ms : 0.98;-0.23;-0.65;-1.59;14.22;-17.40
325524.00ms : 0.98;-0.22;-0.60;7.75;9.52;-14.71
325544.00ms : 0.92;-0.33;-0.60;12.82;13.31;-15.99
325564.00ms : 0.90;-0.35;-0.56;7.39;15.20;-18.92
325584.00ms : 0.96;-0.31;-0.64;-2.08;15.08;-18.68
325604.00ms : 0.99;-0.22;-0.59;-0.24;7.39;-14.40
325624.00ms : 0.95;-0.29;-0.65;5.49;4.94;-17.46
325644.00ms : 0.91;-0.33;-0.62;6.10;5.13;-21.91
325664.00ms : 0.91;-0.35;-0.68;2.62;9.52;-21.85
325684.00ms : 0.96;-0.38;-0.74;1.40;7.26;-16.97
325704.00ms : 0.96;-0.36;-0.67;4.94;3.60;-11.54
325724.00ms : 0.89;-0.42;-0.63;6.47;1.77;-13.79
325744.00ms : 0.91;-0.45;-0.63;1.95;8.79;-14.95
325764.00ms : 0.97;-0.43;-0.67;-4.82;7.51;-12.51
325784.00ms : 0.95;-0.39;-0.71;-2.32;2.50;-10.68
325804.00ms : 0.94;-0.41;-0.71;5.74;2.26;-8.54
325824.00ms : 0.92;-0.43;-0.67;5.55;2.56;-8.91
325844.00ms : 0.94;-0.42;-0.69;2.26;3.85;-9.28
325864.00ms : 0.96;-0.40;-0.67;0.79;0.31;-7.39
325884.00ms : 0.92;-0.41;-0.66;4.09;-1.89;-7.14
325904.00ms : 0.91;-0.38;-0.65;4.33;-0.18;-5.80
325924.00ms : 0.88;-0.37;-0.57;5.68;0.98;-5.74
325944.00ms : 0.89;-0.34;-0.60;2.56;5.49;-8.73
325964.00ms : 0.95;-0.35;-0.67;2.44;4.76;-5.98
325984.00ms : 0.87;-0.33;-0.58;5.19;3.11;-8.24
326004.00ms : 0.86;-0.37;-0.63;4.21;9.40;-10.44
326024.00ms : 0.94;-0.36;-0.66;-0.85;8.67;-8.48
326044.00ms : 0.87;-0.32;-0.66;-0.98;5.13;-11.60
326064.00ms : 0.90;-0.30;-0.69;2.93;8.42;-12.88
326084.00ms : 0.92;-0.35;-0.69;7.32;5.19;-11.96
326104.00ms : 0.88;-0.42;-0.66;5.86;6.84;-16.24
326124.00ms : 0.92;-0.42;-0.67;-0.85;7.02;-15.32
326144.00ms : 0.95;-0.45;-0.73;-2.81;1.04;-13.43
326164.00ms : 0.91;-0.48;-0.71;-3.11;-1.89;-10.19
326184.00ms : 0.89;-0.51;-0.73;-5.37;1.10;-10.07
326204.00ms : 0.98;-0.47;-0.84;-5.00;-3.17;-5.62
326224.00ms : 1.02;-0.52;-0.78;2.87;-4.82;-4.88
326244.00ms : 1.08;-0.56;-0.78;7.02;-8.61;-0.98
326264.00ms : 1.04;-0.64;-0.74;6.71;-13.00;-0.06
326284.00ms : 0.99;-0.69;-0.64;3.11;-17.40;0.92
326304.00ms : 1.09;-0.72;-0.66;-7.75;-19.41;8.48
326324.00ms : 1.18;-0.75;-0.67;-19.71;-21.00;16.78
326344.00ms : 1.16;-0.83;-0.72;-32.29;-24.66;23.86
326364.00ms : 1.17;-0.85;-0.74;-43.33;-22.46;30.33
326384.00ms : 1.26;-0.94;-0.79;-57.13;-24.96;44.92
326404.00ms : 1.42;-1.11;-0.92;-76.48;-32.04;63.60
326424.00ms : 1.57;-1.31;-1.12;-94.73;-56.21;83.44
326444.00ms : 1.70;-1.38;-1.35;-98.33;-91.13;103.09
326464.00ms : 1.80;-1.00;-1.07;-62.93;-135.80;140.56
326484.00ms : 1.86;-0.58;-0.64;-22.58;-175.29;180.24
326504.00ms : 1.35;-0.18;-0.18;-0.55;-195.19;200.38
326524.00ms : 0.93;0.69;0.22;12.57;-188.23;193.42
326544.00ms : -0.43;1.50;1.27;-38.82;-85.45;76.66
326564.00ms : -0.94;1.68;-1.07;-3.66;48.40;-74.58
326584.00ms : -0.16;1.30;-0.29;34.30;63.42;-72.14
326604.00ms : 0.02;0.25;-0.53;65.67;81.60;-102.11
326624.00ms : 0.16;-0.22;-0.43;69.64;79.41;-102.60
326644.00ms : 0.29;-0.92;-0.45;55.66;63.54;-79.83
326664.00ms : 0.26;-1.06;-0.52;-7.26;1.83;-1.28
326684.00ms : 0.03;-0.58;-0.47;-59.33;-40.95;42.30
326704.00ms : -0.10;-0.11;-0.39;-74.58;-39.86;63.29
326724.00ms : -0.13;0.18;-0.23;-84.72;-38.27;74.34
326744.00ms : -0.06;0.40;-0.28;-91.13;-31.49;53.34
326764.00ms : 0.10;0.63;-0.16;-73.00;-29.42;33.87
326784.00ms : -0.01;0.71;-0.28;-34.42;-13.55;10.19
326804.00ms : -0.15;0.65;-0.20;-18.92;4.52;-27.40
326824.00ms : -0.52;1.04;1.10;6.53;39.61;-77.27
326844.00ms : 0.32;0.17;-0.85;81.60;81.42;-174.56
326864.00ms : 2.08;-0.49;0.34;90.82;159.36;-256.84
326884.00ms : 4.39;-0.51;-0.79;65.25;78.49;-132.93
326904.00ms : 1.41;-0.59;-1.30;55.48;3.48;-23.74
326924.00ms : 0.25;-1.39;-0.86;49.74;66.77;-42.72
326944.00ms : 1.42;-2.02;-0.82;35.71;99.61;-47.85
326964.00ms : 1.79;-1.00;-1.04;-25.45;43.21;-68.48
326984.00ms : 2.57;0.35;-0.01;-19.04;-10.07;-69.21
327004.00ms : 1.93;0.08;-1.02;105.71;-13.79;61.77
327024.00ms : 0.31;-1.16;-0.49;169.13;13.67;10.31
327044.00ms : -0.03;-1.31;-0.63;42.30;34.24;12.08
327064.00ms : 0.55;-0.76;-0.65;-72.33;20.02;-43.52
327084.00ms : 1.25;-0.26;-0.63;-97.23;13.31;-57.86
327104.00ms : 1.55;0.04;-0.35;-21.61;-1.95;34.73
327124.00ms : 0.88;-0.19;-0.43;24.48;7.45;3.97
327144.00ms : 0.65;-0.42;-0.48;35.83;20.94;-23.80
327164.00ms : 0.78;-0.51;-0.54;5.92;22.40;-16.72
327184.00ms : 0.97;-0.38;-0.61;-7.26;22.52;-9.95
327204.00ms : 0.96;-0.45;-0.67;-2.32;20.20;-6.77
327224.00ms : 0.85;-0.48;-0.74;-10.44;13.73;-6.04
327244.00ms : 0.82;-0.40;-0.62;-9.70;12.08;-12.82
327264.00ms : 0.97;-0.30;-0.63;0.79;11.60;-19.41
327284.00ms : 1.03;-0.37;-0.74;21.12;9.83;-8.73
327304.00ms : 0.90;-0.49;-0.78;30.58;5.68;-1.65
327324.00ms : 0.84;-0.56;-0.68;25.70;5.98;-7.14
327344.00ms : 0.95;-0.53;-0.49;13.12;8.12;-12.70
327364.00ms : 0.91;-0.56;-0.52;-0.67;6.90;-9.52
327384.00ms : 0.90;-0.52;-0.61;-3.66;11.60;-0.49
327404.00ms : 0.85;-0.52;-0.61;2.56;7.87;1.22
327424.00ms : 0.83;-0.46;-0.58;5.80;11.47;-5.25
327444.00ms : 0.92;-0.48;-0.60;4.33;16.24;-2.32
327464.00ms : 0.93;-0.45;-0.71;-2.38;14.28;1.59
327484.00ms : 0.95;-0.40;-0.73;-1.89;11.78;2.81
327504.00ms : 0.88;-0.40;-0.73;3.23;7.14;0.61
327524.00ms : 0.80;-0.43;-0.70;6.90;10.50;0.24
327544.00ms : 0.86;-0.42;-0.71;8.36;11.96;2.87
327564.00ms : 0.89;-0.44;-0.75;10.74;5.49;3.85
327584.00ms : 0.91;-0.42;-0.82;11.54;-0.73;2.08
327604.00ms : 0.85;-0.41;-0.76;18.80;-4.64;2.01
327624.00ms : 0.90;-0.47;-0.70;18.98;2.20;0.12
327644.00ms : 1.02;-0.48;-0.70;12.08;-1.28;4.46
327664.00ms : 0.92;-0.48;-0.69;8.06;-6.84;2.75
327684.00ms : 0.85;-0.50;-0.64;8.12;-3.23;1.95
327704.00ms : 0.86;-0.52;-0.67;5.13;0.31;6.04
327724.00ms : 0.91;-0.52;-0.65;1.40;1.59;7.08
327744.00ms : 0.96;-0.44;-0.70;0.92;-2.69;8.06
327764.00ms : 0.90;-0.47;-0.70;3.60;-0.61;6.90
327784.00ms : 0.91;-0.49;-0.70;3.48;-0.43;10.62
327804.00ms : 0.91;-0.50;-0.72;-1.53;-1.83;10.93
327824.00ms : 0.91;-0.45;-0.71;-4.27;-4.82;12.63
327844.00ms : 0.90;-0.42;-0.68;-4.58;-4.94;13.06
327864.00ms : 0.89;-0.41;-0.69;-5.31;-3.23;13.92
327884.00ms : 0.92;-0.41;-0.73;-7.26;-4.03;13.73
327904.00ms : 0.91;-0.40;-0.72;-7.08;-8.30;15.32
327924.00ms : 0.89;-0.38;-0.67;-6.04;-8.48;14.53
327944.00ms : 0.91;-0.39;-0.66;-8.12;-5.49;13.18
327964.00ms : 0.92;-0.39;-0.68;-10.13;-6.77;13.67
327984.00ms : 0.90;-0.39;-0.69;-9.40;-7.75;14.65
328004.00ms : 0.90;-0.38;-0.69;-6.47;-6.65;14.28
328024.00ms : 0.91;-0.36;-0.70;-5.86;-3.97;13.31
328044.00ms : 0.93;-0.34;-0.68;-7.02;-5.13;13.98
328064.00ms : 0.92;-0.33;-0.67;-8.61;-7.20;12.88
328084.00ms : 0.90;-0.30;-0.66;-8.61;-8.18;12.21
328104.00ms : 0.91;-0.33;-0.65;-4.76;-6.71;14.04
328124.00ms : 0.93;-0.34;-0.65;-5.86;-6.53;14.40
328144.00ms : 0.92;-0.32;-0.63;-5.74;-7.51;12.57
328164.00ms : 0.92;-0.32;-0.65;-6.59;-7.02;11.47
328184.00ms : 0.93;-0.34;-0.67;-6.23;-6.84;12.76
328204.00ms : 0.93;-0.36;-0.65;-5.55;-7.81;12.82
328224.00ms : 0.95;-0.34;-0.68;-7.81;-10.56;11.72
328244.00ms : 0.95;-0.28;-0.68;-6.90;-12.57;11.05
328264.00ms : 0.94;-0.31;-0.67;-1.83;-12.70;11.41
328284.00ms : 0.94;-0.35;-0.67;-0.31;-13.67;11.96
328304.00ms : 0.95;-0.35;-0.63;-1.59;-15.93;13.18
328324.00ms : 0.94;-0.33;-0.60;-4.52;-16.85;11.41
328344.00ms : 0.94;-0.28;-0.62;-5.07;-16.24;10.62
328364.00ms : 0.95;-0.30;-0.63;-2.01;-14.28;12.82
328384.00ms : 0.97;-0.35;-0.65;0.18;-16.24;14.40
328404.00ms : 0.95;-0.36;-0.61;0.24;-19.23;15.50
328424.00ms : 0.93;-0.31;-0.57;-2.69;-20.08;13.31
328444.00ms : 0.94;-0.25;-0.59;-4.39;-18.13;11.29
328464.00ms : 0.98;-0.25;-0.62;-0.37;-17.33;14.04
328484.00ms : 0.98;-0.30;-0.60;4.03;-17.76;17.70
328504.00ms : 0.96;-0.34;-0.56;1.95;-21.00;17.27
328524.00ms : 0.94;-0.28;-0.55;-4.09;-21.91;13.73
328544.00ms : 0.96;-0.23;-0.56;-4.70;-20.94;12.94
328564.00ms : 0.99;-0.25;-0.59;-0.12;-19.35;17.03
328584.00ms : 0.99;-0.27;-0.60;3.17;-22.22;19.84
328604.00ms : 0.97;-0.26;-0.55;5.07;-23.93;18.19
328624.00ms : 0.93;-0.25;-0.49;3.91;-23.38;14.53
328644.00ms : 0.94;-0.21;-0.49;0.67;-20.81;11.78
328664.00ms : 0.99;-0.20;-0.52;-0.12;-20.14;14.10
328684.00ms : 0.99;-0.22;-0.54;2.32;-20.87;17.27
328704.00ms : 0.96;-0.23;-0.48;4.39;-20.39;14.22
328724.00ms : 0.95;-0.24;-0.44;2.56;-20.20;10.56
328744.00ms : 0.94;-0.21;-0.48;-1.40;-19.04;10.19
328764.00ms : 0.99;-0.17;-0.49;-0.49;-18.62;12.33
328784.00ms : 0.97;-0.14;-0.45;3.30;-19.04;13.98
328804.00ms : 0.95;-0.11;-0.47;6.59;-18.13;10.56
328824.00ms : 0.97;-0.14;-0.48;8.91;-15.44;7.63
328844.00ms : 0.98;-0.17;-0.44;8.67;-14.77;7.51
328864.00ms : 0.98;-0.21;-0.41;6.47;-13.92;7.69
328884.00ms : 0.97;-0.23;-0.41;2.69;-12.94;7.57
328904.00ms : 0.98;-0.20;-0.42;-0.73;-12.57;5.80
328924.00ms : 0.99;-0.15;-0.48;-1.10;-12.51;7.08
328944.00ms : 0.99;-0.17;-0.45;4.33;-11.41;7.39
328964.00ms : 0.98;-0.23;-0.44;5.80;-11.35;9.52
328984.00ms : 1.00;-0.23;-0.41;3.05;-12.08;10.13
329004.00ms : 0.98;-0.16;-0.42;0.61;-13.37;9.16
329024.00ms : 0.98;-0.09;-0.44;4.15;-13.18;9.22
329044.00ms : 0.99;-0.09;-0.44;12.82;-11.23;10.50
329064.00ms : 0.99;-0.14;-0.40;16.91;-9.58;12.21
329084.00ms : 0.98;-0.17;-0.38;15.99;-9.40;10.50
329104.00ms : 0.97;-0.16;-0.38;13.43;-8.24;10.19
329124.00ms : 0.97;-0.16;-0.36;11.54;-6.47;9.16
329144.00ms : 0.98;-0.14;-0.38;7.51;-4.88;8.06
329164.00ms : 1.00;-0.11;-0.41;5.31;-5.31;8.42
329184.00ms : 0.98;-0.08;-0.40;6.04;-5.55;7.75
329204.00ms : 0.97;-0.10;-0.37;9.09;-3.30;5.62
329224.00ms : 0.96;-0.10;-0.37;6.10;-1.71;3.78
329244.00ms : 1.00;-0.10;-0.41;2.56;-2.62;1.40
329264.00ms : 1.01;-0.14;-0.44;1.83;-4.09;3.54
329284.00ms : 0.98;-0.19;-0.40;0.06;-3.30;4.46
329304.00ms : 0.98;-0.16;-0.38;-2.26;-3.30;4.15
329324.00ms : 0.99;-0.13;-0.38;-2.75;-1.89;2.56
329344.00ms : 1.01;-0.11;-0.43;-2.14;-1.65;2.08
329364.00ms : 1.00;-0.09;-0.43;1.65;-3.23;3.66
329384.00ms : 0.99;-0.14;-0.41;4.82;-1.28;2.87
329404.00ms : 0.99;-0.17;-0.38;2.87;-1.83;2.50
329424.00ms : 1.00;-0.16;-0.43;-1.71;-2.75;3.11
329444.00ms : 1.01;-0.13;-0.44;-2.01;-4.46;4.09
329464.00ms : 0.99;-0.12;-0.41;1.04;-5.19;5.74
329484.00ms : 0.97;-0.16;-0.38;1.95;-2.62;5.31
329504.00ms : 1.00;-0.17;-0.38;-2.99;-2.75;4.58
329524.00ms : 1.00;-0.11;-0.42;-6.59;-4.09;4.03
329544.00ms : 0.99;-0.05;-0.40;-4.39;-4.21;4.03
329564.00ms : 0.96;-0.04;-0.38;-0.24;-1.34;2.32
329584.00ms : 1.00;-0.05;-0.40;1.59;-0.79;1.16
329604.00ms : 1.02;-0.14;-0.40;2.26;-1.77;0.92
329624.00ms : 0.99;-0.15;-0.40;1.28;-2.62;1.04
329644.00ms : 1.00;-0.09;-0.40;3.11;-1.22;0.12
329664.00ms : 1.01;-0.09;-0.40;4.58;-1.16;1.10
329684.00ms : 0.99;-0.14;-0.40;4.46;-1.10;1.59
329704.00ms : 1.01;-0.13;-0.42;4.03;-1.89;2.20
329724.00ms : 0.99;-0.13;-0.40;6.84;-1.71;1.28
329744.00ms : 0.98;-0.08;-0.39;4.70;-0.67;1.04
329764.00ms : 1.00;-0.11;-0.41;2.93;-1.16;1.04
329784.00ms : 1.01;-0.16;-0.41;1.40;-2.38;1.83
329804.00ms : 0.99;-0.16;-0.40;-0.55;-2.56;0.24
329824.00ms : 0.98;-0.06;-0.40;-1.83;-2.50;-0.24
329844.00ms : 1.01;-0.09;-0.40;0.18;-1.95;0.12
329864.00ms : 1.00;-0.17;-0.40;-1.10;-2.75;1.34
329884.00ms : 1.00;-0.17;-0.40;-2.75;-3.11;0.37
329904.00ms : 1.00;-0.10;-0.41;-2.20;-3.11;0.18
329924.00ms : 1.00;-0.11;-0.40;-0.79;-3.05;1.16
329944.00ms : 1.00;-0.13;-0.39;-1.10;-3.11;2.38
329964.00ms : 0.99;-0.13;-0.39;-0.55;-2.93;1.83
329984.00ms : 0.99;-0.08;-0.39;0.49;-2.75;1.40
330004.00ms : 0.99;-0.08;-0.39;2.93;-2.50;1.89
330024.00ms : 0.99;-0.12;-0.38;3.54;-1.59;2.56
330044.00ms : 1.00;-0.12;-0.40;2.99;-2.44;2.14
330064.00ms : 1.00;-0.11;-0.41;3.30;-2.93;1.04
330084.00ms : 1.00;-0.09;-0.39;3.97;-3.11;2.38
330104.00ms : 0.99;-0.13;-0.39;3.23;-2.26;3.05
330124.00ms : 0.99;-0.13;-0.39;0.67;-2.87;2.50
330144.00ms : 1.01;-0.08;-0.39;1.40;-3.23;2.14
330164.00ms : 1.00;-0.08;-0.40;5.37;-3.60;2.99
330184.00ms : 1.00;-0.12;-0.40;7.87;-3.60;4.03
330204.00ms : 0.99;-0.14;-0.38;6.47;-2.93;4.52
330224.00ms : 0.98;-0.09;-0.38;4.46;-3.05;4.09
330244.00ms : 1.00;-0.04;-0.38;7.45;-3.36;3.85
330264.00ms : 0.99;-0.05;-0.38;10.31;-2.99;3.36
330284.00ms : 0.98;-0.10;-0.37;8.73;-1.28;3.42
330304.00ms : 1.00;-0.12;-0.38;3.60;-2.20;2.38
330324.00ms : 0.99;-0.12;-0.38;0.92;-2.50;2.01
330344.00ms : 0.99;-0.06;-0.39;3.78;-2.20;1.65
330364.00ms : 1.00;-0.06;-0.39;7.69;-1.53;1.40
330384.00ms : 1.01;-0.14;-0.38;5.37;-1.77;2.20
330404.00ms : 0.98;-0.15;-0.38;-0.85;-1.83;2.44
330424.00ms : 0.99;-0.08;-0.39;-3.60;-2.08;0.61
330444.00ms : 1.02;-0.06;-0.40;0.06;-2.99;1.77
330464.00ms : 1.00;-0.13;-0.39;1.53;-2.38;3.17
330484.00ms : 0.99;-0.14;-0.37;-2.08;-2.75;2.32
330504.00ms : 0.99;-0.07;-0.39;-2.62;-2.75;1.65
330524.00ms : 1.00;-0.04;-0.39;0.37;-2.32;2.14
330544.00ms : 1.00;-0.07;-0.39;3.23;-2.20;2.87
330564.00ms : 0.99;-0.12;-0.36;1.77;-1.65;2.20
330584.00ms : 1.00;-0.09;-0.37;-1.22;-1.40;0.92
330604.00ms : 1.01;-0.07;-0.39;-0.24;-1.59;1.34
330624.00ms : 1.00;-0.09;-0.39;0.61;-2.38;1.77
330644.00ms : 1.00;-0.09;-0.39;1.10;-2.38;1.71
330664.00ms : 1.00;-0.10;-0.37;-0.67;-2.44;1.40
330684.00ms : 1.00;-0.11;-0.37;-2.01;-2.50;1.95
330704.00ms : 1.00;-0.09;-0.37;-3.36;-2.75;1.83
330724.00ms : 0.99;-0.06;-0.39;-2.08;-2.62;1.34
330744.00ms : 1.00;-0.06;-0.38;-0.24;-2.87;1.95
330764.00ms : 0.99;-0.07;-0.38;1.34;-2.44;1.89
330784.00ms : 0.99;-0.07;-0.37;2.20;-1.83;1.10
330804.00ms : 1.00;-0.08;-0.38;2.69;-1.95;1.34
330824.00ms : 1.00;-0.10;-0.38;1.40;-2.32;1.28
330844.00ms : 0.99;-0.06;-0.37;1.28;-2.32;0.31
330864.00ms : 1.00;-0.05;-0.37;3.60;-2.26;0.67
330884.00ms : 1.00;-0.09;-0.37;4.21;-2.01;0.92
330904.00ms : 0.99;-0.09;-0.37;3.17;-1.77;0.12
330924.00ms : 0.99;-0.07;-0.36;2.69;-1.89;-0.24
330944.00ms : 1.00;-0.06;-0.37;3.78;-1.53;-0.12
330964.00ms : 1.00;-0.07;-0.38;5.13;-2.08;0.37
330984.00ms : 0.99;-0.11;-0.37;4.15;-1.83;0.24
331004.00ms : 0.99;-0.10;-0.38;1.10;-1.89;-0.61
331024.00ms : 1.00;-0.08;-0.38;-0.61;-2.08;-0.73
331044.00ms : 1.00;-0.09;-0.37;-0.98;-1.89;0.00
331064.00ms : 0.99;-0.08;-0.37;-0.92;-1.77;-0.18
331084.00ms : 0.99;-0.07;-0.37;-0.06;-1.65;-1.34
331104.00ms : 0.99;-0.09;-0.36;-1.53;-1.71;-1.22
331124.00ms : 1.00;-0.09;-0.37;-3.05;-1.34;-0.55
331144.00ms : 1.00;-0.10;-0.37;-4.09;-2.26;-0.79
331164.00ms : 0.99;-0.08;-0.37;-2.56;-0.98;-0.73
331184.00ms : 1.00;-0.05;-0.38;-0.61;-0.85;-1.77
331204.00ms : 1.00;-0.08;-0.37;-0.06;-1.83;-0.49
331224.00ms : 1.00;-0.12;-0.37;-2.99;-2.44;-0.12
331244.00ms : 0.99;-0.10;-0.36;-5.74;-2.50;-0.61
331264.00ms : 1.00;-0.08;-0.37;-5.55;-1.89;-1.34
331284.00ms : 0.99;-0.06;-0.38;-4.64;-1.28;-1.40
331304.00ms : 0.99;-0.06;-0.36;-3.54;-1.65;-0.98
331324.00ms : 0.99;-0.09;-0.36;-2.99;-0.55;-1.53
331344.00ms : 1.00;-0.12;-0.35;-6.41;-0.12;-2.38
331364.00ms : 1.01;-0.11;-0.37;-10.19;-1.22;-1.77
331384.00ms : 1.00;-0.10;-0.38;-10.07;-1.04;-1.71
331404.00ms : 1.01;-0.09;-0.39;-7.93;-1.28;-1.59
331424.00ms : 1.00;-0.08;-0.38;-5.74;-1.65;-1.04
331444.00ms : 1.00;-0.10;-0.37;-5.37;-2.75;-0.67
331464.00ms : 0.99;-0.09;-0.36;-6.77;-2.62;-1.04
331484.00ms : 0.99;-0.07;-0.37;-5.31;-2.26;-0.92
331504.00ms : 0.99;-0.05;-0.35;-1.95;-0.92;-0.92
331524.00ms : 1.00;-0.09;-0.35;-1.65;-0.43;-1.04
331544.00ms : 1.00;-0.09;-0.37;-2.75;-0.67;-1.28
331564.00ms : 1.00;-0.11;-0.37;-4.46;-0.85;-1.46
331584.00ms : 0.99;-0.12;-0.37;-6.84;-0.55;-1.77
331604.00ms : 1.00;-0.12;-0.37;-10.74;-1.40;-1.95
331624.00ms : 1.00;-0.11;-0.37;-13.67;-1.71;-1.83
331644.00ms : 0.99;-0.07;-0.37;-14.53;-2.08;-2.26
331664.00ms : 0.99;-0.07;-0.37;-12.82;-1.71;-2.26
331684.00ms : 1.00;-0.09;-0.37;-11.60;-1.34;-2.56
331704.00ms : 1.01;-0.09;-0.36;-10.07;-3.17;-2.08
331724.00ms : 0.99;-0.10;-0.36;-7.08;-2.44;-1.71
331744.00ms : 0.99;-0.11;-0.36;-6.29;-1.71;-1.28
331764.00ms : 1.00;-0.11;-0.36;-5.98;-2.08;-0.18
331784.00ms : 0.99;-0.07;-0.37;-2.14;-1.71;-0.12
331804.00ms : 1.00;-0.07;-0.36;2.38;-1.34;-0.24
331824.00ms : 1.00;-0.12;-0.35;2.81;-0.55;0.49
331844.00ms : 1.00;-0.13;-0.35;-0.85;-1.04;1.04
331864.00ms : 0.99;-0.09;-0.37;-0.12;-1.22;0.49
331884.00ms : 0.99;-0.07;-0.36;2.14;-1.65;0.92
331904.00ms : 1.00;-0.10;-0.36;1.53;-2.81;2.32
331924.00ms : 0.99;-0.11;-0.37;-1.77;-1.34;1.22
331944.00ms : 1.00;-0.08;-0.36;-1.71;-1.10;-0.61
331964.00ms : 1.00;-0.07;-0.37;1.10;-1.16;-0.92
331984.00ms : 0.99;-0.10;-0.36;1.04;-0.55;-0.37
332004.00ms : 1.00;-0.12;-0.37;-0.98;-0.92;0.49
332024.00ms : 1.00;-0.11;-0.37;-1.22;-1.40;-0.18
332044.00ms : 1.00;-0.08;-0.37;-0.06;-1.46;0.18
332064.00ms : 1.00;-0.09;-0.36;0.73;-1.16;0.37
332084.00ms : 0.99;-0.10;-0.36;-0.92;-0.67;-0.24
332104.00ms : 0.99;-0.08;-0.35;-3.72;-0.49;-1.10
332124.00ms : 1.01;-0.09;-0.36;-5.37;-0.24;-2.44
332144.00ms : 1.00;-0.09;-0.37;-4.94;-0.31;-4.46
332164.00ms : 1.00;-0.12;-0.38;-3.91;-0.18;-5.43
332184.00ms : 1.00;-0.15;-0.36;-5.00;-1.71;-2.50
332204.00ms : 0.99;-0.12;-0.36;-8.85;-2.44;-0.79
332224.00ms : 1.00;-0.09;-0.36;-9.28;-2.56;-0.61
332244.00ms : 0.99;-0.08;-0.36;-7.02;-2.38;-1.34
332264.00ms : 0.99;-0.07;-0.36;-3.11;-1.95;-1.71
332284.00ms : 0.99;-0.07;-0.36;-0.31;-2.08;-0.73
332304.00ms : 1.00;-0.07;-0.36;0.73;-2.20;0.18
332324.00ms : 0.98;-0.08;-0.35;1.89;-1.53;-0.06
332344.00ms : 0.99;-0.10;-0.36;3.54;-0.85;0.06
332364.00ms : 0.99;-0.10;-0.35;5.00;-0.55;-0.12
332384.00ms : 1.00;-0.08;-0.36;5.62;-0.61;-0.79
332404.00ms : 1.00;-0.10;-0.36;5.62;-0.67;0.00
332424.00ms : 0.99;-0.11;-0.36;5.68;-0.79;0.49
332444.00ms : 0.99;-0.11;-0.36;4.94;-0.43;-0.24
332464.00ms : 1.00;-0.10;-0.36;3.91;-0.73;0.06
332484.00ms : 1.00;-0.10;-0.37;3.60;-1.04;-0.31
332504.00ms : 1.00;-0.10;-0.36;4.33;-1.04;-0.31
332524.00ms : 0.99;-0.13;-0.36;3.72;-0.79;0.12
332544.00ms : 0.99;-0.11;-0.35;1.40;-0.73;-0.49
332564.00ms : 0.99;-0.09;-0.36;1.16;-0.98;-0.49
332584.00ms : 1.00;-0.09;-0.37;2.93;-1.59;0.73
332604.00ms : 0.99;-0.11;-0.35;4.21;-0.98;0.55
332624.00ms : 0.99;-0.11;-0.35;3.30;-0.24;-0.49
332644.00ms : 1.00;-0.10;-0.36;1.28;-0.55;-0.55
332664.00ms : 1.00;-0.11;-0.37;0.37;-1.40;0.31
332684.00ms : 0.99;-0.10;-0.37;1.77;-1.71;0.73
332704.00ms : 0.99;-0.11;-0.36;2.75;-0.61;0.37
332724.00ms : 1.00;-0.12;-0.35;0.98;-0.37;-0.49
332744.00ms : 1.00;-0.11;-0.36;-0.92;-1.22;-0.06
332764.00ms : 0.99;-0.09;-0.37;0.61;-1.46;0.67
332784.00ms : 1.00;-0.09;-0.35;3.66;-0.92;0.24
332804.00ms : 0.99;-0.11;-0.35;3.36;-0.43;0.00
332824.00ms : 0.99;-0.12;-0.36;0.73;-0.92;0.00
332844.00ms : 0.99;-0.10;-0.37;0.73;-1.10;0.49
332864.00ms : 1.00;-0.11;-0.37;2.32;-1.59;0.31
332884.00ms : 0.99;-0.11;-0.35;2.44;-0.85;0.12
332904.00ms : 0.99;-0.11;-0.36;0.24;-0.49;-0.92
332924.00ms : 1.00;-0.10;-0.37;-1.10;-0.92;-0.85
332944.00ms : 1.00;-0.10;-0.37;-0.43;-1.59;0.24
332964.00ms : 0.99;-0.11;-0.35;0.79;-1.34;0.37
332984.00ms : 0.98;-0.11;-0.35;-0.31;-0.37;-0.18
333004.00ms : 1.00;-0.10;-0.36;-1.53;-0.31;-0.73
333024.00ms : 0.99;-0.10;-0.37;-1.22;-0.79;-0.43
333044.00ms : 1.00;-0.09;-0.37;0.24;-1.10;-0.31
333064.00ms : 1.00;-0.10;-0.36;0.79;-0.92;-0.18
333084.00ms : 0.99;-0.13;-0.35;-1.22;-0.67;0.06
333104.00ms : 0.99;-0.11;-0.35;-3.23;-1.10;-0.18
333124.00ms : 0.99;-0.08;-0.36;-2.14;-1.04;-0.37
333144.00ms : 1.00;-0.08;-0.36;-0.61;-1.22;-0.06
333164.00ms : 0.99;-0.12;-0.36;-0.55;-1.46;-0.06
333184.00ms : 0.99;-0.12;-0.35;-2.32;-0.73;-0.24
333204.00ms : 1.00;-0.10;-0.37;-2.14;-1.04;-0.55
333224.00ms : 1.00;-0.10;-0.36;-1.40;-0.92;-0.24
333244.00ms : 0.99;-0.12;-0.36;-0.79;-1.10;-0.18
333264.00ms : 0.99;-0.12;-0.37;-1.71;-0.55;0.00
333284.00ms : 1.00;-0.10;-0.36;-2.08;-0.61;-0.06
333304.00ms : 0.99;-0.10;-0.36;-1.28;-0.92;-0.31
333324.00ms : 1.00;-0.10;-0.36;-0.43;-1.22;0.06
333344.00ms : 1.00;-0.11;-0.36;-0.85;-1.22;-0.06
333364.00ms : 0.99;-0.11;-0.36;-1.40;-0.73;-0.37
333384.00ms : 0.99;-0.10;-0.36;-1.34;-0.43;-0.31
333404.00ms : 1.00;-0.09;-0.36;0.55;-0.67;-0.31
333424.00ms : 0.99;-0.10;-0.36;1.04;-0.67;-0.18
333444.00ms : 1.00;-0.12;-0.36;-0.37;-0.49;-0.06
333464.00ms : 1.00;-0.12;-0.37;-1.83;-0.61;-0.37
333484.00ms : 0.99;-0.09;-0.36;0.00;-0.31;-0.24
333504.00ms : 1.00;-0.10;-0.36;1.46;-0.67;-0.37
333524.00ms : 1.00;-0.12;-0.36;0.43;-0.49;0.31
333544.00ms : 0.99;-0.11;-0.36;-0.55;-0.24;-0.06
333564.00ms : 1.00;-0.10;-0.37;-0.37;-0.24;0.24
333584.00ms : 1.00;-0.11;-0.36;-0.18;-0.79;-0.12
333604.00ms : 0.99;-0.12;-0.35;-1.10;-0.73;0.24
333624.00ms : 0.99;-0.11;-0.37;-2.38;-0.73;0.12
333644.00ms : 0.99;-0.11;-0.37;-1.71;-0.73;-0.06
333664.00ms : 0.99;-0.10;-0.36;-0.73;-0.24;-0.85
333684.00ms : 0.99;-0.09;-0.36;0.00;-0.06;-0.67
333704.00ms : 0.99;-0.10;-0.37;0.37;0.37;-0.43
333724.00ms : 1.00;-0.11;-0.37;0.18;-0.24;-0.37
333744.00ms : 1.00;-0.11;-0.37;0.06;-1.28;-0.37
333764.00ms : 1.00;-0.11;-0.37;1.04;-0.79;-0.37
333784.00ms : 0.99;-0.12;-0.36;0.92;-0.92;0.24
333804.00ms : 0.99;-0.11;-0.36;-0.43;-0.85;0.12
333824.00ms : 1.00;-0.09;-0.36;-0.18;-0.49;-0.18
333844.00ms : 1.00;-0.10;-0.37;0.37;-1.16;-0.31
333864.00ms : 0.99;-0.11;-0.36;0.06;-1.10;0.00
333884.00ms : 0.99;-0.12;-0.37;-0.18;-0.85;-0.06
333904.00ms : 1.00;-0.11;-0.37;-0.18;-0.79;-0.37
333924.00ms : 0.99;-0.12;-0.36;-0.79;-1.04;0.00
333944.00ms : 1.00;-0.12;-0.37;-1.34;-1.16;-0.37
333964.00ms : 0.99;-0.11;-0.36;-1.65;-1.16;0.12
333984.00ms : 0.99;-0.09;-0.37;-1.28;-0.98;0.00
334004.00ms : 1.00;-0.11;-0.36;-0.55;-1.16;0.31
334024.00ms : 0.99;-0.13;-0.37;-0.79;-1.40;0.06
334044.00ms : 0.99;-0.12;-0.36;-0.98;-1.22;-0.12
334064.00ms : 1.00;-0.10;-0.36;-1.10;-1.04;0.24
334084.00ms : 0.99;-0.11;-0.37;-1.59;-1.04;0.73
334104.00ms : 0.99;-0.12;-0.36;-2.26;-0.98;0.61
334124.00ms : 1.00;-0.10;-0.35;-2.44;0.12;0.43
334144.00ms : 1.00;-0.10;-0.36;-2.56;-0.49;0.55
334164.00ms : 1.00;-0.11;-0.37;-2.14;-0.73;0.61
334184.00ms : 1.00;-0.11;-0.36;-2.20;-1.46;0.43
334204.00ms : 0.99;-0.10;-0.36;-1.40;-1.34;0.79
334224.00ms : 0.99;-0.10;-0.36;-0.61;-0.67;0.49
334244.00ms : 1.00;-0.09;-0.36;-0.43;-1.04;-0.12
334264.00ms : 0.99;-0.09;-0.37;1.04;-1.10;0.18
334284.00ms : 0.99;-0.11;-0.36;1.59;-1.04;0.18
334304.00ms : 1.00;-0.11;-0.36;0.61;-0.92;-0.61
334324.00ms : 1.00;-0.11;-0.36;0.18;-1.40;-0.12
334344.00ms : 0.99;-0.09;-0.36;0.92;-0.98;0.12
334364.00ms : 0.99;-0.09;-0.35;1.83;-0.55;-0.12
334384.00ms : 1.00;-0.10;-0.37;1.10;-0.98;0.24
334404.00ms : 1.00;-0.11;-0.36;0.67;-0.73;-0.12
334424.00ms : 0.99;-0.10;-0.37;1.22;-0.98;0.00
334444.00ms : 1.00;-0.12;-0.37;2.56;-0.37;0.06
334464.00ms : 1.00;-0.13;-0.37;1.77;-0.92;0.37
334484.00ms : 1.00;-0.12;-0.36;-0.12;-0.98;0.12
334504.00ms : 1.00;-0.10;-0.37;-0.31;-1.53;0.37
334524.00ms : 0.99;-0.10;-0.37;1.04;-0.61;0.31
334544.00ms : 1.00;-0.12;-0.36;1.16;-0.61;0.18
334564.00ms : 0.99;-0.11;-0.36;0.12;-0.55;0.12
334584.00ms : 1.00;-0.10;-0.37;0.18;-0.61;0.24
334604.00ms : 0.99;-0.09;-0.37;0.98;-1.16;0.43
334624.00ms : 1.00;-0.12;-0.36;2.01;-0.73;0.73
334644.00ms : 1.00;-0.13;-0.36;0.12;-0.85;0.67
334664.00ms : 0.99;-0.11;-0.36;-1.22;-0.85;0.43
334684.00ms : 0.99;-0.09;-0.37;-0.31;-0.79;0.43
334704.00ms : 1.00;-0.10;-0.37;0.67;-1.34;0.24
334724.00ms : 0.99;-0.11;-0.37;0.79;-0.67;0.37
334744.00ms : 1.00;-0.12;-0.36;-0.31;-1.10;0.24
334764.00ms : 1.00;-0.11;-0.36;-1.10;-1.16;0.31
334784.00ms : 1.00;-0.11;-0.37;-0.85;-0.92;-0.12
334804.00ms : 0.99;-0.10;-0.37;-0.43;-1.28;0.24
334824.00ms : 1.00;-0.10;-0.37;-0.18;-0.98;0.31
334844.00ms : 1.00;-0.11;-0.36;-0.98;-1.34;0.55
334864.00ms : 0.99;-0.11;-0.36;-1.53;-1.53;0.79
334884.00ms : 0.99;-0.10;-0.36;-0.79;-0.85;0.06
334904.00ms : 1.00;-0.09;-0.37;0.12;-0.92;0.06
334924.00ms : 1.00;-0.11;-0.37;0.49;-1.04;0.37
334944.00ms : 1.00;-0.12;-0.37;-1.04;-1.22;0.49
334964.00ms : 0.99;-0.12;-0.36;-1.34;-1.10;0.24
334984.00ms : 1.00;-0.11;-0.37;-1.22;-0.79;0.61
335004.00ms : 1.00;-0.11;-0.36;-1.46;-1.10;0.79
335024.00ms : 0.99;-0.10;-0.36;-2.20;-1.46;0.24
335044.00ms : 0.99;-0.10;-0.36;-2.32;-0.79;0.67
335064.00ms : 1.00;-0.09;-0.37;-1.10;-0.67;0.18
335084.00ms : 0.99;-0.09;-0.36;0.24;-0.61;0.24
335104.00ms : 1.00;-0.10;-0.38;0.85;-1.04;0.06
335124.00ms : 0.99;-0.10;-0.37;0.85;-0.98;0.37
335144.00ms : 0.99;-0.10;-0.37;0.85;-0.92;0.00
335164.00ms : 0.99;-0.11;-0.37;1.22;-0.43;0.00
335184.00ms : 0.99;-0.11;-0.37;1.16;-0.73;0.18
