741694.00ms : 0.35;-0.17;-0.28;-22.28;10.50;-0.55
741714.00ms : 1.20;-0.38;-0.20;-11.05;9.58;-11.17
741734.00ms : 0.94;-0.30;-0.29;-9.77;3.11;-3.23
741754.00ms : 0.88;-0.32;-0.28;-9.95;4.58;4.21
741774.00ms : 0.98;-0.34;-0.27;-16.05;4.27;-5.80
741794.00ms : 0.95;-0.33;-0.30;-15.01;2.20;1.22
741814.00ms : 0.93;-0.36;-0.27;-11.54;-1.10;4.27
741834.00ms : 0.90;-0.30;-0.28;-13.37;0.79;-5.49
741854.00ms : 0.97;-0.31;-0.29;-8.30;-0.37;-2.69
741874.00ms : 0.95;-0.29;-0.24;-7.81;-5.55;5.92
741894.00ms : 0.92;-0.29;-0.28;-7.93;1.83;-9.16
741914.00ms : 0.98;-0.31;-0.27;-5.13;-1.04;-6.84
741934.00ms : 0.93;-0.34;-0.27;-5.00;-0.92;-7.81
741954.00ms : 0.93;-0.35;-0.26;-4.70;-0.79;-8.06
741974.00ms : 0.93;-0.35;-0.27;-3.36;-3.60;-8.12
741994.00ms : 0.95;-0.35;-0.27;1.16;-4.52;-7.87
742014.00ms : 0.94;-0.34;-0.25;3.78;-7.02;-6.59
742034.00ms : 0.94;-0.36;-0.25;2.62;-7.45;-5.00
742054.00ms : 0.95;-0.35;-0.22;3.78;-6.59;-5.31
742074.00ms : 0.96;-0.36;-0.21;4.03;-5.37;-8.12
742094.00ms : 0.96;-0.37;-0.24;2.81;-3.30;-12.51
742114.00ms : 0.95;-0.35;-0.23;1.04;-1.71;-16.91
742134.00ms : 0.96;-0.32;-0.20;-0.49;-0.61;-18.86
742154.00ms : 0.99;-0.35;-0.21;1.71;-1.83;-20.69
742174.00ms : 1.00;-0.31;-0.22;5.55;-2.93;-21.55
742194.00ms : 1.01;-0.31;-0.20;8.73;-3.30;-21.30
742214.00ms : 0.97;-0.30;-0.22;9.09;-1.77;-19.41
742234.00ms : 0.96;-0.42;-0.30;7.45;5.43;-23.07
742254.00ms : 0.90;-0.50;-0.29;0.12;11.41;-27.34
742274.00ms : 0.94;-0.44;-0.33;-8.48;18.49;-25.57
742294.00ms : 0.92;-0.40;-0.31;-13.24;24.54;-24.66
742314.00ms : 0.90;-0.43;-0.32;-7.45;27.59;-29.54
742334.00ms : 0.98;-0.41;-0.26;-1.22;27.28;-31.19
742354.00ms : 1.00;-0.34;-0.19;7.81;14.89;-28.81
742374.00ms : 0.97;-0.36;-0.21;21.61;0.85;-23.19
742394.00ms : 0.93;-0.42;-0.25;32.29;-3.30;-20.51
742414.00ms : 0.91;-0.47;-0.26;32.84;-0.43;-18.55
742434.00ms : 0.90;-0.53;-0.25;24.84;4.21;-19.23
742454.00ms : 0.90;-0.54;-0.27;14.16;8.54;-19.78
742474.00ms : 0.93;-0.55;-0.28;5.62;11.72;-21.06
742494.00ms : 0.96;-0.53;-0.34;-0.98;13.24;-20.32
742514.00ms : 0.98;-0.55;-0.31;-2.44;13.61;-20.81
742534.00ms : 0.96;-0.52;-0.34;-1.04;14.34;-16.42
742554.00ms : 0.95;-0.54;-0.34;0.55;15.50;-15.20
742574.00ms : 0.95;-0.55;-0.38;3.11;15.44;-13.31
742594.00ms : 0.93;-0.54;-0.38;7.14;13.61;-8.42
742614.00ms : 0.93;-0.57;-0.39;12.08;13.00;-5.13
742634.00ms : 0.90;-0.66;-0.51;35.16;10.31;-2.87
742654.00ms : 0.86;-0.57;-0.42;19.29;6.53;-0.18
742674.00ms : 0.86;-0.63;-0.42;19.59;8.73;-0.43
742694.00ms : 0.85;-0.64;-0.45;16.72;9.16;-0.18
742714.00ms : 0.86;-0.60;-0.43;13.92;8.18;-2.14
742734.00ms : 0.92;-0.58;-0.44;16.11;7.32;0.43
742754.00ms : 0.94;-0.57;-0.48;17.88;2.75;3.97
742774.00ms : 0.98;-0.51;-0.50;21.79;-1.95;11.96
742794.00ms : 1.02;-0.52;-0.52;28.93;-5.31;18.07
742814.00ms : 1.00;-0.51;-0.50;34.24;-8.67;24.05
742834.00ms : 0.99;-0.51;-0.51;37.48;-7.39;30.58
742854.00ms : 1.02;-0.54;-0.50;35.89;-2.32;32.96
742874.00ms : 1.00;-0.51;-0.50;37.48;-1.89;39.49
742894.00ms : 1.00;-0.49;-0.53;38.02;2.62;48.40
742914.00ms : 0.99;-0.52;-0.53;36.80;4.15;55.66
742934.00ms : 0.98;-0.52;-0.55;34.97;7.32;62.26
742954.00ms : 0.93;-0.43;-0.52;36.13;5.13;72.51
742974.00ms : 0.92;-0.44;-0.58;35.03;7.02;82.82
742994.00ms : 0.89;-0.43;-0.55;32.84;8.48;86.98
743014.00ms : 0.89;-0.38;-0.56;31.74;8.42;93.63
743034.00ms : 0.88;-0.34;-0.54;32.90;6.90;100.77
743054.00ms : 0.87;-0.24;-0.51;40.77;-0.79;114.20
743074.00ms : 0.90;-0.30;-0.58;40.22;0.12;120.61
743094.00ms : 0.89;-0.29;-0.51;37.35;-0.31;116.76
743114.00ms : 0.87;-0.29;-0.56;29.17;3.17;114.32
743134.00ms : 0.86;-0.20;-0.44;25.27;2.75;111.15
743154.00ms : 0.87;-0.09;-0.49;22.40;-4.33;120.54
743174.00ms : 0.93;-0.14;-0.49;17.64;-4.21;118.77
743194.00ms : 0.95;-0.09;-0.47;14.89;-7.32;115.30
743214.00ms : 0.90;-0.05;-0.48;13.37;-7.20;113.10
743234.00ms : 0.91;0.06;-0.43;15.69;-12.76;116.33
743254.00ms : 0.95;0.09;-0.49;16.05;-15.81;120.36
743274.00ms : 0.99;0.05;-0.42;14.04;-10.99;107.85
743294.00ms : 0.95;0.16;-0.42;17.09;-20.45;107.36
743314.00ms : 0.93;0.20;-0.44;11.72;-14.77;109.19
743334.00ms : 0.96;0.25;-0.38;9.58;-20.87;107.12
743354.00ms : 0.94;0.33;-0.49;9.77;-26.98;113.10
743374.00ms : 0.98;0.23;-0.42;5.13;-17.46;100.95
743394.00ms : 0.98;0.33;-0.42;1.04;-27.16;94.85
743414.00ms : 0.96;0.46;-0.46;-0.85;-32.59;103.33
743434.00ms : 0.92;0.44;-0.47;2.08;-37.60;111.33
743454.00ms : 0.87;0.35;-0.43;5.00;-36.07;106.51
743474.00ms : 0.82;0.35;-0.43;-1.83;-36.93;96.25
743494.00ms : 0.78;0.46;-0.42;-12.33;-33.69;94.60
743514.00ms : 0.77;0.50;-0.41;-19.29;-33.81;100.16
743534.00ms : 0.75;0.47;-0.41;-20.81;-35.89;101.01
743554.00ms : 0.68;0.44;-0.41;-23.62;-33.75;96.74
743574.00ms : 0.64;0.45;-0.43;-31.49;-29.66;89.54
743594.00ms : 0.63;0.52;-0.45;-38.82;-29.97;84.41
743614.00ms : 0.61;0.58;-0.43;-36.93;-32.53;84.29
743634.00ms : 0.59;0.54;-0.39;-21.30;-33.39;81.97
743654.00ms : 0.56;0.50;-0.44;-22.03;-36.13;72.20
743674.00ms : 0.52;0.49;-0.47;-19.78;-38.82;66.53
743694.00ms : 0.50;0.51;-0.47;-19.96;-40.04;57.68
743714.00ms : 0.53;0.56;-0.41;-15.44;-42.72;50.72
743734.00ms : 0.51;0.58;-0.42;-9.28;-43.33;43.70
743754.00ms : 0.48;0.58;-0.36;-3.97;-34.79;31.01
743774.00ms : 0.52;0.61;-0.38;-0.79;-32.04;22.22
743794.00ms : 0.53;0.58;-0.44;2.99;-33.63;19.41
743814.00ms : 0.49;0.56;-0.43;8.24;-39.25;15.75
743834.00ms : 0.49;0.67;-0.34;17.09;-39.92;11.96
743854.00ms : 0.52;0.70;-0.29;24.78;-33.87;5.68
743874.00ms : 0.56;0.68;-0.35;28.56;-31.37;-3.42
743894.00ms : 0.55;0.67;-0.32;30.70;-28.20;-10.68
743914.00ms : 0.56;0.67;-0.28;33.45;-27.83;-16.05
743934.00ms : 0.59;0.67;-0.26;35.40;-25.09;-20.87
743954.00ms : 0.61;0.68;-0.21;31.07;-20.63;-29.79
743974.00ms : 0.63;0.69;-0.15;28.56;-17.33;-27.71
743994.00ms : 0.64;0.69;-0.19;23.44;-13.43;-31.92
744014.00ms : 0.69;0.77;-0.16;22.64;-13.43;-36.01
744034.00ms : 0.69;0.78;-0.15;25.82;-11.05;-33.26
744054.00ms : 0.64;0.69;-0.15;26.61;-7.93;-32.65
744074.00ms : 0.67;0.72;-0.13;21.18;-6.16;-32.10
744094.00ms : 0.72;0.68;-0.11;13.98;-5.55;-31.56
744114.00ms : 0.75;0.74;-0.12;10.44;-6.23;-31.07
744134.00ms : 0.69;0.73;-0.12;9.70;-0.12;-31.37
744154.00ms : 0.70;0.70;-0.10;4.64;4.52;-34.55
744174.00ms : 0.71;0.70;-0.11;1.28;3.97;-33.39
744194.00ms : 0.71;0.72;-0.12;2.62;0.37;-31.25
744214.00ms : 0.67;0.64;-0.11;4.03;-0.06;-31.19
744234.00ms : 0.71;0.61;-0.13;0.55;-0.12;-34.18
744254.00ms : 0.75;0.62;-0.12;0.06;-0.85;-31.31
744274.00ms : 0.73;0.55;-0.16;-1.53;-0.12;-32.35
744294.00ms : 0.73;0.55;-0.15;-3.48;-0.06;-35.03
744314.00ms : 0.76;0.58;-0.15;-7.26;2.93;-40.28
744334.00ms : 0.79;0.63;-0.13;-6.10;3.54;-40.95
744354.00ms : 0.79;0.66;-0.17;0.55;2.01;-40.34
744374.00ms : 0.77;0.55;-0.18;6.29;0.12;-41.20
744394.00ms : 0.80;0.56;-0.13;7.08;-1.83;-40.53
744414.00ms : 0.84;0.62;-0.13;8.54;-0.98;-40.53
744434.00ms : 0.78;0.53;-0.18;9.28;2.01;-41.50
744454.00ms : 0.75;0.38;-0.21;3.17;2.20;-41.87
744474.00ms : 0.82;0.41;-0.15;-4.09;0.92;-42.18
744494.00ms : 0.89;0.57;-0.17;-6.47;-0.24;-45.41
744514.00ms : 0.84;0.53;-0.11;0.31;0.43;-43.33
744534.00ms : 0.81;0.44;-0.14;-5.07;3.60;-48.46
744554.00ms : 0.85;0.42;-0.15;-10.68;3.05;-47.67
744574.00ms : 0.88;0.52;-0.16;-11.60;-1.22;-43.46
744594.00ms : 0.89;0.56;-0.14;-4.15;-1.89;-40.16
744614.00ms : 0.91;0.49;-0.14;0.55;-2.20;-42.66
744634.00ms : 0.92;0.47;-0.15;0.49;-4.15;-41.93
744654.00ms : 0.88;0.41;-0.16;-0.61;-5.86;-39.00
744674.00ms : 0.93;0.46;-0.18;-3.05;-2.62;-38.45
744694.00ms : 0.92;0.44;-0.18;-4.21;0.12;-38.82
744714.00ms : 0.89;0.35;-0.19;-6.84;-1.10;-35.89
744734.00ms : 0.85;0.31;-0.18;-8.73;-5.25;-32.04
744754.00ms : 0.89;0.41;-0.20;-8.79;-5.62;-31.80
744774.00ms : 0.93;0.43;-0.17;-6.16;-2.32;-33.94
744794.00ms : 0.90;0.35;-0.17;-6.41;-1.34;-35.10
744814.00ms : 0.87;0.30;-0.18;-9.16;-1.16;-35.95
744834.00ms : 0.92;0.33;-0.17;-10.80;-1.10;-38.70
744854.00ms : 0.98;0.30;-0.18;-10.80;0.92;-39.12
744874.00ms : 0.94;0.24;-0.17;-18.62;4.82;-38.88
744894.00ms : 0.91;0.26;-0.19;-22.46;1.40;-36.80
744914.00ms : 0.92;0.36;-0.22;-21.00;-0.85;-33.02
744934.00ms : 1.00;0.33;-0.21;-16.78;-1.10;-27.22
744954.00ms : 1.02;0.27;-0.19;-13.24;-0.73;-26.67
744974.00ms : 0.99;0.25;-0.20;-13.73;0.18;-26.55
744994.00ms : 0.94;0.24;-0.21;-12.45;-0.12;-27.47
745014.00ms : 0.96;0.27;-0.22;-7.75;-1.04;-26.92
745034.00ms : 0.98;0.22;-0.22;-3.48;1.10;-25.27
745054.00ms : 0.96;0.18;-0.23;-2.08;1.53;-26.86
745074.00ms : 0.93;0.19;-0.21;1.71;0.55;-28.56
745094.00ms : 0.95;0.22;-0.19;7.63;-1.77;-29.42
745114.00ms : 0.98;0.20;-0.18;10.99;-2.93;-28.69
745134.00ms : 0.94;0.15;-0.20;10.56;-2.14;-29.42
745154.00ms : 0.94;0.19;-0.20;9.70;-1.89;-31.92
745174.00ms : 0.97;0.21;-0.20;11.41;-2.38;-29.60
745194.00ms : 1.03;0.13;-0.18;13.18;-1.16;-23.74
745214.00ms : 0.96;0.10;-0.19;11.78;-2.99;-28.56
745234.00ms : 0.95;0.11;-0.18;8.91;-2.38;-29.36
745254.00ms : 0.98;0.18;-0.18;6.65;-0.49;-30.46
745274.00ms : 1.02;0.15;-0.16;4.94;0.18;-27.04
745294.00ms : 0.99;0.06;-0.16;1.34;2.38;-24.48
745314.00ms : 0.94;0.03;-0.17;-2.75;2.26;-26.06
745334.00ms : 0.98;0.10;-0.16;-4.27;-0.43;-28.75
745354.00ms : 1.02;0.15;-0.18;-1.40;-3.23;-25.45
745374.00ms : 1.01;0.07;-0.19;2.26;-2.38;-20.45
745394.00ms : 0.98;0.04;-0.20;2.56;-1.95;-20.39
745414.00ms : 0.96;0.07;-0.19;3.78;-2.08;-24.05
745434.00ms : 0.95;0.04;-0.18;6.41;-4.52;-24.05
745454.00ms : 0.95;-0.00;-0.18;7.69;-4.94;-23.56
745474.00ms : 0.96;-0.03;-0.19;5.00;-3.54;-25.45
745494.00ms : 0.98;0.03;-0.17;1.95;-2.26;-29.36
745514.00ms : 1.00;0.05;-0.19;3.05;-3.97;-28.20
745534.00ms : 0.97;0.00;-0.18;7.51;-4.64;-26.06
745554.00ms : 0.96;-0.02;-0.17;7.14;-3.42;-26.73
745574.00ms : 0.97;-0.02;-0.18;2.75;-3.78;-29.17
745594.00ms : 0.99;-0.01;-0.20;2.20;-5.80;-27.83
745614.00ms : 0.99;-0.04;-0.18;2.87;-4.88;-25.39
745634.00ms : 0.98;-0.04;-0.17;-1.22;-1.83;-26.86
745654.00ms : 0.99;-0.03;-0.18;-6.90;-0.37;-28.50
745674.00ms : 1.00;-0.03;-0.18;-11.29;0.37;-25.88
745694.00ms : 0.98;-0.03;-0.18;-13.73;1.28;-22.89
745714.00ms : 0.98;-0.04;-0.17;-17.21;2.69;-22.95
745734.00ms : 0.99;-0.02;-0.18;-21.48;4.15;-24.35
745754.00ms : 1.01;-0.01;-0.19;-23.62;2.75;-19.29
745774.00ms : 1.03;-0.01;-0.16;-19.78;0.55;-10.56
745794.00ms : 1.00;-0.04;-0.21;-7.81;-3.91;-11.29
745814.00ms : 0.97;-0.06;-0.22;-2.99;-3.78;-9.83
745834.00ms : 0.96;-0.10;-0.21;-4.70;-2.56;-10.13
745854.00ms : 0.94;-0.14;-0.21;-6.41;-0.98;-10.19
745874.00ms : 0.97;-0.12;-0.20;-6.16;-2.20;-11.05
745894.00ms : 0.96;-0.11;-0.21;-4.03;-2.08;-11.35
745914.00ms : 0.95;-0.10;-0.19;-3.85;-0.24;-13.79
745934.00ms : 0.95;-0.12;-0.20;-4.33;1.34;-15.99
745954.00ms : 0.95;-0.16;-0.22;-1.59;-0.37;-17.03
745974.00ms : 0.94;-0.18;-0.20;2.69;-1.04;-17.52
745994.00ms : 0.97;-0.17;-0.18;0.67;1.71;-21.55
746014.00ms : 0.97;-0.17;-0.18;-3.05;3.17;-25.02
746034.00ms : 0.95;-0.18;-0.19;-3.97;2.56;-25.02
746054.00ms : 0.94;-0.19;-0.19;-1.28;2.62;-24.90
746074.00ms : 0.96;-0.18;-0.16;-2.44;3.78;-27.95
746094.00ms : 0.95;-0.19;-0.19;-3.78;2.50;-30.03
746114.00ms : 0.95;-0.18;-0.21;-0.85;-1.22;-27.28
746134.00ms : 0.96;-0.18;-0.19;5.55;-3.78;-23.50
746154.00ms : 0.97;-0.19;-0.18;10.01;-3.48;-22.95
746174.00ms : 0.97;-0.23;-0.19;12.63;-2.69;-26.79
746194.00ms : 0.95;-0.26;-0.19;10.44;-3.60;-26.37
746214.00ms : 0.93;-0.26;-0.20;8.24;-5.25;-22.46
746234.00ms : 0.95;-0.22;-0.20;9.34;-3.72;-23.07
746254.00ms : 0.98;-0.22;-0.18;9.34;-2.14;-26.12
746274.00ms : 0.93;-0.29;-0.25;10.68;-2.56;-25.15
746294.00ms : 0.89;-0.33;-0.20;8.48;-1.16;-25.02
746314.00ms : 0.94;-0.28;-0.21;5.13;-0.49;-26.79
746334.00ms : 0.95;-0.26;-0.20;6.10;2.93;-29.30
746354.00ms : 0.94;-0.32;-0.22;4.76;2.56;-29.36
746374.00ms : 0.90;-0.34;-0.21;2.20;2.20;-27.40
746394.00ms : 0.91;-0.33;-0.23;2.38;2.44;-26.37
746414.00ms : 0.92;-0.35;-0.17;1.46;4.46;-29.60
746434.00ms : 0.94;-0.36;-0.20;-3.42;4.64;-34.06
746454.00ms : 0.94;-0.31;-0.23;-3.05;3.48;-32.78
746474.00ms : 0.94;-0.32;-0.22;1.89;1.89;-27.22
746494.00ms : 0.92;-0.37;-0.23;4.46;1.34;-21.85
746514.00ms : 0.91;-0.40;-0.23;4.27;1.04;-21.18
746534.00ms : 0.93;-0.37;-0.24;1.34;0.49;-19.78
746554.00ms : 0.94;-0.32;-0.26;3.72;-0.49;-14.10
746574.00ms : 0.90;-0.35;-0.24;8.00;0.98;-8.30
746594.00ms : 0.91;-0.40;-0.22;4.64;2.87;-9.16
746614.00ms : 0.93;-0.38;-0.25;-2.44;4.88;-10.99
746634.00ms : 0.94;-0.36;-0.23;-4.64;7.14;-12.76
746654.00ms : 0.92;-0.35;-0.24;-3.60;8.97;-12.39
746674.00ms : 0.91;-0.35;-0.22;-3.78;11.17;-9.52
746694.00ms : 0.89;-0.37;-0.20;-5.74;12.82;-7.26
746714.00ms : 0.89;-0.39;-0.20;-9.28;13.55;-7.51
746734.00ms : 0.91;-0.39;-0.18;-10.25;11.84;-8.42
746754.00ms : 0.91;-0.35;-0.17;-10.01;11.35;-9.89
746774.00ms : 0.91;-0.39;-0.20;-8.85;13.37;-12.45
746794.00ms : 0.89;-0.40;-0.22;-10.07;13.24;-16.66
746814.00ms : 0.90;-0.42;-0.28;-11.47;12.21;-14.59
746834.00ms : 0.91;-0.48;-0.29;-6.84;10.80;-13.43
746854.00ms : 0.89;-0.44;-0.24;-3.54;6.96;-8.00
746874.00ms : 0.86;-0.43;-0.23;1.10;2.14;-0.67
746894.00ms : 0.88;-0.41;-0.24;6.04;-0.73;3.17
746914.00ms : 0.87;-0.45;-0.22;9.89;-3.30;3.97
746934.00ms : 0.86;-0.48;-0.21;9.95;-3.72;2.75
746954.00ms : 0.86;-0.49;-0.22;6.90;-3.42;0.67
746974.00ms : 0.85;-0.48;-0.24;1.65;-0.37;-1.16
746994.00ms : 0.89;-0.44;-0.25;-1.95;1.95;-1.46
747014.00ms : 0.92;-0.40;-0.26;-0.43;0.61;3.23
747034.00ms : 0.88;-0.43;-0.25;4.94;0.61;6.35
747054.00ms : 0.84;-0.46;-0.24;5.13;1.71;5.55
747074.00ms : 0.88;-0.46;-0.25;4.39;1.40;3.66
747094.00ms : 0.90;-0.43;-0.26;4.33;-0.24;5.19
747114.00ms : 0.89;-0.44;-0.26;2.99;0.18;9.03
747134.00ms : 0.85;-0.45;-0.23;-0.67;2.69;8.91
747154.00ms : 0.87;-0.43;-0.25;-4.09;2.38;6.53
747174.00ms : 0.93;-0.42;-0.28;-6.23;1.59;7.14
747194.00ms : 0.95;-0.43;-0.27;-2.87;0.61;8.30
747214.00ms : 0.94;-0.39;-0.25;2.08;-0.37;8.12
747234.00ms : 0.91;-0.37;-0.24;5.49;-0.67;7.93
747254.00ms : 0.91;-0.41;-0.23;5.19;-0.73;5.86
747274.00ms : 0.93;-0.42;-0.25;1.65;0.00;3.54
747294.00ms : 0.91;-0.42;-0.26;0.43;0.67;2.81
747314.00ms : 0.89;-0.40;-0.26;1.59;0.18;2.75
747334.00ms : 0.89;-0.39;-0.28;2.50;-0.85;4.88
747354.00ms : 0.91;-0.42;-0.29;2.99;-0.12;5.86
747374.00ms : 0.92;-0.44;-0.28;2.62;0.18;4.70
747394.00ms : 0.90;-0.45;-0.27;2.08;0.00;1.89
747414.00ms : 0.90;-0.42;-0.27;1.28;-1.16;1.40
747434.00ms : 0.90;-0.41;-0.26;1.40;0.18;2.62
747454.00ms : 0.91;-0.40;-0.27;1.34;0.31;1.83
747474.00ms : 0.92;-0.39;-0.28;2.50;-0.06;2.26
747494.00ms : 0.90;-0.42;-0.27;4.09;0.18;1.89
747514.00ms : 0.90;-0.43;-0.26;4.27;-0.37;1.46
747534.00ms : 0.89;-0.42;-0.28;4.58;-0.43;2.14
747554.00ms : 0.92;-0.41;-0.28;5.07;-0.67;3.11
747574.00ms : 0.91;-0.43;-0.28;5.92;-0.98;2.32
747594.00ms : 0.91;-0.40;-0.27;5.98;-1.04;1.16
747614.00ms : 0.91;-0.39;-0.26;6.41;-0.43;0.98
747634.00ms : 0.92;-0.39;-0.29;6.77;-0.67;1.83
747654.00ms : 0.91;-0.42;-0.29;7.39;-0.79;3.05
747674.00ms : 0.90;-0.44;-0.29;7.08;-1.04;2.93
747694.00ms : 0.90;-0.45;-0.29;6.23;-0.85;2.20
747714.00ms : 0.92;-0.45;-0.29;4.94;-1.16;0.79
747734.00ms : 0.90;-0.43;-0.30;3.66;-0.85;1.04
747754.00ms : 0.90;-0.42;-0.29;1.65;-0.61;1.65
747774.00ms : 0.90;-0.41;-0.28;1.46;-0.37;1.16
747794.00ms : 0.92;-0.39;-0.29;0.49;0.18;0.61
747814.00ms : 0.91;-0.42;-0.29;-0.67;0.43;0.73
747834.00ms : 0.89;-0.42;-0.28;-0.67;0.43;1.16
747854.00ms : 0.91;-0.42;-0.29;-0.18;0.24;1.10
747874.00ms : 0.91;-0.42;-0.30;1.40;-0.43;1.22
747894.00ms : 0.91;-0.42;-0.30;1.95;-0.55;2.56
747914.00ms : 0.90;-0.44;-0.27;1.10;-0.18;2.08
747934.00ms : 0.91;-0.42;-0.29;0.43;-0.61;0.79
747954.00ms : 0.92;-0.39;-0.29;1.34;-1.04;0.98
747974.00ms : 0.92;-0.39;-0.29;2.56;-1.28;2.50
747994.00ms : 0.90;-0.41;-0.29;2.32;-0.37;3.42
748014.00ms : 0.91;-0.42;-0.28;1.28;-0.24;1.40
748034.00ms : 0.91;-0.41;-0.29;0.00;-0.49;1.16
748054.00ms : 0.91;-0.41;-0.29;0.61;-0.43;1.71
748074.00ms : 0.91;-0.41;-0.29;0.55;-0.67;2.62
748094.00ms : 0.91;-0.40;-0.29;0.55;-0.61;2.14
748114.00ms : 0.92;-0.41;-0.29;0.24;-0.06;1.71
748134.00ms : 0.91;-0.41;-0.29;-0.18;-0.43;0.85
748154.00ms : 0.91;-0.40;-0.30;-0.18;-0.92;1.65
748174.00ms : 0.91;-0.42;-0.29;-0.18;-0.79;2.26
748194.00ms : 0.91;-0.41;-0.29;0.37;-1.46;1.59
748214.00ms : 0.91;-0.39;-0.29;0.85;-1.71;1.71
748234.00ms : 0.92;-0.40;-0.30;1.04;-1.59;1.59
748254.00ms : 0.91;-0.41;-0.30;0.67;-1.53;1.40
748274.00ms : 0.91;-0.41;-0.29;-0.06;-1.34;1.28
748294.00ms : 0.91;-0.41;-0.29;-0.06;-1.46;1.40
748314.00ms : 0.92;-0.40;-0.29;0.31;-1.28;0.85
748334.00ms : 0.92;-0.39;-0.30;0.67;-1.40;0.92
748354.00ms : 0.91;-0.40;-0.30;0.37;-1.53;1.34
748374.00ms : 0.91;-0.41;-0.29;0.92;-1.65;1.16
748394.00ms : 0.92;-0.40;-0.29;0.85;-1.71;0.73
748414.00ms : 0.92;-0.40;-0.30;1.28;-1.83;0.98
748434.00ms : 0.91;-0.40;-0.30;1.46;-1.89;1.10
748454.00ms : 0.90;-0.42;-0.29;0.98;-1.10;1.46
748474.00ms : 0.91;-0.41;-0.28;0.73;-0.79;0.49
748494.00ms : 0.92;-0.39;-0.29;0.85;-1.22;0.43
748514.00ms : 0.91;-0.39;-0.29;1.34;-1.40;0.92
748534.00ms : 0.91;-0.41;-0.30;0.85;-0.55;1.46
748554.00ms : 0.91;-0.42;-0.29;0.24;-0.85;0.79
748574.00ms : 0.91;-0.41;-0.29;0.06;-0.85;0.31
748594.00ms : 0.92;-0.40;-0.30;-0.55;-0.98;0.43
748614.00ms : 0.92;-0.40;-0.30;-0.61;-0.67;0.73
748634.00ms : 0.91;-0.39;-0.28;-1.28;-0.79;1.40
748654.00ms : 0.91;-0.40;-0.29;-0.67;-0.85;0.67
748674.00ms : 0.91;-0.42;-0.29;-2.32;-0.31;0.00
748694.00ms : 0.92;-0.41;-0.30;-4.33;-0.06;-0.12
748714.00ms : 0.92;-0.40;-0.31;-4.64;0.49;0.55
748734.00ms : 0.90;-0.42;-0.30;-3.85;0.61;1.16
748754.00ms : 0.91;-0.42;-0.29;-3.54;-0.31;0.67
748774.00ms : 0.92;-0.40;-0.29;-2.32;-0.98;0.43
748794.00ms : 0.92;-0.39;-0.30;-1.53;-0.92;0.67
748814.00ms : 0.91;-0.40;-0.29;-0.61;-1.10;1.59
748834.00ms : 0.91;-0.40;-0.29;-0.61;-1.16;1.28
748854.00ms : 0.91;-0.38;-0.29;-0.12;-1.10;0.98
748874.00ms : 0.92;-0.39;-0.29;0.61;-1.53;1.46
748894.00ms : 0.92;-0.39;-0.30;1.46;-2.20;1.46
748914.00ms : 0.91;-0.40;-0.29;1.65;-1.40;1.59
748934.00ms : 0.91;-0.41;-0.28;0.49;-1.40;0.67
748954.00ms : 0.92;-0.39;-0.29;-0.18;-1.34;0.43
748974.00ms : 0.92;-0.39;-0.30;0.00;-1.40;0.98
748994.00ms : 0.91;-0.39;-0.30;0.85;-1.53;1.22
749014.00ms : 0.91;-0.40;-0.29;0.92;-1.34;0.85
749034.00ms : 0.93;-0.40;-0.29;0.61;-1.65;0.73
749054.00ms : 0.91;-0.39;-0.29;1.10;-2.08;0.24
749074.00ms : 0.92;-0.40;-0.29;1.40;-1.89;0.61
749094.00ms : 0.91;-0.40;-0.29;1.40;-1.46;0.24
749114.00ms : 0.92;-0.40;-0.29;1.40;-1.83;-0.37
749134.00ms : 0.91;-0.40;-0.29;0.67;-1.59;0.37
749154.00ms : 0.91;-0.42;-0.28;0.06;-1.22;0.12
749174.00ms : 0.92;-0.38;-0.30;0.24;-1.83;-0.12
749194.00ms : 0.92;-0.40;-0.30;0.31;-1.65;1.28
749214.00ms : 0.91;-0.43;-0.29;-0.31;-1.53;0.67
749234.00ms : 0.91;-0.40;-0.29;-0.92;-1.46;0.12
749254.00ms : 0.92;-0.40;-0.29;-1.10;-2.08;0.43
749274.00ms : 0.91;-0.41;-0.30;-0.55;-2.38;1.34
749294.00ms : 0.90;-0.43;-0.29;-0.92;-2.50;2.69
749314.00ms : 0.90;-0.42;-0.29;-1.40;-2.20;1.34
749334.00ms : 0.92;-0.39;-0.28;-0.92;-2.75;0.31
749354.00ms : 0.92;-0.38;-0.30;-1.53;-2.26;1.34
749374.00ms : 0.91;-0.42;-0.29;-2.44;-1.77;2.75
749394.00ms : 0.90;-0.41;-0.28;-3.11;-0.79;0.67
749414.00ms : 0.92;-0.37;-0.27;-3.60;-0.98;-0.85
749434.00ms : 0.92;-0.36;-0.28;-3.05;-0.85;-0.67
749454.00ms : 0.92;-0.38;-0.30;-3.11;-0.79;1.04
749474.00ms : 0.91;-0.40;-0.28;-2.81;-1.16;1.53
749494.00ms : 0.92;-0.40;-0.29;-2.62;-1.46;0.31
749514.00ms : 0.92;-0.40;-0.30;-2.50;-1.40;-0.67
749534.00ms : 0.91;-0.40;-0.29;-2.81;-1.40;0.43
749554.00ms : 0.91;-0.42;-0.28;-3.54;-0.85;0.67
749574.00ms : 0.92;-0.40;-0.28;-4.09;-1.71;0.37
749594.00ms : 0.92;-0.38;-0.29;-2.99;-1.59;-0.06
749614.00ms : 0.92;-0.39;-0.28;-3.11;-1.10;0.55
749634.00ms : 0.91;-0.40;-0.28;-3.48;-0.49;-0.18
749654.00ms : 0.92;-0.40;-0.25;-5.13;0.61;-2.32
749674.00ms : 0.93;-0.38;-0.27;-7.93;0.12;-2.32
749694.00ms : 0.91;-0.42;-0.26;-10.50;1.83;-3.23
749714.00ms : 0.91;-0.41;-0.26;-12.08;2.56;-5.74
749734.00ms : 0.92;-0.42;-0.26;-14.10;4.64;-8.85
749754.00ms : 0.92;-0.41;-0.23;-15.20;6.29;-12.82
749774.00ms : 0.95;-0.39;-0.23;-15.56;5.62;-17.33
749794.00ms : 1.00;-0.33;-0.21;-14.71;1.89;-18.86
749814.00ms : 1.04;-0.33;-0.24;-12.76;1.40;-20.32
749834.00ms : 1.07;-0.33;-0.19;-4.33;5.13;-23.25
749854.00ms : 1.02;-0.35;-0.18;-4.88;3.48;-26.25
749874.00ms : 1.01;-0.41;-0.23;-6.53;6.96;-29.97
749894.00ms : 0.99;-0.41;-0.21;-14.47;14.83;-32.17
749914.00ms : 0.98;-0.39;-0.22;-17.64;16.60;-27.89
749934.00ms : 0.97;-0.41;-0.25;-17.27;18.55;-25.57
749954.00ms : 0.97;-0.44;-0.26;-12.51;20.63;-24.90
749974.00ms : 0.96;-0.43;-0.30;-11.41;22.64;-25.21
749994.00ms : 1.01;-0.40;-0.28;-9.16;23.50;-26.00
750014.00ms : 1.02;-0.42;-0.30;0.98;22.28;-24.60
750034.00ms : 1.01;-0.43;-0.32;14.40;16.72;-23.07
750054.00ms : 0.99;-0.49;-0.37;24.54;13.67;-21.48
750074.00ms : 0.99;-0.52;-0.35;29.66;10.99;-23.80
750094.00ms : 1.00;-0.51;-0.36;34.36;8.54;-24.84
750114.00ms : 0.98;-0.52;-0.36;40.22;4.94;-22.09
750134.00ms : 0.93;-0.57;-0.39;42.97;4.09;-18.62
750154.00ms : 0.89;-0.61;-0.36;40.65;4.52;-18.37
750174.00ms : 0.85;-0.59;-0.37;33.33;2.50;-13.67
750194.00ms : 0.83;-0.61;-0.37;25.45;4.46;-9.77
750214.00ms : 0.80;-0.62;-0.37;16.97;6.53;-5.31
750234.00ms : 0.80;-0.63;-0.37;7.57;11.11;-2.87
750254.00ms : 0.85;-0.65;-0.41;-2.32;14.59;-0.61
750274.00ms : 0.86;-0.58;-0.41;-4.76;11.96;2.56
750294.00ms : 0.89;-0.52;-0.42;-2.69;10.62;12.08
750314.00ms : 0.90;-0.59;-0.42;-1.16;11.66;16.36
750334.00ms : 0.91;-0.60;-0.44;-2.62;10.56;17.03
750354.00ms : 0.91;-0.53;-0.45;-0.24;8.18;23.13
750374.00ms : 0.92;-0.51;-0.49;2.62;7.26;32.78
750394.00ms : 0.90;-0.55;-0.47;5.37;5.92;35.03
750414.00ms : 0.88;-0.53;-0.49;6.47;2.93;39.98
750434.00ms : 0.91;-0.56;-0.51;7.02;3.30;41.75
750454.00ms : 0.91;-0.50;-0.50;9.70;1.16;44.07
750474.00ms : 0.89;-0.47;-0.51;14.16;0.37;48.40
750494.00ms : 0.88;-0.48;-0.54;18.43;1.89;51.33
750514.00ms : 0.87;-0.50;-0.53;18.86;4.52;50.23
750534.00ms : 0.87;-0.44;-0.52;19.59;6.23;52.43
750554.00ms : 0.91;-0.43;-0.56;20.63;8.30;56.88
750574.00ms : 0.94;-0.40;-0.54;21.36;8.24;57.62
750594.00ms : 0.93;-0.39;-0.54;22.09;10.31;57.74
750614.00ms : 0.93;-0.36;-0.53;22.95;14.10;58.04
750634.00ms : 0.91;-0.27;-0.50;28.56;11.90;62.68
750654.00ms : 0.92;-0.27;-0.57;30.58;12.21;70.37
750674.00ms : 0.92;-0.35;-0.49;28.99;17.76;63.05
750694.00ms : 0.90;-0.26;-0.56;27.95;17.15;68.12
750714.00ms : 0.93;-0.26;-0.55;26.73;21.67;69.27
750734.00ms : 0.94;-0.19;-0.51;30.94;18.37;74.16
750754.00ms : 0.95;-0.19;-0.53;29.30;19.41;79.04
750774.00ms : 0.97;-0.17;-0.55;28.44;19.23;78.80
750794.00ms : 0.95;-0.14;-0.55;26.67;18.49;81.97
750814.00ms : 0.95;-0.10;-0.55;25.33;17.46;87.65
750834.00ms : 0.98;-0.13;-0.54;19.78;20.26;87.89
750854.00ms : 0.97;-0.06;-0.54;18.68;20.26;88.87
750874.00ms : 0.92;-0.03;-0.44;17.03;24.29;88.81
750894.00ms : 0.94;0.02;-0.46;10.68;24.66;91.86
750914.00ms : 0.95;0.05;-0.49;8.79;22.95;95.40
750934.00ms : 0.91;0.06;-0.59;7.57;18.55;98.63
750954.00ms : 0.91;0.06;-0.59;7.81;17.21;91.86
750974.00ms : 0.92;0.15;-0.58;9.03;10.07;90.09
750994.00ms : 0.97;0.20;-0.68;8.42;1.46;94.06
751014.00ms : 1.03;0.23;-0.63;11.78;-10.31;93.02
751034.00ms : 1.00;0.24;-0.63;17.64;-20.51;87.52
751054.00ms : 0.96;0.25;-0.58;17.82;-25.51;78.67
751074.00ms : 0.94;0.35;-0.60;17.52;-38.27;85.45
751094.00ms : 0.96;0.33;-0.61;18.86;-35.52;88.44
751114.00ms : 0.97;0.35;-0.53;22.64;-40.83;84.05
751134.00ms : 0.95;0.40;-0.56;21.36;-40.83;85.57
751154.00ms : 0.89;0.41;-0.51;16.30;-43.82;94.18
751174.00ms : 0.88;0.38;-0.54;14.10;-39.49;96.37
751194.00ms : 0.86;0.36;-0.50;8.67;-35.40;91.86
751214.00ms : 0.79;0.34;-0.47;-1.65;-30.33;82.82
751234.00ms : 0.76;0.42;-0.46;-17.76;-27.65;79.77
751254.00ms : 0.74;0.50;-0.47;-26.31;-29.72;88.32
751274.00ms : 0.72;0.46;-0.52;-27.28;-30.70;90.45
751294.00ms : 0.73;0.46;-0.50;-25.94;-30.82;82.28
751314.00ms : 0.70;0.51;-0.52;-25.02;-31.92;75.68
751334.00ms : 0.67;0.54;-0.50;-20.87;-35.83;73.18
751354.00ms : 0.67;0.55;-0.47;-16.36;-36.80;70.07
751374.00ms : 0.65;0.50;-0.48;-15.20;-38.21;63.11
751394.00ms : 0.62;0.50;-0.48;-16.66;-36.80;54.87
751414.00ms : 0.63;0.52;-0.50;-15.14;-36.62;46.02
751434.00ms : 0.67;0.58;-0.52;-11.35;-41.26;38.51
751454.00ms : 0.67;0.63;-0.50;-0.67;-45.35;28.87
751474.00ms : 0.60;0.60;-0.51;17.82;-53.22;33.08
751494.00ms : 0.51;0.55;-0.49;32.71;-53.28;38.45
751514.00ms : 0.46;0.56;-0.43;40.41;-48.46;36.50
751534.00ms : 0.55;0.63;-0.33;38.51;-39.00;27.28
751554.00ms : 0.61;0.58;-0.27;30.76;-32.23;21.30
751574.00ms : 0.60;0.44;-0.33;15.38;-26.61;14.10
751594.00ms : 0.53;0.48;-0.30;-1.83;-22.22;5.31
751614.00ms : 0.56;0.60;-0.31;-6.77;-21.55;0.92
751634.00ms : 0.65;0.75;-0.29;4.15;-21.12;-2.08
751654.00ms : 0.71;0.79;-0.21;19.71;-22.77;-6.59
751674.00ms : 0.68;0.67;-0.26;24.72;-22.71;-10.01
751694.00ms : 0.61;0.61;-0.23;21.12;-22.46;-16.17
751714.00ms : 0.62;0.75;-0.19;18.43;-18.13;-22.58
751734.00ms : 0.68;0.82;-0.17;20.87;-13.12;-27.10
751754.00ms : 0.70;0.71;-0.22;21.48;-13.18;-29.54
751774.00ms : 0.68;0.61;-0.24;18.31;-12.15;-28.50
751794.00ms : 0.68;0.62;-0.20;12.88;-8.30;-28.99
751814.00ms : 0.75;0.77;-0.16;9.52;-5.98;-32.53
751834.00ms : 0.76;0.71;-0.16;9.22;-4.33;-33.02
751854.00ms : 0.75;0.72;-0.18;8.79;-5.80;-34.55
751874.00ms : 0.71;0.69;-0.20;10.74;-4.70;-29.17
751894.00ms : 0.69;0.67;-0.17;11.78;-5.68;-26.18
751914.00ms : 0.68;0.68;-0.20;12.94;-7.87;-26.00
751934.00ms : 0.69;0.60;-0.18;13.24;-9.34;-27.59
751954.00ms : 0.74;0.63;-0.13;7.63;-9.09;-30.15
751974.00ms : 0.78;0.71;-0.14;3.78;-5.25;-31.25
751994.00ms : 0.74;0.64;-0.18;2.81;-1.65;-33.08
752014.00ms : 0.73;0.54;-0.21;0.49;0.37;-33.75
752034.00ms : 0.77;0.54;-0.21;-2.14;-0.79;-34.61
752054.00ms : 0.78;0.63;-0.19;1.34;-4.52;-33.08
752074.00ms : 0.75;0.67;-0.19;8.00;-1.95;-34.30
752094.00ms : 0.76;0.56;-0.19;9.16;1.89;-37.66
752114.00ms : 0.81;0.50;-0.19;5.49;-0.55;-38.94
752134.00ms : 0.80;0.52;-0.20;5.92;0.79;-39.55
752154.00ms : 0.80;0.57;-0.20;6.84;2.93;-43.52
752174.00ms : 0.82;0.48;-0.20;6.35;1.16;-41.56
752194.00ms : 0.81;0.42;-0.23;-1.04;-0.85;-37.60
752214.00ms : 0.82;0.49;-0.26;0.61;-1.10;-37.60
752234.00ms : 0.86;0.55;-0.21;2.81;0.24;-39.06
752254.00ms : 0.88;0.51;-0.17;2.14;0.06;-38.57
752274.00ms : 0.92;0.50;-0.16;-1.16;-2.99;-34.18
752294.00ms : 0.90;0.49;-0.20;0.12;-4.76;-29.79
752314.00ms : 0.89;0.48;-0.18;-1.34;-1.46;-28.26
752334.00ms : 0.88;0.45;-0.18;-7.14;0.98;-30.15
752354.00ms : 0.90;0.43;-0.17;-11.11;0.67;-28.93
752374.00ms : 0.89;0.41;-0.18;-11.11;-1.10;-29.60
752394.00ms : 0.89;0.46;-0.22;-8.00;-3.97;-28.81
752414.00ms : 0.86;0.38;-0.19;-5.92;-0.85;-26.86
752434.00ms : 0.88;0.32;-0.19;-9.70;-0.43;-29.85
752454.00ms : 0.89;0.38;-0.18;-10.25;-1.34;-33.33
752474.00ms : 0.92;0.47;-0.18;-5.07;-5.37;-35.71
752494.00ms : 0.89;0.42;-0.13;0.98;-8.36;-33.02
752514.00ms : 0.90;0.33;-0.16;4.94;-6.41;-35.46
752534.00ms : 0.92;0.32;-0.17;1.71;-4.82;-38.76
752554.00ms : 0.92;0.35;-0.17;3.66;-8.91;-39.43
752574.00ms : 0.94;0.40;-0.18;11.05;-13.55;-37.41
752594.00ms : 0.95;0.40;-0.17;17.52;-12.76;-36.07
752614.00ms : 0.92;0.28;-0.17;16.11;-8.30;-38.27
752634.00ms : 0.89;0.17;-0.17;5.86;-5.86;-38.82
752654.00ms : 0.87;0.13;-0.17;-5.55;-3.66;-40.59
752674.00ms : 0.92;0.20;-0.18;-14.47;-2.01;-43.76
752694.00ms : 0.95;0.23;-0.19;-16.42;-1.04;-43.58
752714.00ms : 0.94;0.21;-0.19;-14.59;-1.89;-43.21
752734.00ms : 0.94;0.23;-0.18;-8.30;-3.91;-42.91
752754.00ms : 0.96;0.24;-0.18;-2.26;-5.37;-44.01
752774.00ms : 0.98;0.19;-0.17;0.79;-4.58;-46.20
752794.00ms : 0.97;0.14;-0.16;1.28;-4.88;-48.71
752814.00ms : 0.96;0.15;-0.16;1.40;-4.88;-48.16
752834.00ms : 0.97;0.13;-0.15;3.66;-4.82;-48.46
752854.00ms : 0.99;0.17;-0.17;3.78;-4.03;-49.93
752874.00ms : 0.96;0.09;-0.15;3.54;-3.85;-51.39
752894.00ms : 0.91;0.03;-0.19;-0.31;-3.30;-48.58
752914.00ms : 0.94;0.02;-0.16;-4.46;-2.56;-50.05
752934.00ms : 1.02;0.11;-0.16;-7.08;-0.24;-53.89
752954.00ms : 0.99;0.04;-0.15;-8.36;1.53;-53.83
752974.00ms : 0.97;-0.00;-0.15;-9.58;0.06;-52.80
752994.00ms : 1.03;0.08;-0.12;-11.72;-1.65;-53.47
753014.00ms : 1.07;0.07;-0.17;-2.01;-3.42;-47.55
753034.00ms : 1.04;0.01;-0.16;3.05;-2.81;-46.39
753054.00ms : 1.01;-0.01;-0.16;4.27;-4.09;-46.02
753074.00ms : 1.01;0.01;-0.14;7.69;-6.53;-45.04
753094.00ms : 1.05;0.03;-0.12;8.00;-7.45;-44.07
753114.00ms : 1.02;-0.02;-0.13;6.59;-6.10;-43.15
753134.00ms : 0.96;-0.06;-0.15;3.85;-6.23;-41.81
753154.00ms : 0.95;-0.08;-0.16;0.31;-5.98;-39.25
753174.00ms : 1.03;-0.01;-0.15;-1.59;-6.59;-39.12
753194.00ms : 1.02;-0.03;-0.16;-1.16;-7.87;-34.42
753214.00ms : 0.96;-0.12;-0.16;-1.34;-8.18;-29.79
753234.00ms : 0.93;-0.12;-0.17;-4.82;-6.77;-27.28
753254.00ms : 0.98;-0.08;-0.15;-10.25;-5.31;-27.65
753274.00ms : 1.02;-0.04;-0.16;-14.10;-2.69;-27.83
753294.00ms : 0.98;-0.14;-0.16;-11.96;-2.01;-25.15
753314.00ms : 0.92;-0.20;-0.17;-13.61;-2.26;-21.42
753334.00ms : 0.91;-0.15;-0.18;-16.17;-1.40;-21.48
753354.00ms : 0.98;-0.11;-0.17;-17.52;-0.37;-24.17
753374.00ms : 0.97;-0.18;-0.20;-14.77;-0.24;-21.73
753394.00ms : 0.92;-0.26;-0.18;-11.11;-0.73;-20.26
753414.00ms : 0.91;-0.23;-0.18;-8.67;-2.38;-22.95
753434.00ms : 0.98;-0.15;-0.16;-6.53;-2.14;-26.61
753454.00ms : 0.98;-0.18;-0.16;-5.07;-1.46;-26.06
753474.00ms : 0.93;-0.23;-0.17;0.31;-1.65;-24.96
753494.00ms : 0.93;-0.26;-0.18;3.05;-2.26;-26.25
753514.00ms : 0.96;-0.22;-0.17;3.66;-0.85;-29.05
753534.00ms : 0.95;-0.21;-0.19;2.81;1.40;-30.09
753554.00ms : 0.93;-0.25;-0.19;3.97;2.14;-28.26
753574.00ms : 0.91;-0.30;-0.20;7.02;1.95;-26.43
753594.00ms : 0.93;-0.29;-0.20;9.52;0.37;-26.55
753614.00ms : 0.92;-0.26;-0.20;10.80;0.61;-23.50
753634.00ms : 0.91;-0.28;-0.19;8.67;5.55;-24.54
753654.00ms : 0.93;-0.28;-0.21;3.91;6.77;-25.45
753674.00ms : 0.94;-0.29;-0.19;3.48;6.41;-23.19
753694.00ms : 0.93;-0.29;-0.18;5.37;6.96;-21.06
753714.00ms : 0.91;-0.29;-0.18;3.66;11.41;-22.77
753734.00ms : 0.93;-0.28;-0.20;0.31;13.79;-26.73
753754.00ms : 0.95;-0.31;-0.19;-0.24;12.51;-22.34
753774.00ms : 0.94;-0.36;-0.19;3.72;10.86;-17.70
753794.00ms : 0.91;-0.32;-0.15;8.67;8.73;-17.40
753814.00ms : 0.91;-0.33;-0.15;7.26;9.83;-20.02
753834.00ms : 0.91;-0.31;-0.18;5.92;10.74;-21.24
753854.00ms : 0.92;-0.31;-0.17;6.59;10.25;-16.48
753874.00ms : 0.93;-0.34;-0.19;13.55;12.76;-8.79
753894.00ms : 0.90;-0.41;-0.15;5.80;13.00;-11.96
753914.00ms : 0.86;-0.40;-0.17;2.75;10.80;-16.24
753934.00ms : 0.89;-0.40;-0.18;-2.75;13.61;-17.03
753954.00ms : 0.93;-0.35;-0.21;-1.77;11.05;-12.94
753974.00ms : 0.90;-0.40;-0.22;1.59;5.86;-2.44
753994.00ms : 0.88;-0.50;-0.17;-0.43;4.21;0.79
754014.00ms : 0.88;-0.48;-0.18;-6.59;1.77;-4.52
754034.00ms : 0.91;-0.37;-0.18;-8.61;1.53;-8.79
754054.00ms : 0.95;-0.29;-0.19;-5.07;-0.43;-4.82
754074.00ms : 0.94;-0.33;-0.24;3.05;0.00;0.49
754094.00ms : 0.90;-0.41;-0.24;7.26;0.06;0.37
754114.00ms : 0.87;-0.44;-0.26;6.90;0.67;-1.71
754134.00ms : 0.86;-0.44;-0.28;6.77;2.26;-4.03
754154.00ms : 0.93;-0.39;-0.24;7.87;1.10;-3.42
754174.00ms : 0.93;-0.43;-0.21;10.31;-1.59;1.34
754194.00ms : 0.85;-0.43;-0.24;9.95;-0.37;4.82
754214.00ms : 0.89;-0.40;-0.23;8.30;-1.65;5.00
754234.00ms : 0.91;-0.41;-0.22;10.44;-2.99;3.17
754254.00ms : 0.90;-0.42;-0.18;9.58;-5.13;2.56
754274.00ms : 0.87;-0.46;-0.19;5.62;-2.93;-0.06
754294.00ms : 0.87;-0.45;-0.23;2.26;-0.67;-4.21
754314.00ms : 0.91;-0.42;-0.28;0.55;0.55;-3.72
754334.00ms : 0.89;-0.45;-0.26;1.34;2.56;-0.31
754354.00ms : 0.88;-0.47;-0.25;0.92;3.85;0.37
754374.00ms : 0.90;-0.44;-0.24;0.43;4.33;-0.67
754394.00ms : 0.89;-0.42;-0.21;2.56;3.60;-1.95
754414.00ms : 0.88;-0.43;-0.17;4.46;1.22;-2.81
754434.00ms : 0.88;-0.49;-0.17;2.32;-0.18;-3.36
754454.00ms : 0.87;-0.49;-0.21;-2.26;0.67;-3.66
754474.00ms : 0.86;-0.48;-0.29;-6.65;4.52;-4.52
754494.00ms : 0.85;-0.47;-0.28;-9.70;7.14;-6.84
754514.00ms : 0.87;-0.45;-0.25;-10.31;6.65;-7.63
754534.00ms : 0.88;-0.45;-0.25;-10.07;6.96;-6.59
754554.00ms : 0.89;-0.43;-0.26;-8.91;5.31;-4.21
754574.00ms : 0.90;-0.41;-0.24;-7.02;2.38;-0.31
754594.00ms : 0.89;-0.40;-0.25;-5.19;2.44;2.75
754614.00ms : 0.89;-0.41;-0.25;-2.93;2.87;2.87
754634.00ms : 0.90;-0.44;-0.25;-2.08;2.38;1.34
754654.00ms : 0.91;-0.42;-0.26;-0.18;1.28;1.77
754674.00ms : 0.90;-0.43;-0.25;3.91;-0.31;3.05
754694.00ms : 0.89;-0.43;-0.26;5.55;0.00;4.03
754714.00ms : 0.88;-0.45;-0.25;6.16;-0.18;3.97
754734.00ms : 0.88;-0.44;-0.24;5.19;-0.85;4.52
754754.00ms : 0.88;-0.43;-0.26;4.94;-1.04;4.03
754774.00ms : 0.90;-0.41;-0.26;7.20;-1.04;4.03
754794.00ms : 0.91;-0.41;-0.24;9.09;-2.08;3.85
754814.00ms : 0.91;-0.40;-0.24;10.68;-3.17;4.03
754834.00ms : 0.91;-0.43;-0.23;11.60;-3.11;2.93
754854.00ms : 0.90;-0.46;-0.25;10.31;-2.81;1.83
754874.00ms : 0.89;-0.48;-0.26;7.14;-1.65;0.73
754894.00ms : 0.88;-0.47;-0.28;5.19;-0.49;0.92
754914.00ms : 0.88;-0.46;-0.27;4.76;-0.55;0.79
754934.00ms : 0.89;-0.45;-0.26;3.48;-0.67;1.95
754954.00ms : 0.89;-0.44;-0.26;3.23;-0.43;3.72
754974.00ms : 0.89;-0.44;-0.26;3.60;-0.24;4.09
754994.00ms : 0.89;-0.43;-0.27;3.72;-0.43;3.60
755014.00ms : 0.91;-0.42;-0.27;3.72;-0.79;4.09
755034.00ms : 0.90;-0.42;-0.28;4.09;-1.10;5.00
755054.00ms : 0.90;-0.42;-0.27;4.39;-0.98;4.15
755074.00ms : 0.92;-0.42;-0.27;3.66;-0.24;2.32
755094.00ms : 0.91;-0.43;-0.27;2.87;-0.18;1.04
755114.00ms : 0.91;-0.43;-0.28;1.77;-0.43;0.73
755134.00ms : 0.89;-0.42;-0.28;1.95;-0.06;1.34
755154.00ms : 0.90;-0.44;-0.28;1.40;0.92;0.55
755174.00ms : 0.90;-0.44;-0.27;0.61;0.31;0.67
755194.00ms : 0.90;-0.43;-0.29;-0.18;0.31;0.79
755214.00ms : 0.90;-0.43;-0.27;-1.22;0.79;0.98
755234.00ms : 0.90;-0.43;-0.28;-1.77;0.92;0.73
755254.00ms : 0.91;-0.43;-0.28;-1.22;0.31;0.92
755274.00ms : 0.90;-0.42;-0.29;-0.12;0.18;0.79
755294.00ms : 0.90;-0.42;-0.27;0.37;0.43;0.18
755314.00ms : 0.90;-0.41;-0.28;0.18;-0.31;0.24
755334.00ms : 0.91;-0.42;-0.28;0.73;-0.98;1.28
755354.00ms : 0.90;-0.43;-0.28;1.53;-0.98;2.26
755374.00ms : 0.90;-0.44;-0.28;0.98;-0.37;1.77
755394.00ms : 0.90;-0.44;-0.28;0.37;-0.61;1.16
755414.00ms : 0.90;-0.44;-0.28;-0.98;-0.49;1.83
755434.00ms : 0.90;-0.44;-0.28;-0.37;-0.43;1.34
755454.00ms : 0.90;-0.42;-0.28;-0.18;-0.92;1.34
755474.00ms : 0.90;-0.42;-0.29;-0.37;-0.73;1.83
755494.00ms : 0.91;-0.42;-0.27;-0.55;-0.61;1.34
755514.00ms : 0.91;-0.42;-0.27;0.18;-0.61;0.37
755534.00ms : 0.90;-0.43;-0.29;0.49;-1.10;0.31
755554.00ms : 0.90;-0.43;-0.29;0.43;-1.28;1.46
755574.00ms : 0.89;-0.44;-0.27;1.22;-1.71;2.20
755594.00ms : 0.89;-0.43;-0.28;0.73;-1.22;1.34
755614.00ms : 0.90;-0.43;-0.29;0.06;-0.24;0.85
755634.00ms : 0.89;-0.43;-0.28;-1.10;0.43;0.67
755654.00ms : 0.90;-0.41;-0.28;-1.71;0.61;0.79
755674.00ms : 0.91;-0.41;-0.28;-0.31;0.31;1.04
755694.00ms : 0.90;-0.42;-0.29;0.79;0.06;1.16
755714.00ms : 0.91;-0.42;-0.28;1.28;-0.49;1.10
755734.00ms : 0.90;-0.42;-0.28;0.92;-0.85;1.83
755754.00ms : 0.91;-0.43;-0.29;0.49;-0.73;1.71
755774.00ms : 0.90;-0.43;-0.29;0.49;-0.61;1.40
755794.00ms : 0.90;-0.43;-0.28;0.55;-0.43;1.22
755814.00ms : 0.90;-0.42;-0.28;0.49;-0.18;1.10
755834.00ms : 0.90;-0.42;-0.29;-0.31;0.18;1.28
755854.00ms : 0.90;-0.42;-0.28;-0.06;0.18;1.28
755874.00ms : 0.90;-0.42;-0.28;0.55;0.12;1.22
755894.00ms : 0.91;-0.42;-0.30;0.06;0.49;1.34
755914.00ms : 0.90;-0.42;-0.28;-0.37;0.37;1.28
755934.00ms : 0.91;-0.43;-0.29;-1.34;0.92;1.04
755954.00ms : 0.91;-0.42;-0.29;-2.01;0.92;0.55
755974.00ms : 0.92;-0.44;-0.28;-3.60;1.46;-0.12
755994.00ms : 0.91;-0.45;-0.26;-5.55;1.65;-1.83
756014.00ms : 0.90;-0.42;-0.27;-6.35;1.89;-2.62
756034.00ms : 0.94;-0.42;-0.27;-6.04;1.34;-3.36
756054.00ms : 0.97;-0.42;-0.26;-5.43;0.37;-5.37
756074.00ms : 0.99;-0.38;-0.21;-5.68;-3.11;-6.65
756094.00ms : 1.03;-0.38;-0.23;-7.39;-1.89;-10.93
756114.00ms : 1.07;-0.32;-0.16;-8.54;4.39;-16.78
756134.00ms : 1.04;-0.32;-0.13;-12.76;4.03;-23.01
756154.00ms : 1.07;-0.31;-0.17;-12.57;6.47;-27.47
756174.00ms : 1.08;-0.30;-0.15;-7.81;10.13;-27.47
756194.00ms : 1.02;-0.33;-0.21;-5.74;14.40;-23.13
756214.00ms : 0.98;-0.43;-0.22;-2.87;18.98;-30.70
756234.00ms : 0.99;-0.47;-0.28;-3.11;28.81;-37.41
756254.00ms : 1.00;-0.47;-0.31;-4.70;30.21;-35.52
756274.00ms : 0.94;-0.53;-0.35;-4.15;32.96;-32.90
756294.00ms : 0.92;-0.59;-0.36;-3.30;33.94;-33.20
756314.00ms : 0.95;-0.54;-0.34;0.49;30.09;-33.33
756334.00ms : 0.97;-0.51;-0.37;5.43;26.37;-28.63
756354.00ms : 0.95;-0.52;-0.35;10.68;23.38;-22.28
756374.00ms : 0.95;-0.53;-0.34;13.18;18.25;-17.40
756394.00ms : 0.94;-0.52;-0.37;13.43;11.72;-12.70
756414.00ms : 0.95;-0.54;-0.35;14.16;6.65;-8.42
756434.00ms : 0.97;-0.54;-0.38;14.65;3.30;-2.62
756454.00ms : 0.94;-0.52;-0.40;14.89;0.43;2.38
756474.00ms : 0.94;-0.54;-0.42;14.10;1.04;9.34
756494.00ms : 0.93;-0.61;-0.38;10.93;5.43;10.07
756514.00ms : 0.90;-0.62;-0.37;5.07;5.80;11.35
756534.00ms : 0.90;-0.59;-0.42;2.93;7.75;15.01
756554.00ms : 0.90;-0.62;-0.45;-0.24;11.72;17.94
756574.00ms : 0.91;-0.58;-0.48;0.12;9.58;21.12
756594.00ms : 0.95;-0.56;-0.49;1.34;10.25;25.94
756614.00ms : 0.95;-0.51;-0.50;3.23;8.97;32.90
756634.00ms : 0.93;-0.55;-0.47;5.80;9.95;35.95
756654.00ms : 0.87;-0.52;-0.49;10.38;5.98;43.58
756674.00ms : 0.87;-0.52;-0.51;12.76;7.20;47.49
756694.00ms : 0.86;-0.47;-0.53;16.60;3.54;50.66
756714.00ms : 0.89;-0.44;-0.54;20.39;2.50;56.15
756734.00ms : 0.91;-0.46;-0.56;21.36;2.87;60.36
756754.00ms : 0.86;-0.44;-0.54;23.19;1.77;61.28
756774.00ms : 0.85;-0.40;-0.53;23.80;2.81;65.00
756794.00ms : 0.87;-0.37;-0.56;24.96;1.59;69.95
756814.00ms : 0.90;-0.42;-0.50;22.40;6.96;64.64
756834.00ms : 0.89;-0.30;-0.50;22.52;5.86;67.63
756854.00ms : 0.89;-0.32;-0.51;21.67;8.61;69.82
756874.00ms : 0.93;-0.27;-0.50;23.93;5.92;70.98
756894.00ms : 0.95;-0.25;-0.57;26.92;5.37;76.23
756914.00ms : 0.92;-0.25;-0.50;26.67;8.24;69.58
756934.00ms : 0.89;-0.13;-0.48;29.79;5.68;75.13
756954.00ms : 0.91;-0.17;-0.51;27.77;10.44;80.32
756974.00ms : 0.91;-0.18;-0.47;25.76;11.66;78.00
756994.00ms : 0.90;-0.16;-0.55;20.08;14.04;81.48
757014.00ms : 0.90;-0.14;-0.49;17.21;16.42;78.74
757034.00ms : 0.93;-0.06;-0.54;15.75;12.45;84.96
757054.00ms : 0.97;-0.10;-0.52;11.35;14.04;81.73
757074.00ms : 0.96;-0.02;-0.50;13.98;11.54;79.90
757094.00ms : 0.93;0.02;-0.54;16.54;10.56;83.56
757114.00ms : 0.94;0.04;-0.50;16.66;11.41;82.82
757134.00ms : 0.98;0.08;-0.48;15.69;10.99;81.60
757154.00ms : 1.03;0.13;-0.52;14.89;7.57;84.66
757174.00ms : 1.07;0.16;-0.54;17.27;-0.85;90.27
757194.00ms : 1.06;0.11;-0.58;17.88;-0.61;89.11
757214.00ms : 1.01;0.14;-0.49;17.88;-1.53;81.91
757234.00ms : 1.02;0.25;-0.62;14.40;-6.47;93.38
757254.00ms : 1.06;0.19;-0.46;10.31;-1.16;89.54
757274.00ms : 0.95;0.38;-0.55;11.17;-15.08;100.16
757294.00ms : 1.00;0.29;-0.53;12.21;-7.32;99.73
757314.00ms : 0.90;0.32;-0.54;13.55;-13.37;99.98
757334.00ms : 0.89;0.33;-0.50;10.13;-9.77;100.59
757354.00ms : 0.87;0.44;-0.56;10.86;-16.11;111.21
757374.00ms : 0.81;0.39;-0.58;11.66;-17.52;118.47
757394.00ms : 0.92;0.38;-0.52;-1.46;-11.84;91.31
757414.00ms : 0.81;0.48;-0.42;-2.08;-24.96;100.10
757434.00ms : 0.73;0.44;-0.53;-6.53;-31.86;104.86
757454.00ms : 0.72;0.50;-0.51;-11.17;-34.97;106.51
757474.00ms : 0.70;0.48;-0.51;-9.89;-38.64;99.61
757494.00ms : 0.67;0.45;-0.46;-13.49;-36.99;86.85
757514.00ms : 0.56;0.50;-0.50;-18.43;-35.64;86.79
757534.00ms : 0.58;0.50;-0.50;-21.48;-31.13;90.70
757554.00ms : 0.62;0.50;-0.47;-25.02;-37.41;84.66
757574.00ms : 0.61;0.53;-0.42;-22.03;-38.15;68.91
757594.00ms : 0.54;0.56;-0.43;-19.78;-38.15;59.88
757614.00ms : 0.51;0.52;-0.47;-7.87;-32.59;54.57
757634.00ms : 0.54;0.53;-0.43;-15.69;-36.25;42.30
757654.00ms : 0.50;0.59;-0.43;-8.42;-38.09;37.17
757674.00ms : 0.49;0.55;-0.43;-1.71;-33.51;25.88
757694.00ms : 0.52;0.56;-0.40;1.65;-32.84;16.54
757714.00ms : 0.55;0.60;-0.41;5.00;-35.46;11.41
757734.00ms : 0.60;0.63;-0.39;10.38;-35.34;2.75
757754.00ms : 0.55;0.54;-0.37;13.06;-32.35;-4.82
757774.00ms : 0.47;0.53;-0.37;11.17;-28.38;-13.06
757794.00ms : 0.53;0.58;-0.36;8.67;-26.25;-18.74
757814.00ms : 0.67;0.68;-0.38;8.12;-30.03;-24.60
757834.00ms : 0.64;0.66;-0.34;17.88;-32.23;-25.15
757854.00ms : 0.61;0.65;-0.35;24.60;-29.36;-29.66
757874.00ms : 0.64;0.66;-0.30;26.67;-24.05;-34.18
757894.00ms : 0.76;0.72;-0.29;23.74;-24.60;-35.34
757914.00ms : 0.75;0.70;-0.29;25.27;-26.06;-34.61
757934.00ms : 0.69;0.69;-0.30;26.37;-24.35;-39.18
757954.00ms : 0.77;0.78;-0.23;29.85;-22.52;-42.48
757974.00ms : 0.81;0.85;-0.17;35.34;-20.51;-42.97
757994.00ms : 0.79;0.80;-0.19;38.45;-15.75;-42.48
758014.00ms : 0.80;0.76;-0.23;37.35;-14.04;-42.05
758034.00ms : 0.78;0.71;-0.21;35.03;-16.48;-38.45
758054.00ms : 0.79;0.70;-0.24;32.90;-15.56;-31.31
758074.00ms : 0.75;0.69;-0.16;27.77;-8.73;-29.79
758094.00ms : 0.76;0.65;-0.17;15.63;-2.87;-27.22
758114.00ms : 0.81;0.60;-0.19;1.71;-4.27;-22.34
758134.00ms : 0.78;0.73;-0.11;-14.53;-2.32;-22.03
758154.00ms : 0.80;0.76;-0.17;-0.67;-1.53;-18.31
758174.00ms : 0.84;0.63;-0.17;-1.04;-4.58;-14.83
758194.00ms : 0.77;0.62;-0.17;0.43;-8.91;-11.54
758214.00ms : 0.77;0.70;-0.16;4.52;-7.39;-11.54
758234.00ms : 0.76;0.60;-0.18;9.58;-5.98;-9.52
758254.00ms : 0.73;0.50;-0.19;5.07;-4.39;-11.41
758274.00ms : 0.73;0.49;-0.16;-1.71;-2.32;-17.03
758294.00ms : 0.78;0.61;-0.16;-2.50;-0.67;-20.32
758314.00ms : 0.71;0.50;-0.18;-0.24;0.43;-21.00
758334.00ms : 0.73;0.51;-0.20;-0.98;-1.53;-24.41
758354.00ms : 0.83;0.57;-0.17;1.34;-2.08;-25.51
758374.00ms : 0.84;0.56;-0.15;7.26;-1.16;-26.86
758394.00ms : 0.79;0.54;-0.19;9.34;0.00;-28.99
758414.00ms : 0.75;0.43;-0.21;8.79;0.49;-29.91
758434.00ms : 0.80;0.41;-0.18;3.91;-0.24;-28.08
758454.00ms : 0.88;0.45;-0.16;0.67;0.49;-31.86
758474.00ms : 0.89;0.57;-0.16;-0.06;1.89;-36.87
758494.00ms : 0.81;0.44;-0.22;4.76;0.00;-35.28
758514.00ms : 0.76;0.42;-0.20;6.10;-3.05;-31.80
758534.00ms : 0.83;0.47;-0.21;8.48;-5.37;-28.75
758554.00ms : 0.85;0.52;-0.16;14.95;-7.08;-28.63
758574.00ms : 0.82;0.46;-0.16;18.19;-6.41;-30.15
758594.00ms : 0.81;0.37;-0.20;14.59;-5.74;-31.01
758614.00ms : 0.85;0.35;-0.15;6.96;-2.32;-32.53
758634.00ms : 0.89;0.42;-0.13;2.26;-0.24;-36.80
758654.00ms : 0.90;0.40;-0.17;2.75;-0.43;-35.22
758674.00ms : 0.85;0.34;-0.19;2.44;-0.49;-31.98
758694.00ms : 0.87;0.33;-0.18;-1.04;1.04;-30.58
758714.00ms : 0.92;0.42;-0.14;-0.55;2.56;-34.85
758734.00ms : 0.96;0.46;-0.16;-0.67;3.05;-35.77
758754.00ms : 0.90;0.33;-0.15;2.01;1.95;-34.30
758774.00ms : 0.94;0.37;-0.14;0.12;0.12;-34.12
758794.00ms : 1.00;0.42;-0.12;2.87;-1.71;-32.10
758814.00ms : 0.96;0.43;-0.16;9.22;-3.78;-29.30
758834.00ms : 0.89;0.33;-0.18;11.47;-3.11;-25.70
758854.00ms : 0.90;0.29;-0.16;8.12;-2.81;-25.15
758874.00ms : 0.95;0.34;-0.15;5.13;-3.66;-25.39
758894.00ms : 0.93;0.34;-0.15;5.19;-4.33;-23.07
758914.00ms : 0.90;0.28;-0.16;3.54;-3.66;-20.75
758934.00ms : 0.91;0.28;-0.16;-1.83;-0.37;-21.30
758954.00ms : 0.95;0.30;-0.14;-7.39;2.56;-24.29
758974.00ms : 0.98;0.34;-0.13;-8.06;0.00;-23.07
758994.00ms : 0.94;0.34;-0.15;-4.39;-2.08;-19.78
759014.00ms : 0.92;0.30;-0.15;-2.14;-1.59;-18.31
759034.00ms : 0.95;0.27;-0.14;-3.48;-0.73;-17.64
759054.00ms : 0.94;0.27;-0.15;-3.54;-1.65;-17.64
759074.00ms : 0.90;0.26;-0.17;-1.53;-4.52;-15.75
759094.00ms : 0.89;0.25;-0.15;-0.06;-4.58;-14.89
759114.00ms : 0.94;0.20;-0.16;-3.60;-1.46;-16.48
759134.00ms : 0.95;0.17;-0.15;-6.77;-0.85;-19.71
759154.00ms : 0.92;0.19;-0.16;-7.81;-1.16;-20.51
759174.00ms : 0.92;0.22;-0.17;-6.23;-0.73;-19.90
759194.00ms : 0.97;0.23;-0.15;-4.15;1.04;-22.28
759214.00ms : 0.97;0.20;-0.15;-1.71;0.06;-24.60
759234.00ms : 0.93;0.22;-0.15;2.14;-0.55;-24.90
759254.00ms : 0.94;0.22;-0.15;3.97;0.73;-25.21
759274.00ms : 0.97;0.14;-0.16;4.52;0.85;-25.57
759294.00ms : 0.96;0.10;-0.15;3.97;-0.43;-28.14
759314.00ms : 0.92;0.15;-0.18;2.93;-0.98;-29.30
759334.00ms : 0.93;0.16;-0.16;4.76;-0.73;-30.15
759354.00ms : 0.92;0.10;-0.19;3.78;-1.89;-26.61
759374.00ms : 0.94;0.06;-0.18;1.34;-1.77;-25.09
759394.00ms : 0.96;0.08;-0.15;-1.22;-1.77;-25.15
759414.00ms : 0.97;0.10;-0.15;-1.40;-0.92;-27.28
759434.00ms : 0.98;0.12;-0.17;1.40;-2.32;-27.95
759454.00ms : 0.98;0.09;-0.17;3.17;-4.09;-24.35
759474.00ms : 0.95;0.06;-0.16;2.56;-2.87;-23.38
759494.00ms : 0.96;0.07;-0.15;0.18;-0.37;-26.55
759514.00ms : 0.98;0.09;-0.15;-0.12;0.31;-29.24
759534.00ms : 1.00;0.07;-0.16;1.16;-1.10;-26.98
759554.00ms : 0.98;0.01;-0.14;2.44;-1.10;-25.45
759574.00ms : 0.96;0.01;-0.16;-0.55;-1.65;-26.37
759594.00ms : 0.97;0.04;-0.15;-0.73;-1.46;-27.34
759614.00ms : 1.01;0.05;-0.15;-0.73;-1.46;-25.88
759634.00ms : 0.98;0.01;-0.15;1.53;-2.14;-23.32
759654.00ms : 0.96;0.01;-0.16;3.54;-3.85;-22.64
759674.00ms : 0.98;0.05;-0.14;3.48;-3.91;-22.22
759694.00ms : 0.98;0.02;-0.16;2.93;-3.42;-20.63
759714.00ms : 0.95;-0.00;-0.15;0.92;-2.14;-20.75
759734.00ms : 0.95;-0.04;-0.16;-1.22;-1.40;-21.00
759754.00ms : 0.94;-0.05;-0.15;-3.78;-0.43;-21.06
759774.00ms : 0.95;-0.07;-0.17;-5.74;-0.18;-21.79
759794.00ms : 0.98;-0.06;-0.18;-6.53;-0.79;-22.09
759814.00ms : 0.97;-0.08;-0.18;-7.08;0.18;-20.75
759834.00ms : 0.93;-0.08;-0.18;-6.96;1.83;-21.30
759854.00ms : 0.93;-0.11;-0.19;-6.65;2.99;-25.88
759874.00ms : 0.99;-0.07;-0.17;-3.85;0.67;-27.34
759894.00ms : 1.01;-0.07;-0.16;0.49;-0.73;-23.68
759914.00ms : 0.96;-0.12;-0.16;3.60;0.67;-24.17
759934.00ms : 0.93;-0.14;-0.17;3.11;1.59;-28.26
759954.00ms : 0.94;-0.13;-0.18;1.95;1.16;-30.09
759974.00ms : 0.98;-0.11;-0.16;3.11;0.92;-29.85
759994.00ms : 0.98;-0.15;-0.17;3.60;1.28;-29.48
760014.00ms : 0.93;-0.18;-0.16;3.42;1.59;-29.66
760034.00ms : 0.92;-0.21;-0.19;2.69;2.81;-31.68
760054.00ms : 0.97;-0.18;-0.17;-1.28;5.43;-33.26
760074.00ms : 0.99;-0.17;-0.17;-3.91;6.04;-33.26
760094.00ms : 0.98;-0.19;-0.17;-3.30;5.00;-33.45
760114.00ms : 0.92;-0.21;-0.18;-1.10;5.13;-31.62
760134.00ms : 0.96;-0.18;-0.19;-1.59;5.43;-31.49
760154.00ms : 0.97;-0.20;-0.19;-1.77;7.51;-29.54
760174.00ms : 0.95;-0.24;-0.19;-2.75;8.79;-29.79
760194.00ms : 0.94;-0.26;-0.21;-3.48;8.18;-29.05
760214.00ms : 0.94;-0.24;-0.20;-3.66;7.57;-28.50
760234.00ms : 0.97;-0.23;-0.19;-3.54;8.30;-28.56
760254.00ms : 0.95;-0.24;-0.16;-3.36;9.77;-30.94
760274.00ms : 0.94;-0.26;-0.21;-2.62;8.30;-30.15
760294.00ms : 0.92;-0.29;-0.19;-1.77;7.26;-28.50
760314.00ms : 0.92;-0.31;-0.17;-4.64;9.34;-28.26
760334.00ms : 0.91;-0.34;-0.17;-12.88;13.12;-33.39
760354.00ms : 0.92;-0.32;-0.20;-21.79;14.28;-33.02
760374.00ms : 0.92;-0.33;-0.20;-23.99;12.70;-32.84
760394.00ms : 0.94;-0.35;-0.17;-25.57;10.38;-31.56
760414.00ms : 0.95;-0.32;-0.18;-26.79;8.61;-32.59
760434.00ms : 0.97;-0.31;-0.17;-26.00;7.75;-33.33
760454.00ms : 0.98;-0.28;-0.19;-22.09;5.92;-29.17
760474.00ms : 0.97;-0.27;-0.19;-11.47;1.40;-26.12
760494.00ms : 0.95;-0.29;-0.25;-3.36;-2.08;-21.12
760514.00ms : 0.95;-0.31;-0.24;5.37;-4.33;-18.31
760534.00ms : 0.95;-0.33;-0.23;9.89;-4.46;-17.64
760554.00ms : 0.90;-0.36;-0.26;13.67;-2.81;-15.01
760574.00ms : 0.84;-0.41;-0.27;10.93;1.89;-11.17
760594.00ms : 0.90;-0.39;-0.27;2.38;4.88;-11.47
760614.00ms : 0.93;-0.39;-0.27;-2.93;8.36;-13.73
760634.00ms : 0.95;-0.38;-0.27;-4.76;10.74;-16.85
760654.00ms : 0.88;-0.37;-0.24;-4.15;13.31;-14.40
760674.00ms : 0.90;-0.38;-0.24;-5.68;15.26;-14.10
760694.00ms : 0.92;-0.37;-0.23;-5.92;16.30;-14.16
760714.00ms : 0.92;-0.38;-0.22;-5.07;15.08;-13.61
760734.00ms : 0.94;-0.38;-0.18;-3.85;11.23;-9.70
760754.00ms : 0.99;-0.36;-0.18;-0.55;6.29;-8.42
760774.00ms : 0.93;-0.33;-0.20;1.95;3.23;-6.84
760794.00ms : 0.88;-0.35;-0.19;2.38;0.49;-1.83
760814.00ms : 0.89;-0.40;-0.24;-2.32;-0.67;0.00
760834.00ms : 0.94;-0.40;-0.25;-0.18;2.62;-2.01
760854.00ms : 0.94;-0.41;-0.26;4.21;5.37;-3.78
760874.00ms : 0.88;-0.46;-0.28;7.57;7.63;-6.16
760894.00ms : 0.82;-0.50;-0.30;3.42;9.09;-8.06
760914.00ms : 0.83;-0.52;-0.27;-2.81;9.46;-10.19
760934.00ms : 0.85;-0.51;-0.21;-8.42;7.45;-10.07
760954.00ms : 0.86;-0.46;-0.22;-11.84;3.17;-5.55
760974.00ms : 0.91;-0.42;-0.28;-5.25;1.77;-2.01
760994.00ms : 0.90;-0.42;-0.28;4.52;-0.37;1.04
761014.00ms : 0.89;-0.46;-0.25;8.85;-2.69;0.31
761034.00ms : 0.89;-0.45;-0.26;8.42;-4.33;-0.85
761054.00ms : 0.89;-0.42;-0.27;6.47;-3.30;1.65
761074.00ms : 0.91;-0.45;-0.28;3.97;-1.83;3.78
761094.00ms : 0.86;-0.46;-0.27;2.44;-0.61;5.43
761114.00ms : 0.86;-0.46;-0.27;-0.55;0.61;6.96
761134.00ms : 0.88;-0.44;-0.25;-0.79;0.67;7.39
761154.00ms : 0.90;-0.45;-0.27;0.79;0.18;7.26
761174.00ms : 0.90;-0.46;-0.23;4.09;-1.46;6.53
761194.00ms : 0.90;-0.45;-0.23;6.71;-2.56;5.00
761214.00ms : 0.88;-0.45;-0.25;7.69;-3.97;4.70
761234.00ms : 0.88;-0.44;-0.25;7.02;-3.85;6.65
761254.00ms : 0.90;-0.46;-0.25;5.00;-2.62;7.14
761274.00ms : 0.89;-0.47;-0.26;2.38;-1.89;5.62
761294.00ms : 0.90;-0.44;-0.26;2.08;-1.95;3.91
761314.00ms : 0.92;-0.39;-0.28;4.52;-4.58;5.49
761334.00ms : 0.91;-0.39;-0.28;7.57;-5.19;9.77
761354.00ms : 0.89;-0.44;-0.27;9.40;-4.27;11.78
761374.00ms : 0.89;-0.45;-0.25;10.25;-5.25;8.48
761394.00ms : 0.89;-0.43;-0.26;11.72;-5.68;6.10
761414.00ms : 0.90;-0.42;-0.26;11.72;-5.25;6.16
761434.00ms : 0.92;-0.43;-0.25;9.64;-4.33;6.84
761454.00ms : 0.90;-0.46;-0.27;6.29;-3.54;7.08
761474.00ms : 0.89;-0.47;-0.27;3.23;-2.56;3.85
761494.00ms : 0.89;-0.45;-0.27;0.18;-1.89;0.92
761514.00ms : 0.91;-0.43;-0.30;-2.62;-2.32;-1.04
761534.00ms : 0.90;-0.42;-0.27;-2.69;-0.55;1.34
761554.00ms : 0.89;-0.41;-0.27;-2.32;-1.10;2.38
761574.00ms : 0.90;-0.41;-0.26;0.12;-0.61;3.30
761594.00ms : 0.91;-0.40;-0.25;1.77;-0.61;1.77
761614.00ms : 0.92;-0.41;-0.25;2.69;-0.73;0.67
761634.00ms : 0.90;-0.40;-0.28;2.38;-0.79;1.34
761654.00ms : 0.90;-0.41;-0.27;4.27;-0.79;2.01
761674.00ms : 0.90;-0.42;-0.27;5.74;-1.28;1.71
761694.00ms : 0.90;-0.42;-0.28;6.41;-1.65;1.65
761714.00ms : 0.90;-0.43;-0.29;6.29;-1.59;2.93
761734.00ms : 0.90;-0.44;-0.27;6.71;-1.59;3.05
761754.00ms : 0.89;-0.42;-0.27;7.57;-1.16;2.87
761774.00ms : 0.91;-0.41;-0.27;8.97;-1.95;1.77
761794.00ms : 0.91;-0.40;-0.28;9.34;-2.14;2.44
761814.00ms : 0.90;-0.42;-0.28;7.87;-1.65;3.30
761834.00ms : 0.91;-0.44;-0.28;5.49;-0.79;2.44
761854.00ms : 0.91;-0.43;-0.28;3.91;-0.92;0.98
761874.00ms : 0.90;-0.44;-0.28;3.23;-0.31;1.22
761894.00ms : 0.89;-0.43;-0.28;1.40;-0.61;0.79
761914.00ms : 0.90;-0.41;-0.29;0.92;-0.31;1.46
761934.00ms : 0.92;-0.39;-0.28;2.87;-0.73;2.50
761954.00ms : 0.91;-0.41;-0.29;4.58;-1.28;3.23
761974.00ms : 0.90;-0.44;-0.28;4.27;-0.98;2.14
761994.00ms : 0.89;-0.45;-0.28;1.53;-0.49;0.06
762014.00ms : 0.91;-0.41;-0.29;-0.12;-0.67;0.92
762034.00ms : 0.90;-0.40;-0.29;0.98;0.00;2.14
762054.00ms : 0.91;-0.42;-0.28;0.85;-0.24;1.77
762074.00ms : 0.91;-0.42;-0.29;-0.06;-0.24;1.59
762094.00ms : 0.90;-0.43;-0.29;-1.59;0.43;2.20
762114.00ms : 0.90;-0.44;-0.29;-2.08;1.04;1.53
762134.00ms : 0.90;-0.42;-0.29;-3.11;0.98;0.85
762154.00ms : 0.91;-0.41;-0.28;-4.82;2.26;0.06
762174.00ms : 0.92;-0.39;-0.29;-6.53;2.87;0.37
762194.00ms : 0.91;-0.43;-0.30;-8.24;3.36;0.37
762214.00ms : 0.90;-0.45;-0.31;-8.85;2.56;-1.16
762234.00ms : 0.90;-0.41;-0.30;-7.08;1.40;-1.04
762254.00ms : 0.92;-0.39;-0.29;-4.09;-0.37;0.24
762274.00ms : 0.92;-0.40;-0.29;-0.98;-1.40;1.53
762294.00ms : 0.92;-0.41;-0.28;0.43;-2.56;0.98
762314.00ms : 0.90;-0.40;-0.29;1.16;-2.87;0.37
762334.00ms : 0.91;-0.40;-0.29;0.79;-2.38;-0.18
762354.00ms : 0.92;-0.40;-0.30;-0.24;-2.44;0.43
762374.00ms : 0.92;-0.40;-0.30;1.53;-2.69;1.34
762394.00ms : 0.90;-0.43;-0.28;2.69;-2.87;0.85
762414.00ms : 0.91;-0.42;-0.28;1.65;-2.99;-0.43
762434.00ms : 0.91;-0.41;-0.28;0.00;-2.87;-0.55
762454.00ms : 0.90;-0.41;-0.27;-0.67;-2.38;0.18
762474.00ms : 0.91;-0.43;-0.30;-2.26;-2.93;0.12
762494.00ms : 0.92;-0.41;-0.30;-1.89;-2.62;0.79
762514.00ms : 0.91;-0.42;-0.26;-0.67;-2.26;0.18
762534.00ms : 0.90;-0.40;-0.28;-1.59;-3.42;-0.67
762554.00ms : 0.89;-0.41;-0.28;-1.53;-2.38;0.67
762574.00ms : 0.91;-0.42;-0.28;-2.08;-1.95;0.67
762594.00ms : 0.91;-0.41;-0.27;-1.77;-2.01;-1.04
762614.00ms : 0.92;-0.39;-0.28;-0.49;-2.99;-1.77
762634.00ms : 0.90;-0.40;-0.28;0.24;-2.44;0.37
762654.00ms : 0.89;-0.44;-0.25;0.12;-1.77;0.06
762674.00ms : 0.91;-0.42;-0.26;-2.50;-2.01;-3.23
762694.00ms : 0.93;-0.42;-0.29;-4.58;-1.65;-3.66
762714.00ms : 0.91;-0.45;-0.25;-6.10;-0.37;-4.39
762734.00ms : 0.89;-0.47;-0.25;-10.07;1.71;-8.42
762754.00ms : 0.90;-0.44;-0.26;-13.79;2.32;-11.05
762774.00ms : 0.91;-0.42;-0.29;-17.15;2.81;-8.91
762794.00ms : 0.89;-0.42;-0.27;-16.36;4.21;-7.26
762814.00ms : 0.90;-0.43;-0.24;-16.60;5.00;-9.16
762834.00ms : 0.93;-0.42;-0.26;-16.42;3.66;-12.27
762854.00ms : 0.91;-0.39;-0.29;-14.65;2.62;-11.84
762874.00ms : 0.91;-0.43;-0.26;-12.63;2.62;-8.36
762894.00ms : 0.92;-0.45;-0.21;-11.41;-0.73;-8.18
762914.00ms : 0.93;-0.45;-0.19;-10.93;-0.67;-12.39
762934.00ms : 0.92;-0.44;-0.18;-14.53;5.62;-16.97
762954.00ms : 0.96;-0.43;-0.17;-21.12;3.17;-20.69
762974.00ms : 0.99;-0.35;-0.20;-23.93;2.56;-21.67
762994.00ms : 1.02;-0.33;-0.21;-14.34;2.01;-16.24
763014.00ms : 1.00;-0.30;-0.20;-2.26;-2.26;-12.02
763034.00ms : 0.93;-0.38;-0.18;5.92;-4.52;-7.63
763054.00ms : 0.95;-0.48;-0.15;4.15;-0.67;-12.70
763074.00ms : 0.91;-0.47;-0.17;-10.19;1.59;-12.33
763094.00ms : 0.93;-0.44;-0.16;-19.71;3.42;-12.39
763114.00ms : 0.97;-0.42;-0.19;-15.87;2.75;-12.76
763134.00ms : 1.02;-0.36;-0.19;-3.36;-0.55;-10.44
763154.00ms : 1.06;-0.38;-0.21;9.16;-2.38;-7.81
763174.00ms : 1.07;-0.47;-0.29;17.52;-1.40;-9.77
763194.00ms : 1.08;-0.55;-0.33;21.06;1.95;-19.47
763214.00ms : 1.09;-0.32;-0.24;20.39;-2.20;-18.55
763234.00ms : 0.96;-0.43;-0.24;32.10;5.49;-10.07
763254.00ms : 0.92;-0.65;-0.26;23.68;16.42;-12.57
763274.00ms : 0.96;-0.72;-0.24;-0.55;27.28;-17.70
763294.00ms : 0.94;-0.63;-0.28;-24.29;32.59;-19.59
763314.00ms : 0.99;-0.52;-0.29;-31.19;30.70;-10.25
763334.00ms : 0.99;-0.51;-0.27;-22.77;30.09;-6.04
763354.00ms : 0.98;-0.58;-0.28;-16.36;30.33;-4.27
763374.00ms : 1.01;-0.65;-0.25;-18.62;30.09;-8.00
763394.00ms : 0.94;-0.58;-0.30;-20.75;27.10;0.31
763414.00ms : 0.96;-0.60;-0.34;-15.93;31.56;5.31
763434.00ms : 0.91;-0.59;-0.33;-11.35;30.58;9.70
763454.00ms : 0.87;-0.59;-0.37;-8.06;30.40;17.27
763474.00ms : 0.84;-0.65;-0.36;-9.70;32.17;18.31
763494.00ms : 0.80;-0.59;-0.42;-7.87;27.22;26.12
763514.00ms : 0.84;-0.60;-0.44;-7.32;25.51;31.86
763534.00ms : 0.83;-0.57;-0.46;-2.44;19.35;35.64
763554.00ms : 0.81;-0.55;-0.49;1.22;15.20;34.91
763574.00ms : 0.80;-0.50;-0.50;7.32;11.47;36.74
763594.00ms : 0.79;-0.49;-0.52;11.54;9.64;40.22
763614.00ms : 0.78;-0.48;-0.49;13.24;11.47;38.45
763634.00ms : 0.82;-0.45;-0.48;16.91;10.80;38.21
763654.00ms : 0.79;-0.45;-0.48;17.88;16.11;37.66
763674.00ms : 0.81;-0.47;-0.47;16.78;22.22;38.21
763694.00ms : 0.89;-0.38;-0.49;18.25;22.89;42.36
763714.00ms : 0.93;-0.34;-0.49;20.87;21.30;45.29
763734.00ms : 0.90;-0.34;-0.50;23.80;19.90;46.08
763754.00ms : 0.86;-0.33;-0.51;24.60;21.42;47.42
763774.00ms : 0.88;-0.31;-0.52;26.67;21.36;50.35
763794.00ms : 0.88;-0.26;-0.49;28.26;20.69;51.94
763814.00ms : 0.89;-0.26;-0.51;28.02;21.18;53.34
763834.00ms : 0.89;-0.25;-0.50;26.86;21.73;54.26
763854.00ms : 0.87;-0.23;-0.48;25.63;20.02;55.73
763874.00ms : 0.88;-0.19;-0.51;26.18;19.65;57.86
763894.00ms : 0.91;-0.15;-0.58;27.10;18.62;60.49
763914.00ms : 0.90;-0.20;-0.55;26.06;18.13;61.04
763934.00ms : 0.89;-0.15;-0.57;22.71;20.20;58.96
763954.00ms : 0.89;-0.09;-0.57;19.84;15.99;61.89
763974.00ms : 0.92;-0.08;-0.60;18.31;15.08;66.22
763994.00ms : 0.83;-0.13;-0.57;18.13;17.40;61.16
764014.00ms : 0.83;-0.10;-0.59;15.75;20.94;56.64
764034.00ms : 0.85;-0.00;-0.61;16.91;18.86;56.88
764054.00ms : 0.89;-0.02;-0.58;18.86;20.81;56.82
764074.00ms : 0.94;-0.02;-0.64;20.32;18.37;57.25
764094.00ms : 1.00;0.01;-0.61;22.71;12.82;56.64
764114.00ms : 1.04;0.09;-0.60;27.95;5.19;63.72
764134.00ms : 1.04;0.06;-0.66;27.95;1.04;70.50
764154.00ms : 1.01;0.06;-0.68;25.63;0.06;72.39
764174.00ms : 0.94;0.05;-0.62;20.02;4.33;72.08
764194.00ms : 0.91;0.13;-0.62;15.32;4.82;77.82
764214.00ms : 0.93;0.20;-0.68;15.01;4.76;89.17
764234.00ms : 0.96;0.13;-0.71;10.62;10.68;90.45
764254.00ms : 0.97;0.10;-0.65;7.02;16.30;74.65
764274.00ms : 0.99;0.30;-0.66;6.96;11.29;76.11
764294.00ms : 1.00;0.40;-0.67;17.46;-2.56;92.90
764314.00ms : 1.05;0.30;-0.75;21.06;1.53;96.25
764334.00ms : 1.07;0.23;-0.62;23.50;-0.67;77.15
764354.00ms : 1.04;0.45;-0.66;24.41;-7.81;82.46
764374.00ms : 0.96;0.48;-0.60;23.50;-12.33;92.90
764394.00ms : 1.02;0.48;-0.59;27.04;-21.97;97.90
764414.00ms : 1.04;0.29;-0.61;23.32;-18.62;80.14
764434.00ms : 0.93;0.46;-0.62;18.13;-24.17;74.58
764454.00ms : 0.87;0.58;-0.55;10.44;-27.59;86.36
764474.00ms : 0.93;0.53;-0.59;18.74;-41.99;100.95
764494.00ms : 0.83;0.42;-0.67;28.50;-38.94;93.44
764514.00ms : 0.83;0.36;-0.53;20.39;-31.49;68.60
764534.00ms : 0.74;0.59;-0.45;6.71;-33.39;67.81
764554.00ms : 0.65;0.53;-0.44;2.87;-35.28;80.32
764574.00ms : 0.68;0.51;-0.65;14.04;-27.40;87.89
764594.00ms : 0.63;0.39;-0.50;-5.98;-32.96;71.90
764614.00ms : 0.64;0.48;-0.49;-15.38;-27.95;56.52
764634.00ms : 0.67;0.58;-0.43;-6.16;-44.49;71.84
764654.00ms : 0.61;0.53;-0.45;-3.42;-39.92;67.26
764674.00ms : 0.63;0.56;-0.42;1.83;-40.04;54.57
764694.00ms : 0.60;0.39;-0.45;15.20;-42.18;44.43
764714.00ms : 0.53;0.50;-0.44;12.15;-43.09;41.44
764734.00ms : 0.54;0.47;-0.43;12.33;-43.03;36.01
764754.00ms : 0.63;0.57;-0.41;11.78;-42.66;23.07
764774.00ms : 0.65;0.69;-0.34;19.10;-41.50;16.30
764794.00ms : 0.61;0.60;-0.37;25.63;-34.30;7.75
764814.00ms : 0.52;0.50;-0.40;29.11;-34.61;3.30
764834.00ms : 0.48;0.57;-0.34;29.30;-35.34;0.43
764854.00ms : 0.58;0.65;-0.29;32.59;-37.90;-4.70
764874.00ms : 0.60;0.73;-0.25;39.31;-35.58;-10.38
764894.00ms : 0.59;0.57;-0.25;41.20;-28.63;-13.12
764914.00ms : 0.58;0.47;-0.27;31.62;-28.08;-13.79
764934.00ms : 0.61;0.62;-0.23;24.84;-30.33;-20.57
764954.00ms : 0.70;0.79;-0.19;31.56;-33.39;-20.32
764974.00ms : 0.64;0.65;-0.21;37.72;-29.30;-16.60
764994.00ms : 0.61;0.56;-0.14;29.97;-22.16;-20.08
765014.00ms : 0.73;0.71;-0.10;21.42;-20.75;-28.32
765034.00ms : 0.83;0.86;-0.14;29.79;-22.77;-33.87
765054.00ms : 0.76;0.72;-0.14;44.43;-19.04;-28.50
765074.00ms : 0.61;0.52;-0.10;39.12;-12.70;-25.15
765094.00ms : 0.66;0.55;-0.11;21.79;-12.70;-24.78
765114.00ms : 0.77;0.73;-0.09;17.58;-14.34;-29.48
765134.00ms : 0.82;0.74;-0.06;23.25;-12.82;-30.64
765154.00ms : 0.81;0.64;-0.05;15.32;-9.89;-35.64
765174.00ms : 0.67;0.53;-0.10;17.27;-5.49;-27.47
765194.00ms : 0.71;0.67;-0.11;8.73;0.73;-33.51
765214.00ms : 0.79;0.63;-0.07;12.27;0.98;-36.62
765234.00ms : 0.79;0.57;-0.09;14.53;3.60;-38.39
765254.00ms : 0.72;0.50;-0.10;13.61;7.75;-43.03
765274.00ms : 0.71;0.58;-0.12;7.63;11.11;-49.87
765294.00ms : 0.79;0.56;-0.15;11.66;6.59;-44.56
765314.00ms : 0.75;0.50;-0.16;18.98;2.38;-37.11
765334.00ms : 0.75;0.45;-0.15;19.35;1.28;-34.18
765354.00ms : 0.78;0.48;-0.10;16.97;0.31;-35.89
765374.00ms : 0.84;0.55;-0.06;18.43;0.37;-40.89
765394.00ms : 0.88;0.50;-0.07;18.07;2.20;-38.15
765414.00ms : 0.77;0.38;-0.08;15.93;3.17;-35.83
765434.00ms : 0.79;0.48;-0.09;10.50;3.36;-38.33
765454.00ms : 0.86;0.50;-0.05;11.78;4.21;-37.66
765474.00ms : 0.85;0.51;-0.04;13.06;3.60;-40.53
765494.00ms : 0.88;0.49;-0.05;8.06;3.05;-35.95
765514.00ms : 0.85;0.41;-0.06;7.93;0.73;-33.57
765534.00ms : 0.85;0.46;-0.08;11.47;-1.04;-33.39
765554.00ms : 0.88;0.48;-0.07;13.49;-1.04;-35.52
765574.00ms : 0.85;0.37;-0.10;14.95;0.24;-33.08
765594.00ms : 0.83;0.28;-0.13;8.85;2.20;-30.76
765614.00ms : 0.90;0.36;-0.10;2.08;0.85;-31.92
765634.00ms : 0.90;0.44;-0.08;4.82;-1.59;-31.19
765654.00ms : 0.91;0.42;-0.12;10.62;-3.78;-27.28
765674.00ms : 0.88;0.34;-0.09;13.18;-1.65;-22.28
765694.00ms : 0.86;0.31;-0.10;7.51;1.89;-23.01
765714.00ms : 0.91;0.39;-0.11;2.08;1.34;-28.14
765734.00ms : 0.96;0.45;-0.05;6.16;-2.81;-25.33
765754.00ms : 0.95;0.41;-0.05;15.20;-3.60;-20.51
765774.00ms : 0.99;0.44;-0.02;17.70;-1.10;-21.18
765794.00ms : 0.92;0.36;-0.03;18.55;0.85;-21.73
765814.00ms : 0.86;0.29;-0.10;15.38;-1.65;-23.19
765834.00ms : 0.85;0.25;-0.12;12.57;-4.64;-21.24
765854.00ms : 0.88;0.22;-0.08;14.47;-7.08;-15.69
765874.00ms : 0.92;0.21;-0.09;11.72;-6.96;-12.08
765894.00ms : 0.93;0.27;-0.07;10.19;-8.00;-11.66
765914.00ms : 0.86;0.25;-0.09;11.17;-8.42;-11.66
765934.00ms : 0.86;0.21;-0.09;7.87;-5.00;-12.27
765954.00ms : 0.86;0.14;-0.07;1.28;0.18;-13.24
765974.00ms : 0.89;0.14;-0.09;-6.96;1.89;-17.03
765994.00ms : 0.91;0.23;-0.10;-5.74;0.55;-19.59
766014.00ms : 0.93;0.28;-0.07;2.26;-0.37;-17.21
766034.00ms : 0.88;0.19;-0.05;9.03;2.75;-13.24
766054.00ms : 0.85;0.09;-0.07;4.27;6.59;-16.97
766074.00ms : 0.89;0.11;-0.10;-2.14;5.07;-21.06
766094.00ms : 0.90;0.14;-0.08;2.38;0.61;-21.06
766114.00ms : 0.91;0.17;-0.07;8.30;0.61;-21.79
766134.00ms : 0.91;0.10;-0.06;10.74;6.84;-25.57
766154.00ms : 0.89;0.05;-0.11;7.39;8.54;-29.42
766174.00ms : 0.89;0.05;-0.11;5.00;6.16;-28.20
766194.00ms : 0.91;0.04;-0.06;4.39;5.19;-29.36
766214.00ms : 0.90;0.03;-0.06;3.17;8.24;-34.91
766234.00ms : 0.92;0.02;-0.07;-0.37;10.50;-39.92
766254.00ms : 0.93;0.03;-0.07;-2.69;8.79;-39.49
766274.00ms : 0.96;0.09;-0.06;1.28;5.00;-38.51
766294.00ms : 0.96;0.09;-0.07;8.24;3.23;-37.41
766314.00ms : 0.90;-0.02;-0.08;12.27;5.43;-39.12
766334.00ms : 0.92;-0.07;-0.07;9.52;5.68;-43.95
766354.00ms : 0.98;-0.01;-0.06;5.74;3.60;-44.92
766374.00ms : 0.99;0.02;-0.02;6.59;4.03;-45.90
766394.00ms : 0.96;-0.04;-0.11;4.27;5.25;-46.88
766414.00ms : 0.92;-0.10;-0.09;4.03;7.39;-44.49
766434.00ms : 0.98;-0.07;-0.07;1.71;4.70;-45.35
766454.00ms : 1.00;0.00;-0.06;1.77;4.46;-45.78
766474.00ms : 0.95;-0.06;-0.08;1.34;6.04;-48.28
766494.00ms : 0.92;-0.11;-0.11;-1.95;8.00;-50.23
766514.00ms : 0.99;-0.08;-0.11;-8.73;11.54;-49.99
766534.00ms : 1.02;-0.11;-0.10;-11.84;14.65;-52.06
766554.00ms : 0.96;-0.12;-0.10;-13.24;13.79;-52.86
766574.00ms : 0.90;-0.18;-0.17;-13.61;12.21;-50.90
766594.00ms : 0.97;-0.15;-0.12;-18.19;12.51;-49.38
766614.00ms : 1.00;-0.14;-0.14;-22.46;14.77;-49.19
766634.00ms : 1.02;-0.12;-0.14;-20.32;15.50;-48.10
766654.00ms : 0.97;-0.15;-0.19;-13.18;11.72;-41.81
766674.00ms : 1.00;-0.14;-0.12;-6.84;10.01;-38.09
766694.00ms : 1.00;-0.16;-0.14;-4.39;9.03;-37.41
766714.00ms : 0.99;-0.15;-0.14;-3.66;9.83;-37.54
766734.00ms : 0.92;-0.19;-0.16;-3.91;10.13;-34.00
766754.00ms : 0.92;-0.23;-0.17;-6.96;9.46;-28.44
766774.00ms : 0.98;-0.25;-0.15;-9.22;8.06;-27.65
766794.00ms : 0.99;-0.23;-0.15;-7.63;5.92;-30.09
766814.00ms : 0.98;-0.22;-0.15;-6.77;3.17;-28.38
766834.00ms : 0.94;-0.23;-0.17;-4.88;1.95;-23.86
766854.00ms : 0.96;-0.22;-0.18;-1.95;2.81;-21.18
766874.00ms : 0.94;-0.28;-0.18;0.18;5.92;-20.20
766894.00ms : 0.93;-0.34;-0.17;-5.07;9.34;-22.46
766914.00ms : 0.92;-0.33;-0.18;-10.86;11.84;-24.90
766934.00ms : 0.93;-0.29;-0.24;-17.03;12.82;-23.62
766954.00ms : 0.94;-0.28;-0.22;-16.85;15.26;-22.03
766974.00ms : 0.93;-0.30;-0.21;-16.72;19.17;-26.49
766994.00ms : 0.94;-0.30;-0.22;-21.12;22.46;-29.72
767014.00ms : 0.94;-0.32;-0.24;-25.15;25.33;-28.99
767034.00ms : 0.93;-0.31;-0.24;-25.33;26.25;-25.02
767054.00ms : 0.94;-0.34;-0.25;-25.51;26.92;-23.38
767074.00ms : 0.92;-0.36;-0.23;-23.86;27.83;-26.55
767094.00ms : 0.92;-0.34;-0.24;-26.49;28.26;-26.92
767114.00ms : 0.95;-0.32;-0.25;-29.24;27.95;-23.80
767134.00ms : 0.92;-0.29;-0.25;-23.38;25.39;-22.64
767154.00ms : 0.94;-0.32;-0.23;-16.97;23.25;-22.71
767174.00ms : 0.92;-0.33;-0.22;-14.28;21.42;-22.58
767194.00ms : 0.94;-0.33;-0.19;-16.78;21.18;-20.51
767214.00ms : 0.95;-0.31;-0.20;-17.52;18.55;-20.14
767234.00ms : 0.98;-0.28;-0.19;-13.79;13.98;-16.30
767254.00ms : 1.02;-0.31;-0.09;-10.86;5.62;-11.84
767274.00ms : 0.93;-0.30;-0.08;-8.97;3.36;-10.13
767294.00ms : 0.92;-0.24;-0.23;-7.81;6.90;-7.02
767314.00ms : 0.98;-0.36;-0.23;-5.92;11.72;-10.44
767334.00ms : 0.95;-0.42;-0.22;-0.85;6.23;-16.11
767354.00ms : 0.92;-0.39;-0.26;2.87;-0.79;-16.05
767374.00ms : 0.91;-0.34;-0.26;12.63;-5.98;-8.42
767394.00ms : 0.86;-0.39;-0.25;26.55;-6.77;1.46
767414.00ms : 0.84;-0.48;-0.29;27.71;-9.16;7.63
767434.00ms : 0.85;-0.52;-0.30;21.61;-13.24;4.46
767454.00ms : 0.84;-0.54;-0.31;23.86;-17.52;0.73
767474.00ms : 0.84;-0.52;-0.30;20.57;-16.36;-0.31
767494.00ms : 0.84;-0.50;-0.29;14.04;-10.74;-1.04
767514.00ms : 0.85;-0.47;-0.30;5.68;-3.23;-3.54
767534.00ms : 0.87;-0.41;-0.33;0.12;2.38;-3.91
767554.00ms : 0.92;-0.35;-0.30;-0.67;5.07;-1.71
767574.00ms : 0.98;-0.35;-0.24;0.06;6.41;1.53
767594.00ms : 1.00;-0.35;-0.17;0.61;4.88;5.74
767614.00ms : 0.94;-0.35;-0.16;1.83;3.48;9.16
767634.00ms : 0.89;-0.42;-0.20;3.17;2.75;9.09
767654.00ms : 0.87;-0.51;-0.24;0.67;4.39;5.07
767674.00ms : 0.88;-0.53;-0.30;-5.92;4.39;3.97
767694.00ms : 0.87;-0.50;-0.33;-9.89;4.94;3.48
767714.00ms : 0.88;-0.45;-0.30;-8.06;4.15;2.26
767734.00ms : 0.90;-0.41;-0.28;-5.86;2.50;4.76
767754.00ms : 0.91;-0.44;-0.26;-4.46;2.01;6.04
767774.00ms : 0.92;-0.43;-0.26;-4.88;0.67;5.00
767794.00ms : 0.90;-0.42;-0.29;-2.62;-0.06;6.16
767814.00ms : 0.89;-0.43;-0.29;0.92;0.31;6.41
767834.00ms : 0.91;-0.43;-0.29;1.95;-0.55;5.80
767854.00ms : 0.92;-0.40;-0.28;1.04;-2.87;7.87
767874.00ms : 0.91;-0.38;-0.26;3.91;-3.97;8.91
767894.00ms : 0.91;-0.39;-0.27;7.69;-3.42;6.90
767914.00ms : 0.91;-0.42;-0.27;7.39;-2.62;4.33
767934.00ms : 0.92;-0.40;-0.28;3.97;-3.78;3.36
767954.00ms : 0.91;-0.40;-0.29;3.42;-3.05;4.94
767974.00ms : 0.92;-0.39;-0.26;5.19;-2.93;3.54
767994.00ms : 0.92;-0.37;-0.27;7.26;-4.21;2.69
768014.00ms : 0.91;-0.40;-0.27;8.54;-3.78;3.78
768034.00ms : 0.90;-0.44;-0.29;7.02;-3.23;3.85
768054.00ms : 0.90;-0.44;-0.27;3.85;-2.99;1.83
768074.00ms : 0.91;-0.42;-0.27;3.60;-2.75;0.18
768094.00ms : 0.91;-0.40;-0.27;4.03;-2.01;-0.49
768114.00ms : 0.91;-0.40;-0.28;4.76;-1.89;1.40
768134.00ms : 0.91;-0.43;-0.28;3.60;-1.40;2.50
768154.00ms : 0.91;-0.43;-0.27;2.14;-1.71;0.98
768174.00ms : 0.90;-0.41;-0.27;1.28;-0.98;-0.12
768194.00ms : 0.91;-0.40;-0.28;0.37;-0.31;0.49
768214.00ms : 0.90;-0.43;-0.28;-1.10;0.67;1.71
768234.00ms : 0.90;-0.46;-0.28;-4.15;1.40;0.85
768254.00ms : 0.90;-0.45;-0.28;-6.04;1.46;-1.04
768274.00ms : 0.92;-0.39;-0.28;-3.36;-0.06;-0.85
768294.00ms : 0.92;-0.37;-0.28;1.28;-1.40;1.10
768314.00ms : 0.90;-0.39;-0.26;4.94;-1.95;2.38
768334.00ms : 0.91;-0.40;-0.28;2.75;-1.53;1.16
768354.00ms : 0.91;-0.41;-0.27;1.40;-1.46;0.43
768374.00ms : 0.91;-0.39;-0.29;3.05;-1.46;0.43
768394.00ms : 0.91;-0.40;-0.28;5.07;-1.53;1.95
768414.00ms : 0.91;-0.41;-0.27;5.55;-2.56;1.95
768434.00ms : 0.91;-0.41;-0.29;4.70;-2.38;2.26
768454.00ms : 0.91;-0.43;-0.28;2.69;-1.89;0.85
768474.00ms : 0.90;-0.42;-0.28;0.49;-1.53;-0.12
768494.00ms : 0.91;-0.39;-0.28;1.40;-1.65;0.12
768514.00ms : 0.91;-0.40;-0.29;2.14;-1.71;1.77
768534.00ms : 0.91;-0.41;-0.28;1.22;-1.59;2.01
768554.00ms : 0.91;-0.40;-0.28;1.53;-1.53;0.98
768574.00ms : 0.91;-0.42;-0.29;1.34;-1.46;0.67
768594.00ms : 0.90;-0.43;-0.28;1.89;-1.28;1.04
768614.00ms : 0.91;-0.41;-0.27;2.62;-1.16;0.43
768634.00ms : 0.91;-0.39;-0.27;2.56;-1.34;0.79
768654.00ms : 0.91;-0.40;-0.28;1.34;-1.04;1.34
768674.00ms : 0.91;-0.42;-0.28;0.18;-0.92;1.95
768694.00ms : 0.90;-0.44;-0.30;-0.55;-1.16;0.92
768714.00ms : 0.90;-0.44;-0.28;-0.61;-0.37;-0.18
768734.00ms : 0.91;-0.40;-0.27;-1.10;-0.43;-0.92
768754.00ms : 0.92;-0.38;-0.28;-1.04;-0.98;0.49
768774.00ms : 0.91;-0.37;-0.29;0.31;-0.85;1.59
768794.00ms : 0.91;-0.38;-0.28;1.95;-1.46;1.71
768814.00ms : 0.91;-0.41;-0.28;2.44;-1.65;0.92
768834.00ms : 0.90;-0.44;-0.29;1.28;-1.34;0.18
768854.00ms : 0.90;-0.42;-0.29;0.73;-1.16;0.67
768874.00ms : 0.92;-0.41;-0.28;1.16;-1.22;0.67
768894.00ms : 0.92;-0.40;-0.29;1.46;-1.46;1.04
768914.00ms : 0.92;-0.40;-0.28;0.55;-2.01;1.65
768934.00ms : 0.90;-0.42;-0.26;0.67;-1.28;1.10
768954.00ms : 0.92;-0.41;-0.28;0.98;-1.95;-0.31
768974.00ms : 0.90;-0.39;-0.28;2.93;-1.89;0.67
768994.00ms : 0.91;-0.41;-0.29;4.03;-2.26;0.98
769014.00ms : 0.91;-0.41;-0.29;3.36;-2.20;0.98
769034.00ms : 0.91;-0.41;-0.27;2.38;-1.95;0.37
769054.00ms : 0.90;-0.41;-0.28;1.53;-1.16;-0.18
769074.00ms : 0.90;-0.40;-0.28;0.49;-1.46;-0.37
769094.00ms : 0.90;-0.40;-0.29;0.18;-1.77;0.85
769114.00ms : 0.91;-0.43;-0.29;0.55;-1.71;1.16
769134.00ms : 0.91;-0.43;-0.28;-0.18;-1.04;0.18
769154.00ms : 0.91;-0.41;-0.29;-1.28;-1.22;-0.12
769174.00ms : 0.91;-0.40;-0.29;-1.34;-1.34;0.00
769194.00ms : 0.92;-0.39;-0.29;-0.49;-1.46;0.73
769214.00ms : 0.91;-0.40;-0.28;0.79;-1.59;1.59
769234.00ms : 0.91;-0.42;-0.29;1.04;-1.59;1.71
769254.00ms : 0.90;-0.44;-0.29;-0.06;-1.77;0.85
769274.00ms : 0.91;-0.42;-0.28;-1.40;-1.16;0.24
769294.00ms : 0.92;-0.40;-0.28;-0.67;-2.08;0.24
769314.00ms : 0.91;-0.39;-0.28;1.40;-2.20;1.46
769334.00ms : 0.91;-0.41;-0.28;1.34;-1.40;1.65
769354.00ms : 0.91;-0.42;-0.28;-1.34;0.00;0.73
769374.00ms : 0.91;-0.41;-0.29;-3.30;-0.31;-0.18
769394.00ms : 0.92;-0.39;-0.29;-2.26;-1.46;0.24
769414.00ms : 0.91;-0.40;-0.28;-0.43;-1.22;1.22
769434.00ms : 0.91;-0.41;-0.28;-0.49;-1.34;0.92
769454.00ms : 0.91;-0.40;-0.29;-0.55;-1.77;1.22
769474.00ms : 0.91;-0.41;-0.28;0.12;-1.83;0.79
769494.00ms : 0.91;-0.41;-0.28;-0.06;-1.89;1.22
769514.00ms : 0.92;-0.40;-0.28;0.06;-1.83;0.85
769534.00ms : 0.92;-0.40;-0.28;1.10;-1.89;0.73
769554.00ms : 0.91;-0.40;-0.29;2.44;-2.56;0.37
769574.00ms : 0.91;-0.40;-0.28;2.75;-2.08;1.34
769594.00ms : 0.91;-0.42;-0.28;2.75;-2.38;0.55
769614.00ms : 0.91;-0.40;-0.28;2.14;-2.20;0.49
769634.00ms : 0.91;-0.40;-0.28;2.32;-2.20;0.98
769654.00ms : 0.91;-0.42;-0.28;1.77;-1.89;0.92
769674.00ms : 0.91;-0.41;-0.29;0.67;-1.46;-0.06
769694.00ms : 0.91;-0.41;-0.29;0.37;-2.01;0.18
769714.00ms : 0.90;-0.41;-0.28;1.28;-1.89;1.22
769734.00ms : 0.91;-0.40;-0.28;1.22;-1.59;1.04
769754.00ms : 0.91;-0.40;-0.28;0.31;-1.59;0.79
769774.00ms : 0.91;-0.41;-0.29;-0.79;-1.04;0.92
769794.00ms : 0.91;-0.41;-0.28;-0.55;-1.22;0.24
769814.00ms : 0.91;-0.41;-0.28;-0.12;-1.10;0.92
769834.00ms : 0.91;-0.41;-0.28;-0.18;-0.92;0.92
769854.00ms : 0.91;-0.41;-0.28;-1.34;-0.79;0.55
769874.00ms : 0.90;-0.42;-0.27;-2.50;0.06;0.37
769894.00ms : 0.92;-0.39;-0.28;-2.50;-0.85;0.24
769914.00ms : 0.91;-0.40;-0.28;-0.55;-1.22;1.22
769934.00ms : 0.91;-0.40;-0.28;0.06;-1.10;1.59
769954.00ms : 0.91;-0.42;-0.29;0.12;-1.04;1.34
769974.00ms : 0.90;-0.42;-0.28;0.37;-0.98;0.31
769994.00ms : 0.91;-0.40;-0.28;-0.18;-1.34;0.18
770014.00ms : 0.92;-0.38;-0.28;-0.18;-0.92;0.61
770034.00ms : 0.91;-0.38;-0.28;0.00;-0.92;0.92
770054.00ms : 0.91;-0.40;-0.29;0.79;-0.79;0.73
770074.00ms : 0.90;-0.41;-0.28;0.37;-0.73;0.73
770094.00ms : 0.91;-0.41;-0.29;0.12;-1.16;0.31
770114.00ms : 0.91;-0.41;-0.28;-0.61;-1.22;0.55
770134.00ms : 0.91;-0.40;-0.29;-0.24;-1.22;0.55
770154.00ms : 0.91;-0.40;-0.28;-0.06;-1.46;0.73
770174.00ms : 0.91;-0.41;-0.28;-0.06;-1.10;0.85
770194.00ms : 0.91;-0.41;-0.29;0.06;-1.40;0.06
770214.00ms : 0.91;-0.41;-0.28;0.31;-1.04;0.43
770234.00ms : 0.91;-0.40;-0.28;-0.06;-1.22;0.61
770254.00ms : 0.91;-0.40;-0.28;-0.24;-1.40;0.79
770274.00ms : 0.91;-0.41;-0.28;-0.12;-0.98;1.04
770294.00ms : 0.91;-0.41;-0.28;-0.31;-1.28;0.24
770314.00ms : 0.91;-0.39;-0.28;-0.85;-1.16;0.79
770334.00ms : 0.91;-0.40;-0.28;-0.49;-0.73;0.85
770354.00ms : 0.91;-0.40;-0.29;-0.49;-1.04;0.67
770374.00ms : 0.91;-0.41;-0.29;-0.61;-0.67;0.61
770394.00ms : 0.91;-0.42;-0.28;-1.95;-0.06;0.18
770414.00ms : 0.91;-0.41;-0.29;-3.42;0.12;0.24
770434.00ms : 0.91;-0.42;-0.29;-4.33;1.04;-0.12
770454.00ms : 0.91;-0.41;-0.29;-5.55;0.18;0.18
770474.00ms : 0.92;-0.38;-0.29;-5.25;-0.61;0.73
770494.00ms : 0.92;-0.39;-0.28;-2.75;-1.34;1.34
770514.00ms : 0.92;-0.40;-0.28;-1.16;-2.08;1.59
770534.00ms : 0.90;-0.41;-0.27;-0.67;-1.22;1.77
770554.00ms : 0.92;-0.41;-0.28;-1.10;-1.34;0.43
770574.00ms : 0.92;-0.39;-0.29;-1.40;-1.71;0.73
770594.00ms : 0.92;-0.38;-0.27;-0.61;-2.20;1.83
770614.00ms : 0.91;-0.40;-0.27;0.06;-2.08;1.65
770634.00ms : 0.91;-0.39;-0.28;0.37;-1.83;0.85
770654.00ms : 0.92;-0.38;-0.29;0.37;-1.89;1.46
770674.00ms : 0.91;-0.40;-0.28;0.00;-1.65;1.34
770694.00ms : 0.91;-0.41;-0.27;0.06;-1.46;0.85
770714.00ms : 0.92;-0.40;-0.28;0.31;-1.46;0.31
770734.00ms : 0.91;-0.38;-0.28;0.98;-2.26;0.24
770754.00ms : 0.91;-0.40;-0.28;1.28;-1.83;0.98
770774.00ms : 0.91;-0.41;-0.28;1.34;-2.14;0.67
770794.00ms : 0.91;-0.41;-0.28;1.40;-2.01;-0.06
770814.00ms : 0.91;-0.39;-0.28;1.34;-2.20;0.24
770834.00ms : 0.92;-0.40;-0.27;1.53;-2.08;0.31
770854.00ms : 0.91;-0.40;-0.28;0.73;-1.59;0.67
770874.00ms : 0.91;-0.40;-0.28;0.67;-1.71;0.37
770894.00ms : 0.91;-0.40;-0.28;0.98;-1.59;0.06
770914.00ms : 0.91;-0.40;-0.28;1.46;-1.71;-0.24
770934.00ms : 0.91;-0.41;-0.29;1.22;-1.40;0.79
770954.00ms : 0.91;-0.42;-0.28;0.55;-1.71;0.73
770974.00ms : 0.91;-0.41;-0.28;-0.31;-1.22;0.00
770994.00ms : 0.91;-0.39;-0.28;-0.31;-1.77;-0.18
771014.00ms : 0.92;-0.39;-0.28;0.85;-1.40;0.73
771034.00ms : 0.91;-0.40;-0.28;1.59;-1.95;0.85
771054.00ms : 0.90;-0.42;-0.28;-0.06;-1.28;0.55
771074.00ms : 0.91;-0.41;-0.28;-1.16;-1.10;0.06
771094.00ms : 0.91;-0.39;-0.28;-0.85;-1.22;-0.18
771114.00ms : 0.91;-0.38;-0.28;0.18;-1.46;0.92
771134.00ms : 0.91;-0.40;-0.27;0.92;-1.22;0.79
771154.00ms : 0.91;-0.40;-0.28;0.12;-1.46;0.67
771174.00ms : 0.91;-0.40;-0.28;0.18;-1.28;0.49
771194.00ms : 0.92;-0.40;-0.29;0.85;-1.77;0.18
771214.00ms : 0.91;-0.41;-0.27;0.79;-1.16;0.37
771234.00ms : 0.91;-0.40;-0.28;0.00;-1.16;0.37
771254.00ms : 0.90;-0.42;-0.28;-0.55;-0.61;0.00
771274.00ms : 0.91;-0.40;-0.28;-0.49;-0.73;-0.24
771294.00ms : 0.91;-0.39;-0.28;-0.43;-0.79;0.31
771314.00ms : 0.91;-0.40;-0.28;-0.43;-0.79;0.55
771334.00ms : 0.91;-0.40;-0.28;-0.18;-1.04;0.73
771354.00ms : 0.91;-0.40;-0.28;0.43;-0.98;0.92
771374.00ms : 0.91;-0.41;-0.28;0.67;-1.28;0.18
771394.00ms : 0.91;-0.42;-0.28;-0.31;-0.98;0.18
771414.00ms : 0.91;-0.41;-0.29;-1.10;-1.04;0.55
771434.00ms : 0.91;-0.40;-0.28;-1.04;-0.37;0.43
771454.00ms : 0.92;-0.40;-0.28;-0.55;-0.73;0.24
771474.00ms : 0.91;-0.39;-0.28;-0.18;-1.10;0.55
771494.00ms : 0.91;-0.41;-0.28;-0.24;-1.16;1.10
771514.00ms : 0.91;-0.41;-0.27;-0.31;-1.04;0.49
771534.00ms : 0.91;-0.39;-0.28;-0.67;-0.73;-0.06
771554.00ms : 0.91;-0.39;-0.27;-0.49;-0.43;0.24
771574.00ms : 0.91;-0.40;-0.28;-1.34;0.00;0.49
771594.00ms : 0.90;-0.43;-0.26;-3.66;2.01;-0.12
771614.00ms : 0.91;-0.42;-0.27;-7.57;2.20;-2.14
771634.00ms : 0.92;-0.37;-0.28;-8.18;2.14;-1.95
771654.00ms : 0.91;-0.40;-0.30;-8.30;1.95;0.55
771674.00ms : 0.92;-0.40;-0.30;-7.02;0.55;0.43
