360098.00ms : 0.96;-0.33;-0.27;-13.18;5.13;0.12
360117.00ms : 0.95;-0.31;-0.29;-11.05;2.81;-1.95
360137.00ms : 0.98;-0.32;-0.31;-7.87;7.20;-2.93
360157.00ms : 0.99;-0.33;-0.29;-2.93;-1.95;-3.11
360177.00ms : 0.92;-0.31;-0.29;-0.43;-2.50;-0.61
360197.00ms : 0.96;-0.34;-0.26;0.31;-3.78;0.43
360217.00ms : 0.88;-0.30;-0.27;-0.67;-4.21;7.32
360237.00ms : 0.96;-0.36;-0.30;1.71;-4.46;8.67
360257.00ms : 0.93;-0.34;-0.29;4.46;-6.53;4.88
360277.00ms : 0.94;-0.36;-0.28;2.87;-7.14;7.81
360297.00ms : 0.95;-0.35;-0.28;-0.61;-8.73;7.26
360317.00ms : 0.93;-0.33;-0.29;-0.06;-4.46;2.87
360337.00ms : 0.97;-0.33;-0.26;-0.79;-5.25;4.03
360357.00ms : 0.96;-0.32;-0.26;-5.62;-7.81;7.75
360377.00ms : 0.92;-0.30;-0.27;-3.42;-5.00;3.11
360397.00ms : 0.94;-0.32;-0.27;-1.53;-5.74;5.80
360417.00ms : 0.94;-0.30;-0.25;-1.53;-5.00;5.31
360437.00ms : 0.95;-0.24;-0.20;-0.49;-3.05;5.55
360457.00ms : 0.95;-0.24;-0.21;3.48;-4.70;8.36
360477.00ms : 0.93;-0.31;-0.26;8.61;-4.70;5.80
360497.00ms : 0.93;-0.36;-0.29;10.99;-5.62;2.93
360517.00ms : 0.93;-0.35;-0.29;11.23;-6.71;1.77
360537.00ms : 0.89;-0.34;-0.24;10.74;-3.72;1.40
360557.00ms : 0.91;-0.34;-0.20;8.48;-2.93;-0.79
360577.00ms : 0.93;-0.27;-0.20;7.32;-2.14;-1.77
360597.00ms : 0.97;-0.21;-0.20;6.77;-2.81;0.85
360617.00ms : 0.91;-0.24;-0.20;13.67;-1.04;0.67
360637.00ms : 0.92;-0.33;-0.23;12.21;2.69;-3.42
360657.00ms : 0.93;-0.33;-0.23;5.55;2.44;-8.67
360677.00ms : 0.93;-0.31;-0.28;0.85;1.65;-8.73
360697.00ms : 0.93;-0.34;-0.30;2.26;1.46;-6.84
360717.00ms : 0.92;-0.37;-0.29;4.70;-0.24;-5.80
360737.00ms : 0.93;-0.36;-0.28;5.07;1.22;-6.59
360757.00ms : 0.93;-0.37;-0.28;3.60;2.44;-6.10
360777.00ms : 0.91;-0.38;-0.23;2.26;4.88;-7.75
360797.00ms : 0.92;-0.33;-0.23;-1.16;5.49;-10.80
360817.00ms : 0.96;-0.26;-0.28;0.79;2.69;-7.69
360837.00ms : 0.94;-0.29;-0.28;9.46;3.66;-5.68
360857.00ms : 0.91;-0.32;-0.26;11.35;4.03;-8.42
360877.00ms : 0.93;-0.30;-0.27;9.52;4.15;-7.69
360897.00ms : 0.92;-0.34;-0.29;7.63;6.10;-7.75
360917.00ms : 0.90;-0.33;-0.28;6.65;8.54;-8.61
360937.00ms : 0.93;-0.32;-0.28;5.37;7.45;-7.87
360957.00ms : 0.93;-0.35;-0.29;6.71;8.00;-7.69
360977.00ms : 0.92;-0.40;-0.31;7.63;9.83;-8.79
360997.00ms : 0.90;-0.38;-0.31;5.43;11.35;-9.70
361017.00ms : 0.92;-0.40;-0.30;5.25;11.66;-7.26
361037.00ms : 0.91;-0.40;-0.30;5.00;10.50;-6.65
361057.00ms : 0.92;-0.43;-0.36;4.82;10.68;-5.80
361077.00ms : 0.93;-0.43;-0.34;5.07;10.50;-7.57
361097.00ms : 0.92;-0.40;-0.35;5.19;7.69;-3.42
361117.00ms : 0.92;-0.43;-0.36;8.00;7.87;-1.59
361137.00ms : 0.92;-0.45;-0.33;8.67;7.26;-3.30
361157.00ms : 0.92;-0.41;-0.33;4.88;6.04;-6.16
361177.00ms : 0.92;-0.36;-0.34;0.67;5.98;-3.05
361197.00ms : 0.92;-0.42;-0.35;-0.18;6.10;1.22
361217.00ms : 0.93;-0.45;-0.40;-1.22;5.62;2.69
361237.00ms : 0.94;-0.48;-0.40;-2.56;4.64;0.73
361257.00ms : 0.94;-0.46;-0.42;-3.11;2.56;-0.85
361277.00ms : 0.95;-0.47;-0.43;-2.75;1.46;0.00
361297.00ms : 0.95;-0.51;-0.43;-3.60;-0.55;0.49
361317.00ms : 0.95;-0.53;-0.44;-2.81;-3.05;2.32
361337.00ms : 0.94;-0.54;-0.41;-0.98;-3.85;-2.32
361357.00ms : 0.93;-0.48;-0.39;-1.16;-7.32;-3.11
361377.00ms : 0.93;-0.46;-0.37;-1.40;-8.85;-0.31
361397.00ms : 0.91;-0.49;-0.36;-0.98;-9.58;0.24
361417.00ms : 0.91;-0.49;-0.34;-4.09;-10.56;-0.18
361437.00ms : 0.93;-0.48;-0.37;-8.36;-10.93;-0.67
361457.00ms : 0.92;-0.47;-0.39;-9.64;-9.58;-2.62
361477.00ms : 0.93;-0.45;-0.35;-10.99;-10.93;-1.95
361497.00ms : 0.90;-0.43;-0.36;-10.62;-11.84;-4.94
361517.00ms : 0.95;-0.44;-0.38;-10.07;-11.41;-4.70
361537.00ms : 0.92;-0.45;-0.36;-8.30;-12.27;-4.58
361557.00ms : 0.90;-0.40;-0.31;-6.71;-14.22;-4.76
361577.00ms : 0.94;-0.39;-0.29;-7.93;-16.30;-0.73
361597.00ms : 0.89;-0.40;-0.27;-7.45;-16.48;1.34
361617.00ms : 0.91;-0.42;-0.28;-8.06;-15.44;0.98
361637.00ms : 0.94;-0.44;-0.24;-7.45;-15.08;0.73
361657.00ms : 0.94;-0.40;-0.18;-12.76;-16.24;4.21
361677.00ms : 0.95;-0.38;-0.17;-16.36;-12.51;5.68
361697.00ms : 0.98;-0.32;-0.11;-22.16;-15.81;7.45
361717.00ms : 1.00;-0.21;-0.00;-16.30;-28.14;16.72
361737.00ms : 0.96;-0.30;-0.16;3.17;-32.10;9.40
361757.00ms : 0.93;-0.38;-0.10;21.61;-34.61;-2.50
361777.00ms : 0.90;-0.43;-0.10;26.55;-38.15;-15.38
361797.00ms : 0.80;-0.56;-0.09;20.87;-34.24;-25.02
361817.00ms : 0.72;-0.74;-0.04;6.04;-28.02;-41.38
361837.00ms : 0.69;-0.86;-0.08;-25.76;-20.87;-53.22
361857.00ms : 0.75;-0.73;-0.14;-54.99;-16.97;-58.78
361877.00ms : 0.85;-0.58;-0.13;-63.72;-18.98;-59.63
361897.00ms : 0.92;-0.49;-0.13;-53.77;-26.12;-56.76
361917.00ms : 0.88;-0.45;-0.12;-27.65;-36.44;-49.74
361937.00ms : 0.83;-0.57;-0.10;-8.30;-41.14;-46.26
361957.00ms : 0.81;-0.66;-0.12;-9.28;-42.05;-49.07
361977.00ms : 0.82;-0.64;-0.13;-17.52;-43.03;-50.60
361997.00ms : 0.84;-0.61;-0.09;-17.15;-42.85;-52.06
362017.00ms : 0.85;-0.61;-0.07;-15.63;-41.99;-53.96
362037.00ms : 0.84;-0.59;-0.07;-11.54;-40.95;-54.32
362057.00ms : 0.80;-0.59;-0.08;-8.42;-41.26;-55.60
362077.00ms : 0.81;-0.59;-0.07;-3.72;-43.03;-57.43
362097.00ms : 0.79;-0.58;-0.06;1.59;-43.95;-57.56
362117.00ms : 0.74;-0.66;-0.04;3.42;-41.69;-59.33
362137.00ms : 0.71;-0.68;-0.04;-4.76;-39.25;-62.62
362157.00ms : 0.69;-0.68;-0.02;-14.77;-35.58;-65.98
362177.00ms : 0.74;-0.65;-0.02;-21.73;-32.78;-69.09
362197.00ms : 0.72;-0.65;0.00;-23.25;-29.17;-68.30
362217.00ms : 0.65;-0.67;0.00;-25.63;-24.60;-67.02
362237.00ms : 0.67;-0.71;0.02;-30.27;-21.36;-65.73
362257.00ms : 0.66;-0.71;0.02;-31.92;-20.51;-65.12
362277.00ms : 0.62;-0.69;0.01;-31.19;-20.45;-62.56
362297.00ms : 0.59;-0.72;0.08;-28.63;-22.58;-62.68
362317.00ms : 0.58;-0.69;0.09;-24.96;-26.37;-60.61
362337.00ms : 0.55;-0.69;0.10;-17.21;-28.20;-57.80
362357.00ms : 0.54;-0.71;0.11;-9.77;-29.85;-56.95
362377.00ms : 0.53;-0.72;0.12;-4.15;-31.49;-56.64
362397.00ms : 0.50;-0.74;0.12;0.12;-32.96;-56.76
362417.00ms : 0.46;-0.81;0.14;1.04;-31.86;-55.85
362437.00ms : 0.42;-0.83;0.14;-4.76;-30.03;-57.01
362457.00ms : 0.42;-0.82;0.15;-10.93;-27.95;-60.24
362477.00ms : 0.42;-0.81;0.15;-15.20;-27.10;-62.32
362497.00ms : 0.39;-0.82;0.16;-17.88;-24.84;-61.65
362517.00ms : 0.36;-0.82;0.18;-21.61;-22.95;-62.56
362537.00ms : 0.35;-0.80;0.18;-25.51;-23.19;-64.94
362557.00ms : 0.34;-0.80;0.18;-27.22;-23.99;-65.73
362577.00ms : 0.31;-0.81;0.20;-28.02;-24.48;-65.00
362597.00ms : 0.28;-0.82;0.21;-29.48;-24.96;-64.15
362617.00ms : 0.27;-0.81;0.22;-32.53;-25.51;-64.70
362637.00ms : 0.25;-0.80;0.22;-34.36;-26.73;-64.03
362657.00ms : 0.23;-0.78;0.21;-35.22;-27.16;-61.77
362677.00ms : 0.21;-0.79;0.23;-35.34;-27.89;-59.45
362697.00ms : 0.19;-0.77;0.23;-36.68;-28.93;-57.68
362717.00ms : 0.19;-0.74;0.24;-36.07;-29.42;-58.47
362737.00ms : 0.17;-0.70;0.23;-36.38;-29.11;-56.40
362757.00ms : 0.12;-0.77;0.24;-39.12;-25.76;-55.24
362777.00ms : 0.09;-0.75;0.25;-44.43;-25.51;-55.11
362797.00ms : 0.08;-0.70;0.23;-49.26;-24.84;-54.20
362817.00ms : 0.07;-0.67;0.25;-51.33;-24.84;-53.53
362837.00ms : 0.05;-0.64;0.23;-50.05;-25.45;-52.00
362857.00ms : 0.02;-0.64;0.27;-48.46;-25.02;-48.71
362877.00ms : 0.01;-0.60;0.28;-46.51;-26.18;-47.73
362897.00ms : -0.01;-0.57;0.31;-41.20;-28.14;-47.06
362917.00ms : -0.02;-0.55;0.27;-36.99;-28.50;-45.84
362937.00ms : -0.06;-0.58;0.27;-34.00;-27.40;-43.64
362957.00ms : -0.09;-0.59;0.30;-33.45;-27.53;-42.24
362977.00ms : -0.10;-0.54;0.32;-30.27;-27.71;-41.93
362997.00ms : -0.10;-0.49;0.31;-26.25;-28.32;-39.55
363017.00ms : -0.13;-0.49;0.33;-22.40;-27.16;-35.77
363037.00ms : -0.18;-0.52;0.34;-23.86;-24.60;-35.89
363057.00ms : -0.20;-0.52;0.38;-28.14;-24.41;-38.02
363077.00ms : -0.19;-0.53;0.39;-31.86;-24.72;-39.31
363097.00ms : -0.21;-0.53;0.37;-35.28;-24.78;-38.94
363117.00ms : -0.21;-0.49;0.37;-35.89;-26.79;-37.29
363137.00ms : -0.22;-0.44;0.36;-31.92;-28.87;-35.46
363157.00ms : -0.22;-0.43;0.34;-25.76;-29.79;-33.51
363177.00ms : -0.24;-0.43;0.34;-20.14;-30.88;-31.80
363197.00ms : -0.26;-0.44;0.36;-15.14;-32.35;-29.66
363217.00ms : -0.29;-0.49;0.33;-15.20;-31.25;-28.99
363237.00ms : -0.32;-0.47;0.32;-19.47;-29.54;-29.42
363257.00ms : -0.31;-0.40;0.33;-19.90;-28.99;-29.24
363277.00ms : -0.30;-0.40;0.36;-15.32;-28.69;-26.49
363297.00ms : -0.33;-0.39;0.34;-11.90;-27.65;-24.54
363317.00ms : -0.37;-0.45;0.31;-12.21;-24.05;-22.58
363337.00ms : -0.39;-0.41;0.36;-14.71;-21.73;-22.71
363357.00ms : -0.37;-0.41;0.37;-16.78;-21.00;-23.44
363377.00ms : -0.36;-0.41;0.34;-18.80;-21.79;-25.63
363397.00ms : -0.38;-0.37;0.32;-20.39;-20.51;-25.02
363417.00ms : -0.40;-0.33;0.33;-18.37;-18.80;-23.44
363437.00ms : -0.41;-0.32;0.34;-13.67;-17.64;-21.06
363457.00ms : -0.42;-0.33;0.28;-11.35;-16.48;-17.03
363477.00ms : -0.42;-0.35;0.29;-10.68;-14.16;-14.95
363497.00ms : -0.41;-0.30;0.29;-11.11;-13.06;-14.95
363517.00ms : -0.40;-0.29;0.27;-9.77;-12.15;-13.67
363537.00ms : -0.42;-0.31;0.28;-8.73;-9.46;-10.93
363557.00ms : -0.43;-0.28;0.29;-9.09;-8.61;-9.83
363577.00ms : -0.42;-0.28;0.26;-5.19;-6.59;-9.34
363597.00ms : -0.43;-0.26;0.29;-0.31;-6.65;-6.47
363617.00ms : -0.44;-0.29;0.26;2.81;-4.88;-1.71
363637.00ms : -0.47;-0.38;0.29;2.32;-2.44;0.79
363657.00ms : -0.48;-0.31;0.32;1.16;-0.73;0.85
363677.00ms : -0.44;-0.29;0.29;2.50;0.00;2.50
363697.00ms : -0.42;-0.33;0.29;3.78;0.67;3.72
363717.00ms : -0.45;-0.34;0.30;4.52;3.60;4.70
363737.00ms : -0.45;-0.30;0.31;6.96;5.49;4.27
363757.00ms : -0.43;-0.29;0.30;9.03;7.57;5.80
363777.00ms : -0.42;-0.34;0.27;8.97;10.07;7.32
363797.00ms : -0.41;-0.37;0.29;7.93;11.41;9.09
363817.00ms : -0.41;-0.29;0.30;8.79;11.60;10.93
363837.00ms : -0.39;-0.31;0.30;10.56;13.73;13.67
363857.00ms : -0.39;-0.33;0.31;9.52;15.75;15.50
363877.00ms : -0.38;-0.31;0.31;11.41;15.26;18.25
363897.00ms : -0.37;-0.32;0.30;14.89;14.95;20.45
363917.00ms : -0.36;-0.35;0.31;17.88;16.48;20.45
363937.00ms : -0.33;-0.30;0.29;20.63;15.69;23.19
363957.00ms : -0.33;-0.33;0.29;28.14;15.93;28.87
363977.00ms : -0.36;-0.38;0.29;30.94;20.08;30.15
363997.00ms : -0.37;-0.42;0.31;25.45;25.76;30.64
364017.00ms : -0.34;-0.44;0.30;17.40;28.26;31.19
364037.00ms : -0.29;-0.42;0.29;13.79;28.26;32.47
364057.00ms : -0.26;-0.45;0.30;16.72;30.88;34.36
364077.00ms : -0.25;-0.36;0.33;20.02;33.94;34.97
364097.00ms : -0.25;-0.40;0.35;24.90;34.79;39.49
364117.00ms : -0.23;-0.51;0.34;26.43;32.59;41.08
364137.00ms : -0.20;-0.54;0.33;28.81;30.46;39.98
364157.00ms : -0.24;-0.55;0.38;27.28;37.17;39.00
364177.00ms : -0.23;-0.50;0.41;22.46;36.99;36.99
364197.00ms : -0.21;-0.60;0.44;20.02;33.75;34.97
364217.00ms : -0.17;-0.63;0.37;18.98;30.46;31.98
364237.00ms : -0.17;-0.53;0.47;27.89;31.56;34.48
364257.00ms : -0.19;-0.52;0.42;30.40;32.90;35.89
364277.00ms : -0.17;-0.61;0.46;30.46;28.14;37.11
364297.00ms : -0.14;-0.66;0.41;23.07;25.33;31.74
364317.00ms : -0.07;-0.64;0.36;21.61;22.64;29.54
364337.00ms : -0.07;-0.61;0.38;24.84;23.01;29.85
364357.00ms : -0.09;-0.56;0.37;26.25;23.93;32.65
364377.00ms : -0.08;-0.63;0.34;25.63;24.41;34.12
364397.00ms : -0.05;-0.67;0.30;21.91;24.29;32.78
364417.00ms : -0.03;-0.66;0.30;17.76;27.71;33.26
364437.00ms : -0.03;-0.67;0.31;11.96;31.31;33.33
364457.00ms : -0.00;-0.62;0.31;7.63;31.37;32.29
364477.00ms : 0.01;-0.65;0.30;9.52;32.78;33.75
364497.00ms : 0.05;-0.63;0.31;13.37;32.23;34.24
364517.00ms : 0.08;-0.62;0.31;21.24;29.72;34.67
364537.00ms : 0.07;-0.66;0.30;27.65;26.86;35.28
364557.00ms : 0.07;-0.68;0.28;30.46;24.96;34.91
364577.00ms : 0.08;-0.72;0.28;32.17;23.80;33.57
364597.00ms : 0.09;-0.70;0.29;31.92;21.30;32.71
364617.00ms : 0.10;-0.69;0.28;33.26;18.98;33.02
364637.00ms : 0.11;-0.73;0.28;33.26;18.68;33.75
364657.00ms : 0.13;-0.74;0.25;30.88;19.41;35.03
364677.00ms : 0.14;-0.76;0.25;29.17;20.14;36.56
364697.00ms : 0.16;-0.73;0.27;28.56;19.59;35.77
364717.00ms : 0.18;-0.71;0.25;28.56;20.32;35.83
364737.00ms : 0.18;-0.72;0.22;26.00;22.22;37.48
364757.00ms : 0.20;-0.77;0.21;21.85;24.17;36.99
364777.00ms : 0.22;-0.78;0.22;15.32;25.09;35.77
364797.00ms : 0.23;-0.72;0.21;11.96;24.84;35.34
364817.00ms : 0.26;-0.69;0.19;11.90;24.23;36.44
364837.00ms : 0.28;-0.69;0.18;13.31;24.35;37.90
364857.00ms : 0.32;-0.68;0.18;15.14;23.38;39.61
364877.00ms : 0.34;-0.67;0.15;18.07;23.50;42.97
364897.00ms : 0.37;-0.67;0.14;22.28;23.32;46.26
364917.00ms : 0.38;-0.68;0.12;25.21;23.68;48.46
364937.00ms : 0.42;-0.70;0.12;26.43;24.05;49.19
364957.00ms : 0.43;-0.70;0.13;26.49;26.12;51.57
364977.00ms : 0.46;-0.71;0.10;24.72;29.05;53.34
364997.00ms : 0.48;-0.66;0.10;25.02;28.38;56.03
365017.00ms : 0.50;-0.69;0.08;27.04;29.24;60.73
365037.00ms : 0.50;-0.76;0.09;24.23;31.31;62.07
365057.00ms : 0.50;-0.71;0.11;18.07;31.80;62.13
365077.00ms : 0.53;-0.69;0.10;13.12;32.96;61.58
365097.00ms : 0.58;-0.67;0.12;14.10;33.02;62.32
365117.00ms : 0.58;-0.76;0.10;12.45;35.77;62.68
365137.00ms : 0.55;-0.79;0.11;3.60;37.96;58.65
365157.00ms : 0.57;-0.81;0.12;-5.98;38.88;55.24
365177.00ms : 0.60;-0.82;0.14;-13.67;40.16;51.57
365197.00ms : 0.64;-0.70;0.22;-28.75;42.54;46.08
365217.00ms : 0.61;-0.77;0.11;-18.07;36.93;46.88
365237.00ms : 0.60;-0.76;0.15;-13.37;33.08;45.53
365257.00ms : 0.63;-0.72;0.16;-7.20;27.59;42.48
365277.00ms : 0.67;-0.67;0.16;2.38;22.64;40.59
365297.00ms : 0.67;-0.68;0.14;11.54;18.25;39.00
365317.00ms : 0.65;-0.69;0.12;16.91;13.73;36.38
365337.00ms : 0.67;-0.70;0.09;19.17;9.40;32.65
365357.00ms : 0.67;-0.67;0.07;20.20;7.32;31.19
365377.00ms : 0.69;-0.65;0.04;21.79;7.32;29.91
365397.00ms : 0.70;-0.61;0.02;23.80;5.98;29.24
365417.00ms : 0.72;-0.61;-0.01;25.82;5.62;29.85
365437.00ms : 0.73;-0.62;-0.04;25.76;6.10;29.85
365457.00ms : 0.75;-0.61;-0.05;24.05;6.65;28.93
365477.00ms : 0.78;-0.59;-0.05;22.95;8.91;27.95
365497.00ms : 0.76;-0.59;-0.06;20.81;11.66;28.81
365517.00ms : 0.75;-0.60;-0.07;17.21;14.53;29.36
365537.00ms : 0.78;-0.57;-0.08;12.94;14.71;27.71
365557.00ms : 0.79;-0.54;-0.07;12.70;17.33;26.55
365577.00ms : 0.78;-0.56;-0.09;10.01;21.24;25.94
365597.00ms : 0.77;-0.55;-0.09;6.77;22.71;28.02
365617.00ms : 0.79;-0.59;-0.10;2.62;23.74;28.32
365637.00ms : 0.80;-0.57;-0.09;0.98;21.85;26.06
365657.00ms : 0.80;-0.49;-0.07;3.78;20.69;26.61
365677.00ms : 0.84;-0.51;-0.07;8.42;20.08;26.73
365697.00ms : 0.82;-0.50;-0.09;12.02;17.40;27.47
365717.00ms : 0.80;-0.57;-0.09;11.41;15.93;26.18
365737.00ms : 0.81;-0.55;-0.10;8.79;13.85;22.40
365757.00ms : 0.86;-0.51;-0.10;11.35;10.38;20.20
365777.00ms : 0.88;-0.47;-0.11;18.86;7.57;21.42
365797.00ms : 0.87;-0.52;-0.11;24.41;7.08;21.79
365817.00ms : 0.83;-0.53;-0.14;22.77;7.32;21.12
365837.00ms : 0.83;-0.57;-0.14;18.19;8.91;18.19
365857.00ms : 0.82;-0.58;-0.14;11.17;10.07;15.38
365877.00ms : 0.83;-0.54;-0.17;3.72;9.52;14.53
365897.00ms : 0.84;-0.48;-0.16;3.78;7.45;14.95
365917.00ms : 0.87;-0.45;-0.18;8.48;6.23;18.13
365937.00ms : 0.85;-0.45;-0.18;13.79;5.68;19.35
365957.00ms : 0.84;-0.47;-0.18;13.37;6.77;16.48
365977.00ms : 0.86;-0.46;-0.19;10.80;6.23;14.59
365997.00ms : 0.86;-0.47;-0.21;9.58;9.46;14.10
366017.00ms : 0.84;-0.51;-0.21;2.69;13.55;12.57
366037.00ms : 0.86;-0.49;-0.23;-3.48;16.24;7.20
366057.00ms : 0.83;-0.46;-0.21;-6.65;17.94;3.11
366077.00ms : 0.87;-0.46;-0.22;-6.77;17.21;3.36
366097.00ms : 0.85;-0.45;-0.21;-3.78;16.17;4.70
366117.00ms : 0.84;-0.46;-0.20;-1.83;14.83;7.14
366137.00ms : 0.88;-0.44;-0.23;-0.24;12.82;6.77
366157.00ms : 0.94;-0.44;-0.23;4.21;10.93;5.92
366177.00ms : 0.90;-0.43;-0.24;10.50;9.83;7.87
366197.00ms : 0.89;-0.42;-0.25;11.72;9.83;14.47
366217.00ms : 0.89;-0.52;-0.28;10.56;11.72;14.16
366237.00ms : 0.93;-0.57;-0.28;2.56;15.20;8.06
366257.00ms : 0.91;-0.55;-0.21;-0.73;18.07;3.54
366277.00ms : 0.86;-0.47;-0.21;-9.28;17.40;-1.95
366297.00ms : 0.83;-0.46;-0.20;-7.93;18.19;-6.16
366317.00ms : 0.81;-0.47;-0.16;-8.12;15.81;-7.14
366337.00ms : 0.83;-0.49;-0.15;-9.28;9.28;-6.04
366357.00ms : 0.81;-0.47;-0.18;-8.18;1.53;-4.03
366377.00ms : 0.84;-0.46;-0.30;-3.17;0.85;-4.21
366397.00ms : 0.88;-0.45;-0.34;1.16;2.44;-1.28
366417.00ms : 0.92;-0.43;-0.30;3.17;1.83;2.01
366437.00ms : 0.98;-0.37;-0.29;4.58;-1.34;4.76
366457.00ms : 0.98;-0.31;-0.26;11.72;-4.09;11.66
366477.00ms : 0.90;-0.37;-0.21;19.35;-4.58;15.08
366497.00ms : 0.89;-0.48;-0.19;18.74;-1.83;11.29
366517.00ms : 0.92;-0.45;-0.24;15.99;-5.13;9.34
366537.00ms : 0.85;-0.46;-0.24;15.01;-4.52;13.31
366557.00ms : 0.85;-0.49;-0.24;12.57;-3.78;12.02
366577.00ms : 0.89;-0.49;-0.26;5.43;-4.21;11.05
366597.00ms : 0.91;-0.48;-0.28;0.73;-4.09;9.03
366617.00ms : 0.90;-0.44;-0.28;0.79;-2.38;5.19
366637.00ms : 0.92;-0.39;-0.27;1.34;-3.42;1.89
366657.00ms : 0.93;-0.37;-0.30;2.50;-2.14;3.23
366677.00ms : 0.93;-0.38;-0.29;2.50;0.12;2.69
366697.00ms : 0.94;-0.37;-0.29;1.53;-2.01;0.92
366717.00ms : 0.94;-0.35;-0.30;2.75;-2.14;1.46
366737.00ms : 0.91;-0.39;-0.30;3.23;-0.12;3.36
366757.00ms : 0.90;-0.42;-0.28;0.98;0.98;1.95
366777.00ms : 0.91;-0.39;-0.27;0.37;1.59;-0.67
366797.00ms : 0.91;-0.37;-0.28;1.28;2.62;-1.28
366817.00ms : 0.92;-0.37;-0.28;3.42;1.71;-1.28
366837.00ms : 0.93;-0.40;-0.29;5.31;0.79;0.37
366857.00ms : 0.91;-0.43;-0.28;6.41;1.04;0.00
366877.00ms : 0.90;-0.46;-0.30;4.09;0.43;-0.61
366897.00ms : 0.90;-0.49;-0.31;-1.22;1.65;-1.65
366917.00ms : 0.89;-0.47;-0.32;-7.20;2.50;-2.32
366937.00ms : 0.92;-0.42;-0.31;-9.09;2.44;-3.30
366957.00ms : 0.93;-0.35;-0.31;-5.37;0.73;-1.89
366977.00ms : 0.92;-0.37;-0.29;-1.89;0.12;0.79
366997.00ms : 0.91;-0.38;-0.29;-0.31;-0.61;1.10
367017.00ms : 0.93;-0.40;-0.31;-0.37;-1.04;0.37
367037.00ms : 0.90;-0.42;-0.31;-1.22;-0.67;-0.12
367057.00ms : 0.90;-0.40;-0.29;-0.18;-1.22;-1.77
367077.00ms : 0.92;-0.38;-0.30;1.65;-2.56;-0.06
367097.00ms : 0.91;-0.41;-0.30;3.30;-2.14;2.69
367117.00ms : 0.90;-0.44;-0.28;2.69;-2.20;1.77
367137.00ms : 0.91;-0.41;-0.28;1.95;-2.44;-0.43
367157.00ms : 0.91;-0.38;-0.31;1.40;-2.38;0.85
367177.00ms : 0.91;-0.42;-0.31;1.40;-1.89;2.56
367197.00ms : 0.89;-0.43;-0.30;-0.06;-1.28;1.28
367217.00ms : 0.91;-0.41;-0.28;-2.01;-1.28;-0.85
367237.00ms : 0.92;-0.38;-0.29;-3.17;-1.28;-0.18
367257.00ms : 0.91;-0.38;-0.28;-2.87;-0.61;0.79
367277.00ms : 0.93;-0.36;-0.26;0.92;-2.44;-0.85
367297.00ms : 0.93;-0.33;-0.27;5.92;-4.82;-0.37
367317.00ms : 0.92;-0.34;-0.28;10.25;-4.03;2.56
367337.00ms : 0.92;-0.43;-0.30;10.93;-3.48;3.97
367357.00ms : 0.88;-0.50;-0.30;8.73;-3.11;3.36
367377.00ms : 0.88;-0.50;-0.31;3.85;-2.62;0.61
367397.00ms : 0.90;-0.47;-0.29;0.18;-2.99;-1.59
367417.00ms : 0.90;-0.44;-0.30;-2.69;-1.59;-1.40
367437.00ms : 0.90;-0.43;-0.29;-5.49;-0.06;-1.40
367457.00ms : 0.92;-0.40;-0.31;-6.65;-1.10;-0.92
367477.00ms : 0.90;-0.40;-0.30;-6.04;-0.24;1.34
367497.00ms : 0.90;-0.41;-0.28;-6.77;0.43;0.37
367517.00ms : 0.93;-0.40;-0.29;-7.14;-0.12;-0.55
367537.00ms : 0.92;-0.38;-0.29;-5.43;-0.49;0.12
367557.00ms : 0.91;-0.38;-0.29;-2.62;-0.92;1.59
367577.00ms : 0.91;-0.40;-0.28;-0.18;-1.22;1.95
367597.00ms : 0.92;-0.38;-0.28;1.71;-2.69;1.89
367617.00ms : 0.91;-0.40;-0.28;2.87;-2.56;3.54
367637.00ms : 0.90;-0.44;-0.29;1.95;-2.08;2.69
367657.00ms : 0.90;-0.40;-0.27;1.40;-1.95;0.12
367677.00ms : 0.92;-0.38;-0.28;1.16;-1.46;-0.31
367697.00ms : 0.91;-0.39;-0.29;0.06;-0.43;1.22
367717.00ms : 0.90;-0.42;-0.27;-1.95;0.73;0.12
367737.00ms : 0.90;-0.38;-0.27;-2.69;0.55;-2.01
367757.00ms : 0.92;-0.35;-0.28;-1.40;-0.12;-0.73
367777.00ms : 0.91;-0.39;-0.28;0.61;0.24;-0.49
367797.00ms : 0.90;-0.41;-0.27;0.37;1.34;-1.10
367817.00ms : 0.89;-0.41;-0.27;-2.32;2.99;-3.66
367837.00ms : 0.90;-0.39;-0.28;-3.97;2.38;-5.25
367857.00ms : 0.91;-0.38;-0.27;-2.08;2.56;-4.94
367877.00ms : 0.89;-0.36;-0.27;1.89;1.77;-2.69
367897.00ms : 0.91;-0.35;-0.25;6.47;1.89;-6.47
367917.00ms : 0.91;-0.36;-0.23;8.24;3.78;-13.98
367937.00ms : 0.90;-0.29;-0.23;6.53;2.87;-16.72
367957.00ms : 0.97;-0.28;-0.32;4.82;3.60;-0.92
367977.00ms : 0.91;-0.41;-0.32;6.65;7.26;5.37
367997.00ms : 0.85;-0.54;-0.27;5.00;12.02;-0.18
368017.00ms : 0.85;-0.54;-0.28;-1.95;11.54;-11.23
368037.00ms : 0.87;-0.45;-0.31;-9.22;11.84;-12.08
368057.00ms : 0.92;-0.42;-0.34;-10.50;12.76;-6.53
368077.00ms : 0.92;-0.41;-0.33;-7.39;13.37;-3.66
368097.00ms : 0.90;-0.41;-0.31;-1.04;13.24;-4.76
368117.00ms : 0.90;-0.40;-0.29;2.44;13.98;-9.95
368137.00ms : 0.90;-0.41;-0.28;5.86;12.39;-15.14
368157.00ms : 0.92;-0.38;-0.35;4.64;10.62;-8.73
368177.00ms : 0.93;-0.37;-0.40;8.00;8.24;-1.59
368197.00ms : 0.88;-0.39;-0.36;14.22;10.07;-2.87
368217.00ms : 0.89;-0.46;-0.36;14.71;9.22;-6.71
368237.00ms : 0.91;-0.45;-0.37;12.76;7.02;-9.58
368257.00ms : 0.91;-0.40;-0.39;11.29;6.90;-7.81
368277.00ms : 0.87;-0.40;-0.37;14.22;9.95;-5.62
368297.00ms : 0.89;-0.41;-0.37;14.47;8.54;-4.76
368317.00ms : 0.91;-0.48;-0.41;11.35;7.57;0.67
368337.00ms : 0.90;-0.53;-0.44;9.46;7.93;0.79
368357.00ms : 0.93;-0.50;-0.43;7.81;0.43;-0.61
368377.00ms : 0.89;-0.43;-0.43;10.80;-6.59;0.43
368397.00ms : 0.86;-0.48;-0.45;15.26;-0.37;3.78
368417.00ms : 0.90;-0.59;-0.40;14.10;3.36;3.48
368437.00ms : 0.89;-0.56;-0.38;11.66;3.17;-4.46
368457.00ms : 0.88;-0.47;-0.40;10.62;3.48;-6.41
368477.00ms : 0.87;-0.53;-0.43;9.89;6.53;-0.55
368497.00ms : 0.88;-0.62;-0.43;6.41;8.06;0.85
368517.00ms : 0.90;-0.57;-0.42;4.39;6.53;-5.98
368537.00ms : 0.92;-0.44;-0.43;5.68;2.38;-8.91
368557.00ms : 0.89;-0.43;-0.43;8.24;2.26;-3.42
368577.00ms : 0.89;-0.55;-0.42;6.84;3.97;-0.73
368597.00ms : 0.89;-0.52;-0.40;3.54;3.66;-5.80
368617.00ms : 0.88;-0.46;-0.42;1.53;4.52;-4.52
368637.00ms : 0.88;-0.47;-0.44;-0.37;4.52;-1.83
368657.00ms : 0.90;-0.50;-0.44;-1.95;4.88;-0.43
368677.00ms : 0.88;-0.49;-0.43;-1.28;4.39;-2.32
368697.00ms : 0.90;-0.49;-0.44;-1.95;3.30;-2.50
368717.00ms : 0.90;-0.51;-0.45;-3.30;2.01;-1.83
368737.00ms : 0.89;-0.56;-0.47;-5.13;2.32;0.49
368757.00ms : 0.88;-0.59;-0.45;-5.92;1.34;-2.99
368777.00ms : 0.91;-0.55;-0.46;-7.08;-1.77;-2.01
368797.00ms : 0.90;-0.56;-0.48;-6.71;-3.72;-0.92
368817.00ms : 0.90;-0.59;-0.48;-6.35;-5.19;0.98
368837.00ms : 0.91;-0.58;-0.47;-5.86;-7.75;0.98
368857.00ms : 0.90;-0.57;-0.46;-4.82;-9.70;0.92
368877.00ms : 0.89;-0.58;-0.45;-5.00;-11.11;1.34
368897.00ms : 0.88;-0.60;-0.44;-6.96;-10.99;1.59
368917.00ms : 0.87;-0.55;-0.42;-9.22;-11.17;-1.65
368937.00ms : 0.89;-0.51;-0.43;-11.29;-11.78;-0.43
368957.00ms : 0.89;-0.51;-0.44;-11.72;-11.66;2.32
368977.00ms : 0.88;-0.50;-0.42;-11.41;-12.15;2.20
368997.00ms : 0.88;-0.48;-0.42;-11.54;-12.82;1.89
369017.00ms : 0.90;-0.47;-0.42;-12.27;-13.43;2.62
369037.00ms : 0.90;-0.50;-0.38;-13.49;-15.20;4.03
369057.00ms : 0.88;-0.50;-0.39;-17.64;-18.55;4.88
369077.00ms : 0.88;-0.45;-0.42;-15.69;-14.59;-0.12
369097.00ms : 0.93;-0.43;-0.41;-11.23;-15.93;1.71
369117.00ms : 0.90;-0.50;-0.38;-8.48;-14.71;1.40
369137.00ms : 0.86;-0.56;-0.31;-9.09;-14.22;-0.18
369157.00ms : 0.83;-0.52;-0.30;-10.19;-13.92;-0.61
369177.00ms : 0.86;-0.50;-0.29;-12.15;-12.39;0.06
369197.00ms : 0.93;-0.46;-0.28;-13.85;-12.21;1.65
369217.00ms : 0.96;-0.41;-0.24;-10.56;-14.04;2.38
369237.00ms : 0.97;-0.33;-0.15;-9.77;-19.04;11.17
369257.00ms : 0.95;-0.39;-0.12;-7.02;-26.67;24.48
369277.00ms : 0.95;-0.36;-0.11;-5.55;-31.68;29.30
369297.00ms : 0.97;-0.29;-0.12;1.28;-38.27;32.04
369317.00ms : 0.89;-0.28;-0.16;23.62;-46.75;24.05
369337.00ms : 0.83;-0.40;-0.22;40.77;-52.86;9.89
369357.00ms : 0.79;-0.57;-0.26;47.06;-53.59;-5.07
369377.00ms : 0.81;-0.65;-0.27;36.87;-51.45;-15.32
369397.00ms : 0.75;-0.74;-0.12;19.71;-45.84;-25.88
369417.00ms : 0.70;-0.88;-0.07;-5.98;-37.41;-45.59
369437.00ms : 0.74;-0.79;-0.24;-35.40;-34.06;-61.65
369457.00ms : 0.80;-0.62;-0.25;-42.79;-29.72;-55.97
369477.00ms : 0.84;-0.64;-0.16;-37.11;-28.93;-49.13
369497.00ms : 0.82;-0.64;-0.12;-24.96;-34.91;-50.54
369517.00ms : 0.81;-0.65;-0.14;-13.12;-43.27;-53.53
369537.00ms : 0.83;-0.66;-0.09;-4.52;-49.50;-53.77
369557.00ms : 0.83;-0.70;-0.08;-2.32;-52.12;-54.32
369577.00ms : 0.82;-0.75;-0.08;-3.36;-50.90;-58.47
369597.00ms : 0.80;-0.69;-0.08;-6.16;-49.87;-61.77
369617.00ms : 0.80;-0.64;-0.09;-3.60;-49.56;-61.65
369637.00ms : 0.78;-0.66;-0.06;3.05;-48.83;-60.30
369657.00ms : 0.75;-0.69;-0.05;4.46;-46.26;-63.23
369677.00ms : 0.77;-0.73;-0.06;-2.01;-41.93;-69.03
369697.00ms : 0.75;-0.69;-0.08;-8.67;-37.60;-70.68
369717.00ms : 0.70;-0.70;-0.07;-13.18;-32.78;-69.82
369737.00ms : 0.69;-0.73;-0.04;-17.94;-30.76;-70.13
369757.00ms : 0.72;-0.71;-0.07;-21.61;-28.56;-69.58
369777.00ms : 0.69;-0.71;-0.05;-20.63;-26.49;-66.53
369797.00ms : 0.63;-0.71;-0.05;-20.08;-26.18;-61.95
369817.00ms : 0.60;-0.71;-0.00;-20.14;-25.39;-57.62
369837.00ms : 0.60;-0.74;0.02;-22.83;-23.74;-58.23
369857.00ms : 0.59;-0.75;0.02;-25.70;-21.73;-60.49
369877.00ms : 0.56;-0.72;0.02;-27.89;-19.53;-58.53
369897.00ms : 0.51;-0.76;0.07;-27.89;-18.01;-53.65
369917.00ms : 0.48;-0.82;0.09;-30.52;-16.91;-53.10
369937.00ms : 0.47;-0.80;0.10;-35.83;-18.92;-55.24
369957.00ms : 0.46;-0.76;0.10;-34.61;-21.67;-53.10
369977.00ms : 0.42;-0.79;0.16;-29.60;-23.44;-49.19
369997.00ms : 0.40;-0.81;0.15;-29.11;-26.92;-50.48
370017.00ms : 0.40;-0.76;0.15;-27.10;-31.49;-49.50
370037.00ms : 0.38;-0.81;0.15;-26.06;-30.76;-50.23
370057.00ms : 0.36;-0.80;0.16;-28.56;-30.64;-51.70
370077.00ms : 0.35;-0.73;0.14;-29.54;-31.56;-52.67
370097.00ms : 0.35;-0.74;0.13;-26.61;-30.70;-52.92
370117.00ms : 0.32;-0.76;0.12;-23.01;-29.11;-52.43
370137.00ms : 0.29;-0.76;0.14;-20.39;-27.34;-52.31
370157.00ms : 0.29;-0.75;0.12;-19.35;-26.98;-52.12
370177.00ms : 0.28;-0.75;0.12;-17.58;-25.27;-51.15
370197.00ms : 0.21;-0.78;0.13;-18.07;-21.73;-48.65
370217.00ms : 0.20;-0.81;0.15;-20.81;-19.10;-47.06
370237.00ms : 0.20;-0.73;0.18;-21.42;-19.90;-46.81
370257.00ms : 0.20;-0.69;0.20;-17.03;-18.62;-44.37
370277.00ms : 0.18;-0.71;0.21;-13.85;-17.09;-44.56
370297.00ms : 0.15;-0.76;0.23;-13.67;-15.50;-46.51
370317.00ms : 0.12;-0.79;0.24;-19.17;-15.50;-51.03
370337.00ms : 0.10;-0.81;0.25;-25.51;-13.43;-53.65
370357.00ms : 0.09;-0.82;0.24;-34.42;-12.15;-56.88
370377.00ms : 0.09;-0.77;0.26;-40.65;-12.45;-58.41
370397.00ms : 0.09;-0.76;0.28;-44.19;-13.06;-58.96
370417.00ms : 0.07;-0.74;0.30;-43.64;-13.98;-59.14
370437.00ms : 0.04;-0.68;0.30;-39.79;-17.52;-57.98
370457.00ms : 0.02;-0.65;0.34;-31.49;-22.22;-54.93
370477.00ms : 0.01;-0.63;0.33;-21.85;-25.82;-52.80
370497.00ms : -0.01;-0.65;0.30;-14.53;-27.71;-49.87
370517.00ms : -0.04;-0.71;0.31;-14.89;-26.37;-50.17
370537.00ms : -0.06;-0.71;0.32;-21.06;-26.98;-53.65
370557.00ms : -0.09;-0.69;0.32;-27.83;-26.31;-56.15
370577.00ms : -0.11;-0.63;0.34;-32.17;-25.94;-56.76
370597.00ms : -0.11;-0.60;0.31;-34.18;-27.59;-56.88
370617.00ms : -0.10;-0.61;0.33;-33.14;-28.81;-57.98
370637.00ms : -0.13;-0.62;0.33;-33.33;-28.56;-57.56
370657.00ms : -0.14;-0.57;0.33;-28.20;-32.84;-53.53
370677.00ms : -0.17;-0.57;0.35;-21.79;-34.06;-51.88
370697.00ms : -0.21;-0.57;0.32;-21.67;-33.57;-51.51
370717.00ms : -0.24;-0.60;0.35;-23.44;-32.65;-51.09
370737.00ms : -0.28;-0.59;0.37;-27.40;-31.92;-50.29
370757.00ms : -0.29;-0.56;0.35;-31.37;-31.92;-49.99
370777.00ms : -0.30;-0.53;0.38;-35.16;-32.65;-50.48
370797.00ms : -0.31;-0.48;0.34;-37.78;-33.51;-49.74
370817.00ms : -0.32;-0.53;0.34;-39.31;-33.69;-48.22
370837.00ms : -0.34;-0.49;0.33;-43.21;-33.02;-47.49
370857.00ms : -0.36;-0.44;0.34;-43.82;-31.92;-44.37
370877.00ms : -0.36;-0.42;0.33;-44.01;-31.19;-40.28
370897.00ms : -0.38;-0.45;0.32;-47.36;-29.54;-36.93
370917.00ms : -0.40;-0.44;0.29;-53.04;-28.14;-37.72
370937.00ms : -0.38;-0.31;0.30;-53.77;-29.54;-36.19
370957.00ms : -0.38;-0.26;0.31;-47.97;-30.33;-30.58
370977.00ms : -0.40;-0.24;0.30;-42.72;-30.33;-25.27
370997.00ms : -0.44;-0.22;0.28;-39.00;-28.99;-19.35
371017.00ms : -0.44;-0.20;0.29;-33.94;-30.09;-15.69
371037.00ms : -0.44;-0.20;0.26;-26.37;-31.01;-14.47
371057.00ms : -0.47;-0.21;0.24;-20.51;-29.36;-10.99
371077.00ms : -0.50;-0.20;0.24;-17.40;-25.39;-7.08
371097.00ms : -0.51;-0.26;0.26;-16.36;-24.05;-7.93
371117.00ms : -0.51;-0.25;0.24;-19.17;-22.52;-12.63
371137.00ms : -0.52;-0.20;0.23;-18.55;-17.21;-10.86
371157.00ms : -0.52;-0.19;0.24;-17.70;-11.96;-7.02
371177.00ms : -0.49;-0.15;0.22;-14.65;-10.44;-8.06
371197.00ms : -0.47;-0.13;0.20;-7.51;-8.30;-8.54
371217.00ms : -0.51;-0.15;0.17;-2.20;-3.72;-7.51
371237.00ms : -0.52;-0.12;0.17;2.08;-1.83;-3.72
371257.00ms : -0.53;-0.12;0.16;8.06;-0.18;0.79
371277.00ms : -0.55;-0.20;0.17;10.01;5.00;4.33
371297.00ms : -0.52;-0.13;0.17;9.09;7.63;8.48
371317.00ms : -0.48;-0.13;0.19;12.94;10.86;14.40
371337.00ms : -0.48;-0.22;0.22;14.10;14.83;17.27
371357.00ms : -0.49;-0.24;0.25;10.68;17.21;18.07
371377.00ms : -0.50;-0.23;0.25;9.34;20.32;20.02
371397.00ms : -0.50;-0.30;0.28;8.30;24.11;20.51
371417.00ms : -0.50;-0.28;0.33;5.80;23.93;20.57
371437.00ms : -0.48;-0.28;0.32;8.12;24.72;22.34
371457.00ms : -0.51;-0.31;0.35;8.79;28.81;25.09
371477.00ms : -0.52;-0.34;0.35;5.31;32.78;24.96
371497.00ms : -0.49;-0.35;0.42;2.20;30.52;22.71
371517.00ms : -0.44;-0.37;0.42;1.71;26.61;19.23
371537.00ms : -0.45;-0.41;0.41;-1.16;24.84;17.58
371557.00ms : -0.47;-0.33;0.42;1.95;24.17;18.49
371577.00ms : -0.47;-0.30;0.42;7.81;21.73;18.74
371597.00ms : -0.46;-0.35;0.44;13.43;19.53;18.43
371617.00ms : -0.46;-0.44;0.41;12.33;20.39;18.49
371637.00ms : -0.48;-0.45;0.44;8.97;18.68;16.17
371657.00ms : -0.46;-0.37;0.46;8.91;14.40;11.84
371677.00ms : -0.42;-0.34;0.43;11.96;12.63;10.80
371697.00ms : -0.37;-0.43;0.37;13.00;13.61;10.74
371717.00ms : -0.36;-0.41;0.36;12.45;12.63;10.25
371737.00ms : -0.38;-0.33;0.38;14.95;14.16;11.54
371757.00ms : -0.38;-0.32;0.31;15.32;15.81;13.61
371777.00ms : -0.35;-0.39;0.28;12.33;18.13;15.32
371797.00ms : -0.30;-0.37;0.27;8.67;18.98;15.99
371817.00ms : -0.27;-0.27;0.29;14.40;19.53;18.25
371837.00ms : -0.28;-0.27;0.25;22.03;24.60;22.64
371857.00ms : -0.29;-0.35;0.27;24.90;30.52;27.59
371877.00ms : -0.29;-0.46;0.30;18.68;35.77;28.93
371897.00ms : -0.26;-0.41;0.32;13.37;35.95;28.69
371917.00ms : -0.23;-0.39;0.35;15.44;37.05;28.26
371937.00ms : -0.21;-0.39;0.36;18.74;38.27;28.20
371957.00ms : -0.20;-0.44;0.38;23.07;38.70;30.52
371977.00ms : -0.20;-0.47;0.41;24.17;38.51;33.39
371997.00ms : -0.20;-0.48;0.41;24.66;37.66;34.91
372017.00ms : -0.16;-0.50;0.44;25.45;35.16;35.95
372037.00ms : -0.13;-0.56;0.45;25.94;34.73;35.28
372057.00ms : -0.11;-0.56;0.45;23.01;31.19;33.02
372077.00ms : -0.08;-0.46;0.45;26.73;26.00;35.03
372097.00ms : -0.11;-0.52;0.42;30.33;30.88;35.58
372117.00ms : -0.11;-0.60;0.42;27.10;31.49;34.97
372137.00ms : -0.10;-0.63;0.40;20.57;28.44;33.08
372157.00ms : -0.05;-0.56;0.39;21.79;24.48;33.87
372177.00ms : -0.02;-0.51;0.42;30.27;25.88;33.94
372197.00ms : -0.02;-0.55;0.40;31.62;29.42;33.51
372217.00ms : -0.03;-0.61;0.40;28.20;26.61;33.81
372237.00ms : -0.01;-0.60;0.38;25.57;20.51;32.41
372257.00ms : 0.04;-0.49;0.36;34.55;17.76;33.14
372277.00ms : 0.03;-0.58;0.34;39.86;26.79;33.63
372297.00ms : 0.03;-0.63;0.38;32.29;25.21;35.52
372317.00ms : 0.03;-0.65;0.39;23.62;22.22;34.00
372337.00ms : 0.06;-0.54;0.38;20.14;21.18;32.78
372357.00ms : 0.11;-0.64;0.28;22.28;26.98;33.20
372377.00ms : 0.11;-0.67;0.33;18.62;28.75;32.35
372397.00ms : 0.11;-0.63;0.37;14.34;27.53;34.12
372417.00ms : 0.13;-0.56;0.34;17.88;23.74;35.10
372437.00ms : 0.16;-0.58;0.27;27.34;22.83;37.23
372457.00ms : 0.17;-0.68;0.28;33.08;22.52;36.93
372477.00ms : 0.16;-0.70;0.30;31.19;19.90;37.54
372497.00ms : 0.19;-0.69;0.28;30.09;17.03;36.87
372517.00ms : 0.22;-0.66;0.23;32.41;17.52;39.79
372537.00ms : 0.23;-0.70;0.22;34.36;20.81;42.97
372557.00ms : 0.21;-0.73;0.27;31.25;24.05;43.76
372577.00ms : 0.25;-0.72;0.26;27.04;22.95;43.95
372597.00ms : 0.27;-0.71;0.25;27.40;22.46;45.04
372617.00ms : 0.27;-0.72;0.23;26.55;23.99;43.64
372637.00ms : 0.27;-0.73;0.26;24.96;26.06;42.60
372657.00ms : 0.29;-0.73;0.26;22.52;24.41;42.72
372677.00ms : 0.33;-0.70;0.24;24.48;21.00;45.72
372697.00ms : 0.34;-0.74;0.20;28.93;20.87;47.55
372717.00ms : 0.32;-0.73;0.18;27.65;21.91;47.61
372737.00ms : 0.36;-0.75;0.23;24.96;22.22;46.14
372757.00ms : 0.40;-0.71;0.23;22.28;18.86;44.80
372777.00ms : 0.43;-0.69;0.19;25.09;16.91;50.66
372797.00ms : 0.45;-0.74;0.16;27.59;19.35;52.67
372817.00ms : 0.43;-0.73;0.14;25.27;18.49;49.44
372837.00ms : 0.47;-0.76;0.14;21.24;17.15;52.43
372857.00ms : 0.48;-0.74;0.13;18.68;17.40;54.57
372877.00ms : 0.50;-0.68;0.09;21.91;19.84;57.01
372897.00ms : 0.54;-0.71;0.05;26.43;22.46;57.74
372917.00ms : 0.51;-0.77;0.06;26.73;21.24;55.48
372937.00ms : 0.53;-0.75;0.07;24.54;17.64;56.95
372957.00ms : 0.56;-0.70;0.06;25.63;17.27;58.04
372977.00ms : 0.59;-0.71;0.05;25.82;22.95;57.19
372997.00ms : 0.60;-0.74;0.05;22.03;27.10;55.66
373017.00ms : 0.59;-0.79;0.06;13.18;29.97;53.89
373037.00ms : 0.61;-0.72;0.06;4.46;28.38;52.67
373057.00ms : 0.64;-0.65;0.04;5.86;23.93;52.98
373077.00ms : 0.67;-0.63;0.06;14.71;25.76;53.34
373097.00ms : 0.66;-0.67;0.05;15.99;29.11;48.34
373117.00ms : 0.66;-0.66;0.05;16.85;25.57;48.28
373137.00ms : 0.67;-0.73;0.06;13.67;22.64;50.29
373157.00ms : 0.69;-0.73;0.07;6.90;20.39;51.94
373177.00ms : 0.72;-0.62;0.09;2.69;20.32;48.58
373197.00ms : 0.78;-0.54;0.08;5.19;20.20;44.98
373217.00ms : 0.78;-0.54;0.01;13.43;16.97;45.04
373237.00ms : 0.71;-0.63;-0.00;22.03;15.44;47.36
373257.00ms : 0.73;-0.69;-0.00;24.48;12.27;46.45
373277.00ms : 0.74;-0.63;-0.01;26.55;9.52;43.76
373297.00ms : 0.77;-0.60;-0.03;28.63;7.81;43.58
373317.00ms : 0.77;-0.63;-0.02;28.69;7.81;41.38
373337.00ms : 0.76;-0.63;-0.04;27.22;7.69;38.94
373357.00ms : 0.80;-0.61;-0.09;29.17;2.87;37.48
373377.00ms : 0.81;-0.58;-0.10;41.44;-2.01;39.31
373397.00ms : 0.80;-0.59;-0.12;54.93;-2.08;41.44
373417.00ms : 0.75;-0.70;-0.12;55.73;1.53;37.60
373437.00ms : 0.74;-0.70;-0.11;46.94;1.16;31.98
373457.00ms : 0.77;-0.66;-0.07;34.79;0.18;28.50
373477.00ms : 0.79;-0.60;-0.10;28.20;0.73;23.68
373497.00ms : 0.76;-0.60;-0.10;24.60;4.82;19.17
373517.00ms : 0.73;-0.65;-0.09;9.95;12.27;15.69
373537.00ms : 0.81;-0.56;-0.10;-0.06;12.45;10.62
373557.00ms : 0.83;-0.52;-0.10;1.46;10.31;11.78
373577.00ms : 0.86;-0.49;-0.13;7.81;7.69;11.90
373597.00ms : 0.81;-0.53;-0.12;9.16;9.09;12.70
373617.00ms : 0.81;-0.52;-0.11;1.46;11.35;10.01
373637.00ms : 0.86;-0.48;-0.16;0.18;8.54;10.50
373657.00ms : 0.85;-0.48;-0.15;5.68;8.36;11.47
373677.00ms : 0.81;-0.51;-0.15;3.42;10.25;10.13
373697.00ms : 0.84;-0.49;-0.18;0.49;12.57;5.55
373717.00ms : 0.87;-0.48;-0.20;3.11;11.60;7.39
373737.00ms : 0.82;-0.50;-0.20;7.69;9.89;9.83
373757.00ms : 0.82;-0.53;-0.22;6.04;9.16;9.64
373777.00ms : 0.83;-0.53;-0.21;5.13;10.25;8.24
373797.00ms : 0.86;-0.49;-0.21;2.75;9.64;8.30
373817.00ms : 0.86;-0.45;-0.21;8.30;7.26;8.00
373837.00ms : 0.84;-0.48;-0.21;13.43;8.24;8.36
373857.00ms : 0.83;-0.49;-0.21;11.23;11.23;7.08
373877.00ms : 0.84;-0.49;-0.21;7.20;13.37;4.70
373897.00ms : 0.83;-0.47;-0.22;2.20;13.92;3.48
373917.00ms : 0.79;-0.54;-0.18;-0.67;15.75;2.26
373937.00ms : 0.78;-0.63;-0.17;-10.68;21.18;-0.92
373957.00ms : 0.81;-0.62;-0.16;-28.44;24.35;-6.23
373977.00ms : 0.86;-0.59;-0.16;-38.21;24.29;-9.77
373997.00ms : 0.90;-0.52;-0.19;-39.06;21.67;-10.74
374017.00ms : 0.90;-0.45;-0.22;-31.62;19.35;-9.03
374037.00ms : 0.90;-0.44;-0.22;-20.69;17.70;-6.16
374057.00ms : 0.91;-0.45;-0.21;-11.90;15.44;-3.66
374077.00ms : 0.92;-0.46;-0.22;-8.12;11.72;-0.49
374097.00ms : 0.88;-0.43;-0.21;-1.65;8.97;1.16
374117.00ms : 0.85;-0.52;-0.22;-1.10;9.16;3.05
374137.00ms : 0.85;-0.52;-0.23;-4.76;6.59;0.49
374157.00ms : 0.88;-0.49;-0.26;-4.21;3.54;0.43
374177.00ms : 0.88;-0.42;-0.29;1.16;2.01;2.01
374197.00ms : 0.87;-0.42;-0.31;4.03;1.71;6.90
374217.00ms : 0.87;-0.46;-0.31;3.54;1.65;9.34
374237.00ms : 0.89;-0.51;-0.28;0.85;1.22;7.87
374257.00ms : 0.91;-0.45;-0.24;1.77;-1.40;4.09
374277.00ms : 0.90;-0.44;-0.25;3.48;-2.56;5.00
374297.00ms : 0.88;-0.46;-0.25;3.05;-1.71;5.62
374317.00ms : 0.89;-0.46;-0.24;0.92;-0.85;5.68
374337.00ms : 0.89;-0.44;-0.23;0.85;-1.28;4.39
374357.00ms : 0.90;-0.42;-0.25;3.05;-2.38;2.81
374377.00ms : 0.89;-0.43;-0.26;4.58;-1.95;2.99
374397.00ms : 0.88;-0.45;-0.28;3.42;-0.37;4.52
374417.00ms : 0.88;-0.46;-0.25;1.16;0.31;3.54
374437.00ms : 0.90;-0.44;-0.26;0.61;-0.18;2.14
374457.00ms : 0.89;-0.45;-0.26;-0.18;-1.10;1.83
374477.00ms : 0.89;-0.46;-0.27;-0.12;-1.04;2.14
374497.00ms : 0.88;-0.46;-0.28;-0.49;-0.92;3.30
374517.00ms : 0.87;-0.45;-0.26;-1.22;0.06;2.32
374537.00ms : 0.90;-0.45;-0.24;-1.95;0.49;0.49
374557.00ms : 0.90;-0.45;-0.25;-4.03;0.49;0.55
374577.00ms : 0.88;-0.44;-0.25;-4.39;1.89;0.85
374597.00ms : 0.86;-0.44;-0.24;-5.25;2.99;-0.49
374617.00ms : 0.89;-0.41;-0.25;-5.43;2.38;-1.65
374637.00ms : 0.91;-0.40;-0.23;-4.27;3.05;-1.89
374657.00ms : 0.88;-0.42;-0.22;-4.27;5.19;-1.10
374677.00ms : 0.89;-0.43;-0.27;-6.96;4.21;0.79
374697.00ms : 0.86;-0.41;-0.25;-5.98;6.04;-0.06
374717.00ms : 0.89;-0.41;-0.26;-5.74;6.59;-1.71
374737.00ms : 0.89;-0.38;-0.23;-3.97;7.39;-1.59
374757.00ms : 0.88;-0.40;-0.23;-1.95;9.46;-1.28
374777.00ms : 0.92;-0.40;-0.28;-1.77;7.14;-0.67
374797.00ms : 0.93;-0.35;-0.30;2.01;4.82;-1.53
374817.00ms : 0.91;-0.32;-0.29;9.52;5.07;-1.40
374837.00ms : 0.88;-0.36;-0.24;14.77;7.93;1.28
374857.00ms : 0.88;-0.48;-0.25;13.18;8.97;1.59
374877.00ms : 0.89;-0.50;-0.29;6.65;8.24;0.31
374897.00ms : 0.88;-0.48;-0.30;3.91;9.09;-3.23
374917.00ms : 0.91;-0.43;-0.32;5.31;6.90;-5.98
374937.00ms : 0.89;-0.37;-0.29;11.90;7.57;-1.83
374957.00ms : 0.85;-0.47;-0.29;15.69;9.70;5.68
374977.00ms : 0.88;-0.55;-0.31;12.70;8.30;4.64
374997.00ms : 0.90;-0.52;-0.32;8.18;6.65;-1.65
375017.00ms : 0.89;-0.43;-0.30;8.48;7.75;-2.69
375037.00ms : 0.87;-0.40;-0.30;9.28;8.73;1.34
375057.00ms : 0.92;-0.49;-0.31;9.89;9.09;2.87
375077.00ms : 0.89;-0.48;-0.35;4.94;9.34;0.98
375097.00ms : 0.87;-0.48;-0.36;2.14;12.51;1.10
375117.00ms : 0.87;-0.47;-0.33;1.53;12.08;-1.28
375137.00ms : 0.91;-0.47;-0.36;1.71;10.86;0.49
375157.00ms : 0.93;-0.46;-0.40;1.53;10.01;-0.73
375177.00ms : 0.93;-0.44;-0.42;4.27;9.09;0.12
375197.00ms : 0.90;-0.43;-0.39;9.46;7.69;-0.55
375217.00ms : 0.91;-0.45;-0.40;10.68;4.70;0.92
375237.00ms : 0.92;-0.49;-0.42;7.87;3.23;2.38
375257.00ms : 0.93;-0.51;-0.44;7.08;2.62;2.93
375277.00ms : 0.92;-0.48;-0.41;9.89;0.24;-0.18
375297.00ms : 0.90;-0.47;-0.40;13.18;-1.10;0.06
375317.00ms : 0.90;-0.52;-0.40;11.60;-2.08;1.46
375337.00ms : 0.89;-0.56;-0.38;8.30;-1.40;1.65
375357.00ms : 0.89;-0.53;-0.36;5.74;-1.59;-2.26
375377.00ms : 0.90;-0.52;-0.39;2.93;-1.65;-2.62
375397.00ms : 0.91;-0.53;-0.42;-0.61;-1.77;-1.16
375417.00ms : 0.91;-0.53;-0.43;-2.08;-2.87;-0.61
375437.00ms : 0.92;-0.50;-0.43;-0.12;-4.88;-1.28
375457.00ms : 0.92;-0.51;-0.42;2.26;-7.63;-1.71
375477.00ms : 0.91;-0.52;-0.43;0.98;-9.22;-0.67
375497.00ms : 0.91;-0.53;-0.42;0.06;-10.80;0.06
375517.00ms : 0.91;-0.52;-0.41;0.61;-12.39;0.06
375537.00ms : 0.90;-0.51;-0.38;2.69;-13.73;-0.18
375557.00ms : 0.88;-0.50;-0.37;1.04;-13.24;-0.79
375577.00ms : 0.88;-0.50;-0.35;-1.53;-11.78;-1.10
375597.00ms : 0.87;-0.48;-0.35;-5.19;-10.62;0.18
375617.00ms : 0.88;-0.46;-0.35;-8.42;-9.89;0.06
375637.00ms : 0.89;-0.44;-0.35;-9.77;-9.46;0.18
375657.00ms : 0.89;-0.45;-0.36;-10.25;-8.61;1.04
375677.00ms : 0.89;-0.43;-0.36;-10.93;-8.42;1.46
375697.00ms : 0.90;-0.45;-0.36;-11.17;-8.85;2.32
375717.00ms : 0.89;-0.45;-0.35;-10.74;-9.03;2.56
375737.00ms : 0.89;-0.45;-0.33;-6.90;-8.91;0.79
375757.00ms : 0.87;-0.48;-0.31;-6.71;-8.48;0.37
375777.00ms : 0.88;-0.48;-0.31;-9.58;-8.30;-0.55
375797.00ms : 0.89;-0.45;-0.33;-12.27;-8.24;-0.92
375817.00ms : 0.88;-0.45;-0.31;-10.56;-6.71;-2.32
375837.00ms : 0.89;-0.44;-0.31;-12.57;-7.08;-3.97
375857.00ms : 0.90;-0.43;-0.31;-13.85;-7.02;-4.88
375877.00ms : 0.92;-0.40;-0.32;-13.98;-6.71;-1.22
375897.00ms : 0.90;-0.44;-0.29;-10.86;-7.08;0.43
375917.00ms : 0.90;-0.44;-0.27;-8.06;-8.85;-1.83
375937.00ms : 0.92;-0.42;-0.26;-5.68;-10.62;-2.99
375957.00ms : 0.93;-0.44;-0.27;-3.48;-12.39;-0.79
375977.00ms : 0.89;-0.50;-0.25;-1.46;-12.70;2.99
375997.00ms : 0.87;-0.52;-0.18;-3.42;-13.12;5.07
376017.00ms : 0.88;-0.45;-0.16;-8.67;-16.85;10.19
376037.00ms : 0.89;-0.43;-0.15;-12.45;-26.43;18.19
376057.00ms : 0.88;-0.42;-0.10;-12.08;-27.95;20.87
376077.00ms : 0.89;-0.42;-0.13;1.77;-30.15;16.24
376097.00ms : 0.92;-0.36;-0.18;7.75;-33.14;9.16
376117.00ms : 0.91;-0.40;-0.17;15.01;-33.57;2.01
376137.00ms : 0.92;-0.52;-0.23;12.57;-33.14;-6.53
376157.00ms : 0.81;-0.64;-0.18;7.26;-29.97;-12.08
376177.00ms : 0.67;-0.79;-0.08;-6.96;-23.07;-23.50
376197.00ms : 0.65;-0.88;-0.11;-31.31;-19.53;-42.05
376217.00ms : 0.76;-0.73;-0.17;-53.04;-17.70;-50.17
376237.00ms : 0.84;-0.62;-0.16;-50.42;-17.27;-45.65
376257.00ms : 0.84;-0.57;-0.16;-34.61;-20.94;-37.23
376277.00ms : 0.83;-0.60;-0.12;-16.85;-27.83;-33.51
376297.00ms : 0.82;-0.66;-0.11;-6.71;-32.96;-41.38
376317.00ms : 0.82;-0.66;-0.11;-6.41;-36.07;-47.30
376337.00ms : 0.81;-0.70;-0.10;-10.13;-36.93;-50.72
376357.00ms : 0.76;-0.69;-0.07;-13.24;-36.01;-53.59
376377.00ms : 0.75;-0.68;-0.05;-16.85;-32.17;-56.21
376397.00ms : 0.78;-0.70;-0.07;-20.08;-31.01;-61.40
376417.00ms : 0.77;-0.70;-0.07;-20.20;-31.13;-62.99
376437.00ms : 0.72;-0.73;-0.04;-21.18;-31.07;-61.40
376457.00ms : 0.73;-0.74;-0.00;-24.66;-30.82;-63.72
376477.00ms : 0.77;-0.70;-0.02;-27.65;-31.13;-70.31
376497.00ms : 0.76;-0.69;-0.02;-23.74;-32.59;-70.56
376517.00ms : 0.70;-0.72;0.00;-21.06;-31.19;-67.63
376537.00ms : 0.70;-0.74;-0.02;-21.85;-31.19;-69.89
376557.00ms : 0.69;-0.71;0.01;-21.91;-31.25;-73.06
376577.00ms : 0.67;-0.72;0.03;-21.36;-30.21;-73.06
376597.00ms : 0.66;-0.74;0.03;-21.36;-28.81;-72.88
376617.00ms : 0.63;-0.75;0.04;-23.50;-26.73;-73.73
376637.00ms : 0.63;-0.74;0.07;-26.00;-26.00;-74.04
376657.00ms : 0.61;-0.73;0.06;-27.22;-27.34;-73.49
376677.00ms : 0.59;-0.73;0.08;-25.88;-28.26;-71.72
376697.00ms : 0.58;-0.75;0.11;-25.94;-27.34;-70.37
376717.00ms : 0.55;-0.74;0.11;-27.77;-29.30;-70.74
376737.00ms : 0.53;-0.71;0.12;-30.21;-30.33;-66.83
376757.00ms : 0.51;-0.75;0.13;-31.37;-28.63;-68.12
376777.00ms : 0.47;-0.73;0.14;-34.18;-27.10;-67.75
376797.00ms : 0.48;-0.72;0.14;-37.78;-25.82;-65.12
376817.00ms : 0.44;-0.73;0.15;-41.20;-23.99;-62.26
376837.00ms : 0.41;-0.75;0.15;-44.92;-23.07;-60.79
376857.00ms : 0.40;-0.72;0.17;-46.08;-24.35;-60.42
376877.00ms : 0.39;-0.69;0.19;-42.36;-27.40;-55.11
376897.00ms : 0.35;-0.70;0.17;-36.50;-28.93;-49.68
376917.00ms : 0.30;-0.75;0.17;-34.97;-28.20;-47.49
376937.00ms : 0.27;-0.75;0.21;-38.82;-28.50;-48.28
376957.00ms : 0.28;-0.70;0.22;-40.59;-29.97;-48.16
376977.00ms : 0.27;-0.69;0.21;-39.92;-27.59;-47.55
376997.00ms : 0.23;-0.71;0.21;-43.58;-22.89;-49.74
377017.00ms : 0.19;-0.72;0.22;-48.71;-20.45;-52.19
377037.00ms : 0.20;-0.69;0.25;-50.05;-23.99;-54.08
377057.00ms : 0.20;-0.65;0.26;-44.37;-26.61;-52.80
377077.00ms : 0.18;-0.60;0.25;-34.85;-29.24;-49.32
377097.00ms : 0.15;-0.60;0.25;-23.44;-32.41;-45.84
377117.00ms : 0.12;-0.63;0.29;-11.96;-35.46;-42.66
377137.00ms : 0.09;-0.68;0.29;-7.87;-34.12;-43.03
377157.00ms : 0.07;-0.71;0.28;-11.90;-32.10;-44.80
377177.00ms : 0.06;-0.64;0.26;-17.21;-29.85;-45.78
377197.00ms : 0.00;-0.70;0.28;-21.24;-22.71;-44.37
377217.00ms : -0.04;-0.72;0.31;-30.82;-19.35;-47.12
377237.00ms : -0.04;-0.67;0.36;-39.43;-19.10;-50.17
377257.00ms : -0.02;-0.62;0.38;-41.69;-21.30;-53.10
377277.00ms : -0.04;-0.60;0.37;-41.14;-21.79;-51.27
377297.00ms : -0.06;-0.59;0.37;-36.07;-23.74;-49.07
377317.00ms : -0.08;-0.59;0.39;-32.84;-27.65;-46.51
377337.00ms : -0.08;-0.56;0.41;-28.32;-32.96;-46.26
377357.00ms : -0.11;-0.54;0.37;-21.61;-36.62;-47.42
377377.00ms : -0.14;-0.58;0.40;-19.71;-35.77;-44.98
377397.00ms : -0.16;-0.61;0.40;-27.04;-34.91;-45.72
377417.00ms : -0.14;-0.54;0.35;-32.78;-36.19;-47.12
377437.00ms : -0.15;-0.48;0.37;-30.27;-35.71;-45.10
377457.00ms : -0.19;-0.52;0.40;-29.48;-32.65;-43.09
377477.00ms : -0.20;-0.47;0.41;-29.66;-34.73;-42.66
377497.00ms : -0.21;-0.45;0.38;-28.32;-38.02;-41.69
377517.00ms : -0.20;-0.41;0.35;-26.61;-38.51;-40.34
377537.00ms : -0.24;-0.43;0.41;-23.19;-34.55;-33.02
377557.00ms : -0.31;-0.45;0.41;-25.82;-33.14;-31.19
377577.00ms : -0.31;-0.42;0.39;-26.98;-34.36;-32.59
377597.00ms : -0.29;-0.38;0.37;-27.40;-35.40;-35.03
377617.00ms : -0.28;-0.36;0.35;-25.45;-36.62;-33.33
377637.00ms : -0.33;-0.39;0.42;-25.88;-37.05;-28.14
377657.00ms : -0.35;-0.32;0.41;-26.79;-36.62;-27.40
377677.00ms : -0.33;-0.27;0.38;-22.46;-37.48;-23.25
377697.00ms : -0.29;-0.28;0.30;-14.47;-39.92;-22.28
377717.00ms : -0.35;-0.28;0.35;-7.75;-41.08;-21.97
377737.00ms : -0.44;-0.32;0.34;-11.41;-35.34;-18.62
377757.00ms : -0.44;-0.33;0.33;-16.85;-33.33;-21.24
377777.00ms : -0.41;-0.25;0.33;-20.63;-32.90;-23.68
377797.00ms : -0.39;-0.15;0.28;-17.33;-30.09;-21.18
377817.00ms : -0.42;-0.18;0.30;-9.22;-25.27;-12.15
377837.00ms : -0.48;-0.26;0.29;-7.93;-22.16;-8.97
377857.00ms : -0.48;-0.29;0.29;-10.44;-19.35;-11.29
377877.00ms : -0.48;-0.24;0.31;-12.70;-17.52;-12.08
377897.00ms : -0.47;-0.20;0.29;-11.17;-15.99;-9.40
377917.00ms : -0.50;-0.23;0.30;-7.87;-14.10;-6.71
377937.00ms : -0.53;-0.26;0.29;-8.18;-11.96;-6.04
377957.00ms : -0.54;-0.25;0.30;-9.89;-8.67;-6.65
377977.00ms : -0.53;-0.22;0.31;-11.78;-6.16;-6.65
377997.00ms : -0.51;-0.22;0.31;-10.86;-6.53;-7.20
378017.00ms : -0.47;-0.16;0.26;-8.67;-9.46;-8.79
378037.00ms : -0.47;-0.16;0.27;-0.98;-9.70;-3.42
378057.00ms : -0.47;-0.20;0.27;2.56;-10.07;-1.46
378077.00ms : -0.49;-0.18;0.24;6.35;-9.16;0.49
378097.00ms : -0.51;-0.17;0.22;11.96;-6.16;5.00
378117.00ms : -0.52;-0.18;0.21;16.11;-2.50;13.67
378137.00ms : -0.51;-0.28;0.24;18.01;0.06;20.45
378157.00ms : -0.50;-0.26;0.23;13.12;2.08;20.63
378177.00ms : -0.49;-0.25;0.22;11.72;5.31;20.87
378197.00ms : -0.50;-0.27;0.23;10.93;11.41;24.48
378217.00ms : -0.50;-0.32;0.25;6.84;16.48;25.09
378237.00ms : -0.48;-0.27;0.26;3.30;20.02;26.12
378257.00ms : -0.47;-0.33;0.26;3.60;22.95;28.14
378277.00ms : -0.47;-0.29;0.28;5.62;22.58;25.39
378297.00ms : -0.48;-0.29;0.29;11.72;22.83;27.77
378317.00ms : -0.48;-0.33;0.29;15.08;23.74;29.60
378337.00ms : -0.44;-0.33;0.33;16.54;22.89;31.62
378357.00ms : -0.37;-0.30;0.27;20.94;20.69;30.94
378377.00ms : -0.35;-0.36;0.29;32.35;20.81;32.47
378397.00ms : -0.40;-0.47;0.27;34.55;25.27;34.73
378417.00ms : -0.45;-0.48;0.32;28.87;28.63;35.03
378437.00ms : -0.41;-0.44;0.31;21.48;27.16;31.31
378457.00ms : -0.35;-0.47;0.27;22.95;26.12;30.64
378477.00ms : -0.36;-0.53;0.34;23.01;31.31;33.39
378497.00ms : -0.37;-0.45;0.36;18.92;33.20;32.78
378517.00ms : -0.34;-0.38;0.37;21.91;29.91;34.91
378537.00ms : -0.30;-0.41;0.29;25.21;27.53;33.81
378557.00ms : -0.28;-0.54;0.30;31.74;27.95;38.76
378577.00ms : -0.28;-0.57;0.34;28.56;27.65;40.41
378597.00ms : -0.27;-0.45;0.34;28.63;25.45;39.12
378617.00ms : -0.22;-0.47;0.32;32.90;23.01;38.94
378637.00ms : -0.20;-0.57;0.26;37.90;22.71;41.44
378657.00ms : -0.22;-0.64;0.33;38.76;26.18;45.84
378677.00ms : -0.22;-0.54;0.33;35.58;24.84;44.07
378697.00ms : -0.19;-0.54;0.33;38.39;22.09;43.58
378717.00ms : -0.16;-0.60;0.29;41.26;19.78;43.03
378737.00ms : -0.14;-0.66;0.33;46.69;21.55;48.95
378757.00ms : -0.21;-0.79;0.32;35.28;29.72;48.83
378777.00ms : -0.19;-0.68;0.37;23.86;27.16;45.96
378797.00ms : -0.11;-0.60;0.32;20.75;19.84;41.02
378817.00ms : -0.04;-0.60;0.25;31.62;14.40;41.20
378837.00ms : -0.06;-0.71;0.29;42.48;23.99;49.87
378857.00ms : -0.14;-0.76;0.31;30.70;30.40;49.38
378877.00ms : -0.07;-0.68;0.32;23.38;21.24;46.02
378897.00ms : 0.02;-0.65;0.27;26.55;13.79;42.05
378917.00ms : 0.08;-0.70;0.20;39.06;14.47;46.14
378937.00ms : -0.00;-0.80;0.22;39.31;24.41;53.22
378957.00ms : -0.06;-0.78;0.22;27.28;26.18;52.80
378977.00ms : -0.01;-0.73;0.26;21.97;20.69;49.32
378997.00ms : 0.11;-0.69;0.20;23.74;15.38;45.41
379017.00ms : 0.13;-0.74;0.14;34.79;19.35;49.19
379037.00ms : 0.09;-0.82;0.18;36.62;24.78;53.47
379057.00ms : 0.09;-0.79;0.23;37.72;20.94;52.86
379077.00ms : 0.15;-0.72;0.23;43.33;13.18;53.53
379097.00ms : 0.16;-0.80;0.14;46.08;16.30;54.02
379117.00ms : 0.11;-0.88;0.18;37.54;23.13;52.00
379137.00ms : 0.14;-0.84;0.21;20.32;21.42;48.03
379157.00ms : 0.25;-0.70;0.23;16.66;15.08;44.68
379177.00ms : 0.30;-0.70;0.13;25.15;11.60;46.20
379197.00ms : 0.27;-0.80;0.07;33.39;14.77;48.16
379217.00ms : 0.27;-0.83;0.12;35.22;14.95;50.72
379237.00ms : 0.30;-0.81;0.13;37.29;13.98;55.66
379257.00ms : 0.31;-0.81;0.10;37.54;15.01;60.30
379277.00ms : 0.30;-0.95;0.07;33.81;18.25;60.97
379297.00ms : 0.27;-0.98;0.08;20.94;20.39;56.15
379317.00ms : 0.30;-0.91;0.12;9.09;21.00;51.64
379337.00ms : 0.37;-0.80;0.14;7.81;20.26;50.54
379357.00ms : 0.37;-0.83;0.12;12.57;21.79;49.44
379377.00ms : 0.34;-0.81;0.06;12.94;19.23;48.83
379397.00ms : 0.34;-0.81;0.06;13.61;17.03;48.40
379417.00ms : 0.47;-0.76;0.12;15.08;12.33;49.87
379437.00ms : 0.54;-0.79;0.09;17.52;14.95;46.51
379457.00ms : 0.49;-0.85;0.06;20.32;13.85;47.97
379477.00ms : 0.42;-0.89;0.08;17.58;14.34;52.00
379497.00ms : 0.47;-0.88;0.05;10.50;12.02;51.15
379517.00ms : 0.51;-0.87;0.04;6.41;16.66;44.43
379537.00ms : 0.53;-0.79;0.05;2.32;18.37;44.56
379557.00ms : 0.50;-0.81;0.04;4.94;18.01;51.76
379577.00ms : 0.51;-0.81;0.03;2.08;15.87;52.86
379597.00ms : 0.59;-0.77;0.01;-3.05;16.97;48.22
379617.00ms : 0.61;-0.72;0.01;-4.70;22.34;44.43
379637.00ms : 0.57;-0.80;-0.01;-4.94;27.83;45.23
379657.00ms : 0.54;-0.80;-0.01;-9.58;28.69;45.78
379677.00ms : 0.58;-0.77;-0.03;-15.38;27.89;45.41
379697.00ms : 0.64;-0.72;-0.04;-17.82;29.60;40.16
379717.00ms : 0.67;-0.65;-0.01;-14.59;33.20;37.23
379737.00ms : 0.62;-0.73;-0.04;-7.81;34.85;41.75
379757.00ms : 0.63;-0.71;-0.02;-5.49;31.07;43.95
379777.00ms : 0.68;-0.76;-0.07;-2.08;27.77;35.58
379797.00ms : 0.68;-0.68;-0.05;1.16;27.28;30.52
379817.00ms : 0.70;-0.65;-0.04;8.48;26.37;33.14
379837.00ms : 0.67;-0.71;-0.05;14.59;25.94;38.02
379857.00ms : 0.67;-0.75;-0.09;10.38;29.54;40.04
379877.00ms : 0.72;-0.70;-0.06;5.55;29.60;34.85
379897.00ms : 0.73;-0.65;-0.08;3.36;30.27;35.89
379917.00ms : 0.74;-0.66;-0.09;3.42;32.29;42.05
379937.00ms : 0.76;-0.64;-0.09;3.60;30.94;42.85
379957.00ms : 0.76;-0.66;-0.06;2.20;31.31;36.07
379977.00ms : 0.74;-0.64;-0.05;-2.26;30.33;32.23
379997.00ms : 0.78;-0.61;-0.03;-6.23;28.75;29.60
380017.00ms : 0.80;-0.58;-0.04;-4.76;26.25;26.79
380037.00ms : 0.81;-0.56;-0.07;0.31;23.99;27.59
380057.00ms : 0.77;-0.59;-0.08;6.77;19.90;25.33
380077.00ms : 0.76;-0.63;-0.08;8.61;16.72;23.86
380097.00ms : 0.80;-0.60;-0.13;7.81;13.12;22.46
380117.00ms : 0.82;-0.60;-0.16;11.54;10.56;21.48
380137.00ms : 0.78;-0.63;-0.18;17.15;8.73;23.32
380157.00ms : 0.77;-0.64;-0.19;17.15;7.75;21.67
380177.00ms : 0.79;-0.61;-0.19;14.89;6.96;18.19
380197.00ms : 0.80;-0.56;-0.21;13.24;7.87;16.91
380217.00ms : 0.82;-0.55;-0.21;14.16;10.31;15.87
380237.00ms : 0.81;-0.55;-0.24;14.10;10.99;13.18
380257.00ms : 0.78;-0.53;-0.26;14.28;10.93;11.41
380277.00ms : 0.80;-0.54;-0.25;10.68;12.63;7.32
380297.00ms : 0.85;-0.55;-0.22;5.55;15.38;3.72
380317.00ms : 0.87;-0.51;-0.22;0.49;17.64;5.92
380337.00ms : 0.84;-0.50;-0.21;-0.24;18.92;5.25
380357.00ms : 0.83;-0.49;-0.20;-3.48;18.01;4.88
380377.00ms : 0.87;-0.48;-0.17;-5.86;18.13;5.98
380397.00ms : 0.87;-0.47;-0.17;-6.53;16.78;6.04
380417.00ms : 0.92;-0.43;-0.17;-5.43;11.72;9.77
380437.00ms : 0.85;-0.48;-0.18;-0.06;5.62;14.71
380457.00ms : 0.80;-0.59;-0.18;0.37;6.10;15.81
380477.00ms : 0.83;-0.59;-0.17;-2.87;5.25;10.80
380497.00ms : 0.86;-0.54;-0.20;-2.75;4.39;8.73
380517.00ms : 0.85;-0.58;-0.19;0.92;2.62;8.06
380537.00ms : 0.84;-0.53;-0.19;2.75;-0.79;8.97
380557.00ms : 0.87;-0.50;-0.26;0.85;-0.06;6.23
380577.00ms : 0.95;-0.40;-0.30;-0.67;0.98;4.76
380597.00ms : 0.98;-0.43;-0.29;2.50;1.22;3.78
380617.00ms : 0.96;-0.41;-0.30;7.08;-0.92;2.75
380637.00ms : 0.90;-0.43;-0.27;13.37;-3.05;1.34
380657.00ms : 0.86;-0.47;-0.26;14.47;-2.81;0.73
380677.00ms : 0.87;-0.48;-0.25;11.29;-2.50;1.77
380697.00ms : 0.88;-0.51;-0.23;6.16;-0.98;1.53
380717.00ms : 0.88;-0.48;-0.26;1.40;-1.16;0.55
380737.00ms : 0.88;-0.43;-0.28;0.12;-0.98;1.65
380757.00ms : 0.90;-0.43;-0.28;1.71;-0.31;2.56
380777.00ms : 0.90;-0.45;-0.29;2.14;0.37;3.60
380797.00ms : 0.89;-0.49;-0.28;1.53;0.79;3.66
380817.00ms : 0.87;-0.51;-0.26;-0.73;1.28;2.14
380837.00ms : 0.88;-0.50;-0.28;-2.62;0.18;0.12
380857.00ms : 0.87;-0.47;-0.29;-2.32;0.18;-0.24
380877.00ms : 0.88;-0.46;-0.26;-2.62;1.28;0.37
380897.00ms : 0.89;-0.45;-0.27;-3.97;1.28;1.89
380917.00ms : 0.88;-0.47;-0.25;-5.19;2.56;0.43
380937.00ms : 0.89;-0.44;-0.26;-4.94;1.65;-1.71
380957.00ms : 0.90;-0.42;-0.28;-3.54;0.18;-0.61
380977.00ms : 0.89;-0.44;-0.28;-1.10;0.18;0.85
380997.00ms : 0.87;-0.47;-0.27;-0.79;1.40;0.79
381017.00ms : 0.88;-0.48;-0.28;-3.23;1.46;-0.24
381037.00ms : 0.88;-0.48;-0.30;-5.55;2.14;-2.08
381057.00ms : 0.88;-0.48;-0.27;-6.96;3.30;-4.70
381077.00ms : 0.89;-0.45;-0.25;-7.08;2.56;-6.23
381097.00ms : 0.89;-0.42;-0.26;-6.90;2.62;-2.26
381117.00ms : 0.88;-0.46;-0.26;-5.62;4.52;-1.71
381137.00ms : 0.88;-0.42;-0.25;-4.76;3.05;-4.03
381157.00ms : 0.90;-0.38;-0.27;-1.65;2.01;-0.73
381177.00ms : 0.89;-0.44;-0.27;1.04;3.23;0.61
381197.00ms : 0.87;-0.48;-0.26;-0.24;3.78;-2.50
381217.00ms : 0.87;-0.48;-0.26;-2.81;4.70;-5.92
381237.00ms : 0.88;-0.43;-0.27;-3.42;3.54;-6.41
381257.00ms : 0.88;-0.46;-0.29;-3.36;5.13;-2.93
381277.00ms : 0.88;-0.50;-0.27;-3.05;6.41;-5.43
381297.00ms : 0.87;-0.48;-0.29;-3.72;6.10;-8.30
381317.00ms : 0.89;-0.43;-0.27;-2.62;5.31;-8.91
381337.00ms : 0.89;-0.44;-0.27;-2.01;7.02;-7.39
381357.00ms : 0.87;-0.44;-0.27;-2.26;6.53;-7.32
381377.00ms : 0.86;-0.45;-0.28;-2.38;7.93;-5.43
381397.00ms : 0.87;-0.45;-0.26;-1.89;8.18;-8.85
381417.00ms : 0.89;-0.42;-0.30;-2.56;7.14;-6.41
381437.00ms : 0.87;-0.45;-0.30;0.37;7.63;-3.85
381457.00ms : 0.88;-0.50;-0.31;4.27;6.04;-6.41
381477.00ms : 0.88;-0.46;-0.31;8.12;4.21;-11.29
381497.00ms : 0.89;-0.45;-0.33;9.70;3.78;-8.73
381517.00ms : 0.88;-0.49;-0.34;9.64;4.03;-4.21
381537.00ms : 0.87;-0.52;-0.31;11.47;3.78;-3.23
381557.00ms : 0.84;-0.53;-0.29;14.83;3.17;-5.49
381577.00ms : 0.84;-0.50;-0.29;14.22;3.72;-5.31
381597.00ms : 0.87;-0.49;-0.31;11.11;3.97;-2.69
381617.00ms : 0.88;-0.51;-0.36;9.64;5.37;-1.28
381637.00ms : 0.88;-0.53;-0.36;10.86;5.31;-3.54
381657.00ms : 0.85;-0.45;-0.34;12.02;4.09;-4.46
381677.00ms : 0.86;-0.51;-0.35;13.12;4.27;0.31
381697.00ms : 0.88;-0.55;-0.34;13.73;3.17;-0.98
381717.00ms : 0.88;-0.49;-0.37;14.34;1.65;-2.56
381737.00ms : 0.85;-0.47;-0.36;15.08;3.54;-2.93
381757.00ms : 0.86;-0.54;-0.37;12.33;4.76;0.12
381777.00ms : 0.84;-0.59;-0.39;8.79;6.29;0.00
381797.00ms : 0.89;-0.55;-0.38;7.81;5.92;-7.14
381817.00ms : 0.87;-0.42;-0.38;9.16;4.64;-8.12
381837.00ms : 0.85;-0.46;-0.38;11.35;6.04;-1.40
381857.00ms : 0.84;-0.57;-0.37;10.01;7.69;2.62
381877.00ms : 0.87;-0.58;-0.37;7.08;5.68;-0.43
381897.00ms : 0.89;-0.51;-0.43;6.65;2.20;-0.43
381917.00ms : 0.85;-0.54;-0.41;12.70;3.85;3.11
381937.00ms : 0.84;-0.57;-0.38;14.04;3.72;1.04
381957.00ms : 0.86;-0.54;-0.36;8.97;0.49;-0.18
381977.00ms : 0.87;-0.51;-0.42;2.93;1.71;0.06
381997.00ms : 0.88;-0.54;-0.46;0.79;4.64;3.48
382017.00ms : 0.87;-0.56;-0.45;3.97;4.09;1.10
382037.00ms : 0.86;-0.50;-0.40;8.30;0.67;-1.28
382057.00ms : 0.84;-0.49;-0.38;10.25;0.61;-0.73
382077.00ms : 0.86;-0.55;-0.40;6.41;4.03;2.81
382097.00ms : 0.86;-0.58;-0.40;1.83;5.55;0.98
382117.00ms : 0.87;-0.52;-0.42;-1.28;1.34;-0.43
382137.00ms : 0.86;-0.49;-0.45;1.16;1.16;1.77
382157.00ms : 0.86;-0.56;-0.43;3.11;4.15;3.72
382177.00ms : 0.86;-0.61;-0.43;1.65;4.27;2.08
382197.00ms : 0.88;-0.58;-0.43;0.73;1.95;-1.34
382217.00ms : 0.88;-0.50;-0.45;1.77;-0.98;-1.10
382237.00ms : 0.88;-0.54;-0.46;2.99;-0.67;2.75
382257.00ms : 0.87;-0.60;-0.45;3.66;-0.31;3.30
382277.00ms : 0.88;-0.62;-0.45;1.89;-2.26;1.40
382297.00ms : 0.87;-0.59;-0.45;0.55;-3.54;-1.71
382317.00ms : 0.87;-0.61;-0.47;-1.34;-3.54;0.37
382337.00ms : 0.88;-0.63;-0.45;-2.08;-3.97;-0.18
382357.00ms : 0.87;-0.62;-0.46;-3.11;-5.92;-0.31
382377.00ms : 0.88;-0.63;-0.46;-3.54;-7.81;-1.40
382397.00ms : 0.88;-0.62;-0.47;-4.58;-9.83;-2.56
382417.00ms : 0.88;-0.60;-0.47;-4.94;-11.29;-1.65
382437.00ms : 0.88;-0.61;-0.46;-5.07;-13.55;-1.59
382457.00ms : 0.89;-0.60;-0.46;-5.68;-16.11;-4.09
382477.00ms : 0.88;-0.55;-0.46;-6.84;-17.64;-4.09
382497.00ms : 0.88;-0.53;-0.45;-6.23;-18.01;-0.12
382517.00ms : 0.84;-0.60;-0.40;-6.96;-17.52;1.89
382537.00ms : 0.86;-0.59;-0.39;-9.77;-19.78;1.40
382557.00ms : 0.87;-0.58;-0.39;-9.16;-21.18;2.75
382577.00ms : 0.85;-0.57;-0.35;-5.55;-22.22;4.64
382597.00ms : 0.85;-0.52;-0.32;-3.17;-23.13;1.65
382617.00ms : 0.84;-0.56;-0.27;-1.40;-22.34;4.46
382637.00ms : 0.86;-0.59;-0.25;-6.53;-22.03;4.09
382657.00ms : 0.84;-0.55;-0.28;-8.48;-20.81;4.39
382677.00ms : 0.89;-0.51;-0.26;-10.38;-19.29;3.66
382697.00ms : 0.93;-0.45;-0.24;-10.99;-19.35;4.39
382717.00ms : 0.94;-0.44;-0.26;-15.32;-18.80;10.93
382737.00ms : 0.90;-0.48;-0.24;-14.95;-17.64;11.60
382757.00ms : 0.92;-0.43;-0.26;-19.96;-20.81;12.51
382777.00ms : 0.91;-0.38;-0.25;-20.26;-24.29;16.24
382797.00ms : 0.82;-0.40;-0.21;-9.58;-23.93;17.09
382817.00ms : 0.79;-0.38;-0.14;-2.99;-23.25;10.62
382837.00ms : 0.84;-0.37;-0.22;-1.65;-27.89;6.96
382857.00ms : 0.77;-0.46;-0.21;4.58;-27.59;1.46
382877.00ms : 0.73;-0.59;-0.21;4.03;-26.92;-7.87
382897.00ms : 0.76;-0.63;-0.15;-2.93;-28.81;-19.59
382917.00ms : 0.81;-0.64;-0.16;-8.85;-31.01;-22.77
382937.00ms : 0.80;-0.71;-0.15;-10.80;-31.92;-18.13
382957.00ms : 0.77;-0.77;-0.13;-15.75;-30.09;-18.92
382977.00ms : 0.78;-0.74;-0.17;-22.40;-29.54;-27.71
382997.00ms : 0.82;-0.64;-0.16;-19.84;-31.68;-28.08
383017.00ms : 0.82;-0.62;-0.14;-10.68;-35.22;-22.95
383037.00ms : 0.79;-0.68;-0.12;-4.39;-38.33;-24.84
383057.00ms : 0.75;-0.70;-0.13;-6.41;-41.87;-30.27
383077.00ms : 0.74;-0.71;-0.10;-11.54;-41.26;-35.71
383097.00ms : 0.76;-0.70;-0.07;-18.68;-37.84;-42.91
383117.00ms : 0.80;-0.66;-0.08;-22.58;-36.44;-46.20
383137.00ms : 0.78;-0.68;-0.05;-21.18;-34.61;-47.18
383157.00ms : 0.76;-0.73;-0.05;-22.83;-35.83;-52.67
383177.00ms : 0.76;-0.70;-0.05;-22.28;-37.05;-54.57
383197.00ms : 0.74;-0.74;-0.00;-20.08;-35.22;-58.96
383217.00ms : 0.74;-0.73;-0.03;-18.80;-36.01;-63.17
383237.00ms : 0.72;-0.75;-0.01;-15.44;-36.19;-62.68
383257.00ms : 0.70;-0.78;0.00;-16.36;-36.25;-62.62
383277.00ms : 0.68;-0.77;0.03;-19.71;-34.67;-67.08
383297.00ms : 0.70;-0.72;0.03;-21.61;-34.18;-72.81
383317.00ms : 0.68;-0.70;0.01;-18.92;-35.46;-70.31
383337.00ms : 0.63;-0.80;0.02;-16.60;-34.36;-66.41
383357.00ms : 0.63;-0.81;0.05;-21.91;-35.64;-68.91
383377.00ms : 0.66;-0.74;0.06;-23.01;-37.48;-67.57
383397.00ms : 0.63;-0.70;0.07;-18.98;-36.74;-65.73
383417.00ms : 0.60;-0.70;0.09;-15.75;-35.28;-64.82
383437.00ms : 0.58;-0.71;0.09;-16.42;-33.33;-66.53
383457.00ms : 0.54;-0.76;0.07;-19.65;-31.56;-68.36
383477.00ms : 0.48;-0.76;0.06;-23.56;-29.72;-67.14
383497.00ms : 0.48;-0.80;0.09;-27.16;-26.73;-67.81
383517.00ms : 0.48;-0.77;0.08;-29.54;-26.31;-69.58
383537.00ms : 0.44;-0.77;0.10;-30.82;-24.60;-69.70
383557.00ms : 0.41;-0.76;0.12;-33.14;-24.05;-68.97
383577.00ms : 0.41;-0.75;0.13;-34.91;-22.28;-70.68
383597.00ms : 0.42;-0.75;0.13;-38.09;-19.41;-73.61
383617.00ms : 0.37;-0.73;0.14;-43.40;-17.15;-72.69
383637.00ms : 0.33;-0.72;0.15;-47.30;-15.56;-70.86
383657.00ms : 0.31;-0.74;0.20;-48.52;-15.63;-70.56
383677.00ms : 0.31;-0.71;0.21;-49.44;-16.17;-69.27
383697.00ms : 0.26;-0.71;0.21;-49.38;-16.11;-65.37
383717.00ms : 0.21;-0.69;0.22;-50.11;-15.99;-62.44
383737.00ms : 0.20;-0.68;0.25;-48.52;-17.33;-60.85
383757.00ms : 0.19;-0.67;0.25;-45.90;-20.20;-57.92
383777.00ms : 0.17;-0.66;0.25;-42.97;-20.75;-55.18
383797.00ms : 0.14;-0.70;0.25;-42.66;-19.65;-54.50
383817.00ms : 0.13;-0.68;0.28;-43.58;-21.55;-55.36
383837.00ms : 0.12;-0.64;0.29;-39.12;-24.84;-53.65
383857.00ms : 0.10;-0.63;0.28;-34.12;-27.28;-50.90
383877.00ms : 0.08;-0.64;0.27;-30.46;-26.18;-51.82
383897.00ms : 0.05;-0.63;0.29;-26.18;-25.94;-52.06
383917.00ms : 0.03;-0.64;0.32;-23.50;-27.28;-50.54
383937.00ms : 0.01;-0.61;0.33;-20.87;-29.42;-49.93
383957.00ms : -0.02;-0.64;0.32;-21.24;-26.06;-48.46
383977.00ms : -0.06;-0.65;0.35;-26.06;-24.17;-47.36
383997.00ms : -0.07;-0.63;0.36;-27.47;-26.49;-48.77
384017.00ms : -0.07;-0.60;0.38;-26.79;-30.40;-48.65
384037.00ms : -0.08;-0.60;0.36;-25.02;-32.96;-46.08
384057.00ms : -0.10;-0.59;0.39;-20.81;-35.95;-43.95
384077.00ms : -0.12;-0.53;0.37;-10.74;-42.72;-41.14
384097.00ms : -0.15;-0.54;0.38;-2.75;-43.40;-38.57
384117.00ms : -0.20;-0.62;0.39;-7.14;-39.79;-39.12
384137.00ms : -0.23;-0.64;0.37;-20.20;-36.44;-42.91
384157.00ms : -0.22;-0.62;0.36;-32.90;-34.42;-48.40
384177.00ms : -0.21;-0.59;0.33;-42.48;-29.97;-51.82
384197.00ms : -0.23;-0.54;0.37;-47.30;-25.70;-53.10
384217.00ms : -0.23;-0.46;0.37;-48.71;-24.54;-52.37
384237.00ms : -0.25;-0.46;0.30;-47.55;-23.86;-49.38
384257.00ms : -0.25;-0.49;0.30;-46.51;-23.93;-48.03
384277.00ms : -0.26;-0.42;0.32;-43.95;-24.84;-44.68
384297.00ms : -0.28;-0.40;0.32;-38.57;-24.05;-42.54
384317.00ms : -0.33;-0.39;0.28;-35.64;-23.80;-36.19
384337.00ms : -0.37;-0.44;0.27;-36.44;-20.08;-28.44
384357.00ms : -0.37;-0.45;0.30;-40.65;-16.85;-27.47
384377.00ms : -0.32;-0.31;0.33;-41.20;-16.11;-30.76
384397.00ms : -0.28;-0.23;0.32;-38.09;-15.75;-30.27
384417.00ms : -0.31;-0.27;0.29;-30.94;-13.18;-28.44
384437.00ms : -0.35;-0.30;0.32;-28.50;-12.51;-26.86
384457.00ms : -0.34;-0.28;0.35;-25.94;-14.34;-27.16
384477.00ms : -0.33;-0.20;0.34;-16.91;-16.48;-26.25
384497.00ms : -0.33;-0.12;0.32;-5.43;-19.10;-18.19
384517.00ms : -0.36;-0.13;0.37;6.96;-20.57;-5.92
384537.00ms : -0.35;-0.17;0.38;15.44;-23.44;-0.67
384557.00ms : -0.38;-0.22;0.35;17.76;-22.95;-0.31
384577.00ms : -0.41;-0.31;0.31;13.67;-20.75;-4.03
384597.00ms : -0.45;-0.29;0.35;4.52;-14.47;-3.85
384617.00ms : -0.46;-0.24;0.35;-5.13;-9.09;-1.28
384637.00ms : -0.42;-0.15;0.25;-7.45;-5.98;1.34
384657.00ms : -0.43;-0.23;0.24;-0.31;0.12;0.85
384677.00ms : -0.49;-0.37;0.35;-3.42;5.98;-0.61
384697.00ms : -0.50;-0.35;0.39;-14.16;7.39;-4.82
384717.00ms : -0.47;-0.20;0.33;-16.72;4.33;-3.60
384737.00ms : -0.45;-0.17;0.34;-10.01;3.17;2.38
384757.00ms : -0.45;-0.17;0.39;-4.21;4.33;5.86
384777.00ms : -0.45;-0.18;0.37;0.43;5.00;7.02
384797.00ms : -0.45;-0.20;0.37;5.31;4.39;9.22
384817.00ms : -0.46;-0.26;0.36;5.68;3.72;10.44
384837.00ms : -0.42;-0.27;0.33;4.94;2.38;10.38
384857.00ms : -0.44;-0.26;0.33;5.07;5.49;11.78
384877.00ms : -0.43;-0.25;0.31;3.72;7.32;12.39
384897.00ms : -0.44;-0.27;0.32;4.15;9.22;14.95
384917.00ms : -0.44;-0.25;0.35;3.17;10.38;14.95
384937.00ms : -0.40;-0.21;0.33;5.31;12.94;14.71
384957.00ms : -0.37;-0.23;0.29;8.67;14.47;16.78
384977.00ms : -0.39;-0.27;0.32;11.84;16.72;21.85
384997.00ms : -0.36;-0.24;0.31;11.84;16.05;22.46
385017.00ms : -0.33;-0.24;0.30;17.82;17.09;23.19
385037.00ms : -0.32;-0.25;0.28;20.69;19.96;25.15
385057.00ms : -0.31;-0.22;0.24;26.18;21.24;31.25
385077.00ms : -0.32;-0.30;0.26;29.48;26.12;37.35
385097.00ms : -0.28;-0.34;0.22;30.03;27.89;38.15
385117.00ms : -0.25;-0.40;0.25;31.62;32.17;37.41
385137.00ms : -0.25;-0.40;0.25;29.85;35.40;35.89
385157.00ms : -0.25;-0.43;0.27;29.85;40.47;38.51
385177.00ms : -0.25;-0.51;0.28;27.47;43.21;37.96
385197.00ms : -0.23;-0.51;0.32;26.06;44.49;37.84
385217.00ms : -0.19;-0.37;0.40;33.75;45.47;40.47
385237.00ms : -0.22;-0.40;0.37;39.00;50.84;41.44
385257.00ms : -0.18;-0.50;0.36;43.27;48.03;44.19
385277.00ms : -0.16;-0.71;0.39;42.85;46.14;43.76
385297.00ms : -0.13;-0.62;0.48;40.47;44.07;42.54
385317.00ms : -0.18;-0.52;0.47;38.70;48.10;39.86
385337.00ms : -0.13;-0.56;0.47;38.64;42.54;39.61
385357.00ms : -0.10;-0.67;0.44;32.90;37.84;35.28
385377.00ms : -0.04;-0.70;0.37;28.99;36.44;34.73
385397.00ms : -0.04;-0.67;0.47;29.11;40.77;36.32
385417.00ms : -0.07;-0.58;0.43;24.41;40.47;35.71
385437.00ms : -0.02;-0.56;0.39;26.43;32.29;35.52
385457.00ms : 0.04;-0.58;0.33;30.58;27.16;34.30
385477.00ms : 0.09;-0.67;0.30;40.77;27.22;37.66
385497.00ms : 0.06;-0.68;0.34;41.56;32.17;40.34
385517.00ms : 0.04;-0.64;0.35;36.93;29.54;40.34
385537.00ms : 0.07;-0.57;0.30;34.85;23.19;39.25
385557.00ms : 0.13;-0.58;0.27;39.79;20.87;41.99
385577.00ms : 0.17;-0.71;0.23;44.31;24.23;44.62
385597.00ms : 0.17;-0.73;0.24;43.27;27.04;45.72
385617.00ms : 0.16;-0.68;0.25;42.60;25.39;47.24
385637.00ms : 0.20;-0.61;0.21;45.23;23.50;49.50
385657.00ms : 0.24;-0.75;0.19;47.73;27.83;51.94
385677.00ms : 0.22;-0.88;0.19;35.77;36.32;50.35
385697.00ms : 0.18;-0.83;0.22;17.76;41.38;47.36
385717.00ms : 0.21;-0.71;0.21;11.72;38.82;45.29
385737.00ms : 0.29;-0.70;0.20;18.68;38.64;43.33
385757.00ms : 0.29;-0.82;0.22;19.53;42.30;43.15
385777.00ms : 0.27;-0.80;0.25;15.81;41.69;41.93
385797.00ms : 0.30;-0.74;0.25;20.26;36.07;41.56
385817.00ms : 0.37;-0.66;0.26;32.17;29.97;42.11
385837.00ms : 0.38;-0.77;0.21;40.22;28.50;44.07
385857.00ms : 0.37;-0.81;0.23;39.79;25.51;43.64
385877.00ms : 0.37;-0.78;0.24;37.05;22.09;42.05
385897.00ms : 0.41;-0.70;0.22;37.90;17.82;42.54
385917.00ms : 0.46;-0.72;0.22;43.76;15.69;45.41
385937.00ms : 0.43;-0.84;0.18;41.93;14.28;46.88
385957.00ms : 0.41;-0.83;0.19;32.29;13.43;46.45
385977.00ms : 0.47;-0.74;0.21;28.08;8.61;45.35
385997.00ms : 0.53;-0.65;0.22;34.97;2.14;49.62
386017.00ms : 0.54;-0.72;0.14;38.39;0.31;54.69
386037.00ms : 0.48;-0.84;0.16;34.55;1.83;56.95
386057.00ms : 0.50;-0.79;0.16;21.97;-2.38;54.75
386077.00ms : 0.55;-0.67;0.11;20.02;-5.74;51.88
386097.00ms : 0.59;-0.66;0.08;24.90;-5.37;52.55
386117.00ms : 0.52;-0.84;0.05;18.86;-1.77;54.81
386137.00ms : 0.50;-0.86;0.07;7.57;-0.92;51.21
386157.00ms : 0.56;-0.74;0.05;0.00;-1.59;47.67
386177.00ms : 0.64;-0.61;-0.01;2.14;1.71;44.74
386197.00ms : 0.67;-0.64;-0.02;12.15;3.78;48.46
386217.00ms : 0.56;-0.79;-0.05;14.47;8.85;51.03
386237.00ms : 0.57;-0.83;-0.03;9.89;8.61;46.33
386257.00ms : 0.62;-0.69;-0.05;7.69;7.81;42.48
386277.00ms : 0.70;-0.63;-0.10;16.17;8.42;41.81
386297.00ms : 0.69;-0.70;-0.14;28.81;11.41;49.19
386317.00ms : 0.62;-0.82;-0.08;30.33;14.53;50.23
386337.00ms : 0.64;-0.79;-0.05;23.74;13.24;48.03
386357.00ms : 0.68;-0.67;-0.05;19.53;12.94;45.84
386377.00ms : 0.72;-0.61;-0.05;23.50;15.50;44.62
386397.00ms : 0.70;-0.63;-0.04;26.37;19.47;47.85
386417.00ms : 0.68;-0.69;-0.04;26.37;20.75;46.26
386437.00ms : 0.67;-0.69;-0.01;20.45;16.42;44.98
386457.00ms : 0.69;-0.66;-0.00;18.37;14.10;41.99
386477.00ms : 0.74;-0.62;0.02;17.21;11.78;37.29
386497.00ms : 0.79;-0.54;0.00;21.67;7.20;38.21
386517.00ms : 0.77;-0.57;-0.03;30.09;6.59;45.41
386537.00ms : 0.76;-0.67;-0.05;29.85;3.91;45.41
386557.00ms : 0.76;-0.67;-0.05;23.44;2.81;39.43
386577.00ms : 0.77;-0.63;-0.04;14.89;1.83;33.87
386597.00ms : 0.78;-0.60;-0.08;12.33;4.15;36.44
386617.00ms : 0.79;-0.61;-0.09;11.05;5.55;39.00
386637.00ms : 0.77;-0.65;-0.13;5.62;8.18;35.89
386657.00ms : 0.78;-0.62;-0.13;-4.27;10.86;27.71
386677.00ms : 0.82;-0.55;-0.12;-10.25;12.88;23.44
386697.00ms : 0.79;-0.53;-0.12;-4.70;13.73;26.98
386717.00ms : 0.81;-0.58;-0.15;-2.26;14.40;27.53
386737.00ms : 0.83;-0.54;-0.16;1.46;11.78;21.79
386757.00ms : 0.84;-0.51;-0.15;6.65;10.68;19.41
386777.00ms : 0.83;-0.50;-0.16;14.04;8.12;21.85
386797.00ms : 0.83;-0.53;-0.19;23.56;5.07;25.94
386817.00ms : 0.83;-0.56;-0.18;30.09;1.16;28.63
386837.00ms : 0.83;-0.56;-0.16;31.31;-1.04;29.79
386857.00ms : 0.85;-0.54;-0.17;29.72;-1.22;24.66
386877.00ms : 0.86;-0.50;-0.15;31.19;-2.62;21.48
386897.00ms : 0.83;-0.53;-0.18;30.40;0.37;21.06
386917.00ms : 0.76;-0.56;-0.15;22.58;5.00;20.02
386937.00ms : 0.77;-0.57;-0.19;4.52;11.05;16.30
386957.00ms : 0.80;-0.53;-0.15;-10.56;15.69;10.56
386977.00ms : 0.86;-0.49;-0.15;-20.02;20.20;4.52
386997.00ms : 0.88;-0.47;-0.21;-24.35;22.89;7.51
387017.00ms : 0.88;-0.49;-0.19;-25.63;23.01;5.68
387037.00ms : 0.89;-0.45;-0.21;-27.65;22.77;2.87
387057.00ms : 0.91;-0.41;-0.22;-25.33;19.53;4.27
387077.00ms : 0.89;-0.41;-0.21;-15.69;15.99;7.75
387097.00ms : 0.83;-0.53;-0.21;-14.65;17.94;9.22
387117.00ms : 0.85;-0.54;-0.21;-20.26;16.97;4.70
387137.00ms : 0.87;-0.46;-0.20;-21.42;15.56;1.40
387157.00ms : 0.85;-0.46;-0.21;-19.53;17.09;2.62
387177.00ms : 0.90;-0.45;-0.21;-14.04;11.72;2.81
387197.00ms : 0.92;-0.41;-0.19;-7.26;8.18;3.60
387217.00ms : 0.93;-0.39;-0.19;-1.40;3.72;5.49
387237.00ms : 0.91;-0.36;-0.19;6.29;1.28;5.80
387257.00ms : 0.93;-0.43;-0.20;8.18;1.65;5.00
387277.00ms : 0.96;-0.42;-0.24;2.62;2.26;1.89
387297.00ms : 0.97;-0.36;-0.25;0.12;1.34;1.89
387317.00ms : 0.92;-0.37;-0.23;2.75;3.36;1.59
387337.00ms : 0.90;-0.37;-0.24;2.69;3.05;0.55
387357.00ms : 0.91;-0.39;-0.25;3.91;1.83;1.04
387377.00ms : 0.88;-0.43;-0.26;5.49;0.85;2.69
387397.00ms : 0.91;-0.44;-0.29;7.51;-0.98;2.32
387417.00ms : 0.92;-0.40;-0.24;8.91;-1.95;1.16
387437.00ms : 0.91;-0.44;-0.21;10.07;-2.08;-0.49
387457.00ms : 0.90;-0.44;-0.25;7.87;-3.17;-1.46
387477.00ms : 0.88;-0.46;-0.27;4.09;-0.73;-1.28
387497.00ms : 0.90;-0.41;-0.27;0.79;-0.18;-2.62
387517.00ms : 0.93;-0.37;-0.26;1.46;-0.67;-2.01
387537.00ms : 0.92;-0.38;-0.25;4.52;-1.59;-0.73
387557.00ms : 0.91;-0.41;-0.24;6.53;-1.89;-0.85
387577.00ms : 0.90;-0.38;-0.25;7.63;-2.62;-1.28
387597.00ms : 0.91;-0.40;-0.26;8.24;-2.20;-0.43
387617.00ms : 0.90;-0.42;-0.26;9.40;-2.56;0.37
387637.00ms : 0.90;-0.42;-0.27;10.25;-3.17;-0.24
387657.00ms : 0.90;-0.43;-0.27;10.25;-3.48;0.24
387677.00ms : 0.90;-0.43;-0.25;8.06;-3.72;-0.24
387697.00ms : 0.90;-0.41;-0.26;7.69;-3.54;-0.85
387717.00ms : 0.90;-0.42;-0.27;7.87;-2.50;-0.31
387737.00ms : 0.90;-0.42;-0.26;8.91;-3.11;0.31
387757.00ms : 0.89;-0.46;-0.26;8.42;-2.99;0.85
387777.00ms : 0.88;-0.45;-0.27;6.47;-3.17;0.18
387797.00ms : 0.89;-0.44;-0.26;4.27;-2.44;-0.37
387817.00ms : 0.90;-0.43;-0.24;2.38;-2.38;-0.79
387837.00ms : 0.90;-0.43;-0.24;2.20;-1.46;-0.79
387857.00ms : 0.88;-0.44;-0.27;1.40;-1.34;-0.24
387877.00ms : 0.88;-0.43;-0.27;1.46;-1.10;-0.18
387897.00ms : 0.89;-0.40;-0.25;1.77;-0.98;-0.12
387917.00ms : 0.90;-0.41;-0.24;2.44;-0.92;1.04
387937.00ms : 0.89;-0.45;-0.24;1.46;0.24;0.85
387957.00ms : 0.89;-0.47;-0.25;-1.89;0.61;-0.73
387977.00ms : 0.89;-0.46;-0.25;-5.13;0.85;-1.59
387997.00ms : 0.89;-0.45;-0.25;-7.69;1.59;-2.32
388017.00ms : 0.89;-0.44;-0.26;-8.36;1.65;-2.50
388037.00ms : 0.89;-0.42;-0.28;-7.20;2.08;-1.53
388057.00ms : 0.90;-0.40;-0.27;-3.97;1.04;-1.04
388077.00ms : 0.90;-0.40;-0.26;-1.04;-0.55;-0.73
388097.00ms : 0.90;-0.42;-0.24;-0.24;-0.73;-0.49
388117.00ms : 0.90;-0.42;-0.26;-0.98;-0.85;-0.92
388137.00ms : 0.90;-0.40;-0.27;-0.61;-1.16;-0.31
388157.00ms : 0.90;-0.40;-0.27;1.46;-1.16;0.43
388177.00ms : 0.91;-0.42;-0.27;2.69;-1.53;0.31
388197.00ms : 0.89;-0.44;-0.26;1.46;-1.53;0.49
388217.00ms : 0.90;-0.43;-0.26;0.24;-2.26;-0.67
388237.00ms : 0.90;-0.42;-0.26;0.31;-1.83;-0.12
388257.00ms : 0.89;-0.42;-0.25;-0.24;-1.28;-0.31
388277.00ms : 0.90;-0.43;-0.26;0.31;-1.53;-0.37
388297.00ms : 0.89;-0.44;-0.26;0.00;-1.53;-0.92
388317.00ms : 0.89;-0.44;-0.26;-1.28;-1.65;-0.43
388337.00ms : 0.89;-0.44;-0.26;-2.26;-0.73;0.12
388357.00ms : 0.89;-0.44;-0.26;-1.40;-1.16;-0.43
388377.00ms : 0.89;-0.43;-0.26;-1.28;-0.98;-0.24
388397.00ms : 0.88;-0.45;-0.26;-1.65;-0.79;0.12
388417.00ms : 0.89;-0.44;-0.27;-2.44;-0.98;-0.12
388437.00ms : 0.90;-0.42;-0.26;-1.59;-0.61;-0.31
388457.00ms : 0.90;-0.40;-0.25;-0.06;-1.10;0.73
388477.00ms : 0.89;-0.42;-0.24;1.22;-1.22;0.92
388497.00ms : 0.90;-0.43;-0.25;0.12;-0.98;0.67
388517.00ms : 0.89;-0.44;-0.26;-0.12;-1.53;0.31
388537.00ms : 0.89;-0.43;-0.26;0.00;-1.34;0.49
388557.00ms : 0.89;-0.43;-0.26;0.73;-1.71;0.92
388577.00ms : 0.89;-0.44;-0.26;0.79;-1.10;1.04
388597.00ms : 0.89;-0.43;-0.25;-0.49;-0.73;1.22
388617.00ms : 0.90;-0.43;-0.25;-0.37;-1.40;0.61
388637.00ms : 0.89;-0.43;-0.25;-0.31;-1.22;0.43
388657.00ms : 0.89;-0.43;-0.27;-0.49;-0.67;0.85
388677.00ms : 0.89;-0.43;-0.26;-0.92;-0.73;1.53
388697.00ms : 0.89;-0.43;-0.26;-0.61;-1.10;0.73
388717.00ms : 0.89;-0.42;-0.26;0.12;-0.85;0.67
388737.00ms : 0.90;-0.42;-0.26;-0.24;-1.16;0.98
388757.00ms : 0.90;-0.43;-0.26;-0.18;-1.10;0.98
388777.00ms : 0.90;-0.44;-0.26;-0.43;-1.10;0.98
388797.00ms : 0.88;-0.45;-0.26;-1.71;-0.67;0.85
388817.00ms : 0.89;-0.46;-0.25;-3.42;-0.24;1.10
388837.00ms : 0.89;-0.46;-0.25;-5.25;0.67;0.24
388857.00ms : 0.89;-0.44;-0.26;-7.14;0.73;-0.12
388877.00ms : 0.90;-0.42;-0.27;-8.06;0.98;-0.31
388897.00ms : 0.90;-0.41;-0.25;-7.57;1.40;-0.12
388917.00ms : 0.90;-0.40;-0.25;-6.35;1.16;-0.92
388937.00ms : 0.91;-0.37;-0.26;-3.72;0.67;-0.43
388957.00ms : 0.91;-0.37;-0.26;0.12;-0.73;0.85
388977.00ms : 0.90;-0.41;-0.27;2.81;-1.04;2.32
388997.00ms : 0.90;-0.43;-0.26;3.36;-1.53;1.59
389017.00ms : 0.89;-0.43;-0.26;2.93;-1.53;0.61
389037.00ms : 0.91;-0.41;-0.27;2.14;-2.26;0.37
389057.00ms : 0.90;-0.42;-0.26;2.99;-2.01;1.28
389077.00ms : 0.90;-0.43;-0.26;3.36;-2.08;1.34
389097.00ms : 0.89;-0.44;-0.26;3.05;-1.89;1.16
389117.00ms : 0.89;-0.45;-0.26;1.83;-2.14;0.61
389137.00ms : 0.89;-0.44;-0.25;0.55;-1.28;0.06
389157.00ms : 0.90;-0.42;-0.27;0.06;-1.77;0.31
389177.00ms : 0.90;-0.42;-0.26;0.61;-1.77;0.67
389197.00ms : 0.90;-0.42;-0.25;1.34;-1.28;0.49
389217.00ms : 0.90;-0.42;-0.27;1.16;-1.89;0.43
389237.00ms : 0.89;-0.42;-0.26;1.22;-1.28;0.49
389257.00ms : 0.90;-0.44;-0.26;0.12;-1.22;0.12
389277.00ms : 0.90;-0.42;-0.27;-0.85;-1.04;-0.43
389297.00ms : 0.90;-0.42;-0.26;-0.43;-0.98;0.06
389317.00ms : 0.90;-0.43;-0.26;-0.37;-0.98;0.00
389337.00ms : 0.89;-0.43;-0.26;-0.55;-0.67;0.12
389357.00ms : 0.90;-0.43;-0.27;-0.06;-1.34;-0.67
389377.00ms : 0.90;-0.42;-0.26;0.67;-1.46;-0.61
389397.00ms : 0.90;-0.42;-0.26;0.61;-1.71;0.06
389417.00ms : 0.90;-0.43;-0.26;0.85;-1.34;0.06
389437.00ms : 0.90;-0.43;-0.25;0.67;-1.53;-0.79
389457.00ms : 0.90;-0.42;-0.26;0.85;-1.53;-0.18
389477.00ms : 0.90;-0.42;-0.26;1.59;-1.46;-0.92
389497.00ms : 0.90;-0.41;-0.26;1.89;-1.83;-0.73
389517.00ms : 0.90;-0.42;-0.26;2.81;-2.14;0.43
389537.00ms : 0.89;-0.44;-0.26;2.32;-1.71;0.73
389557.00ms : 0.89;-0.44;-0.25;2.20;-1.71;-0.12
389577.00ms : 0.90;-0.43;-0.26;1.22;-1.65;-1.28
389597.00ms : 0.90;-0.43;-0.27;1.22;-1.46;-0.49
389617.00ms : 0.88;-0.45;-0.26;0.79;-1.28;0.18
389637.00ms : 0.89;-0.44;-0.26;0.31;-1.71;-0.79
389657.00ms : 0.89;-0.42;-0.27;0.98;-1.95;-0.12
389677.00ms : 0.89;-0.44;-0.26;1.34;-1.65;0.43
389697.00ms : 0.89;-0.44;-0.27;0.43;-1.28;0.37
389717.00ms : 0.89;-0.44;-0.26;-0.37;-1.53;-0.49
389737.00ms : 0.89;-0.43;-0.26;-0.67;-1.16;-0.43
389757.00ms : 0.89;-0.44;-0.26;-1.22;-1.10;-0.37
389777.00ms : 0.89;-0.43;-0.27;-1.95;-0.92;0.43
389797.00ms : 0.90;-0.44;-0.26;-2.01;-0.79;0.31
389817.00ms : 0.89;-0.44;-0.25;-1.83;-0.92;-0.06
389837.00ms : 0.90;-0.43;-0.27;-1.10;-1.71;-0.31
389857.00ms : 0.89;-0.42;-0.27;-0.67;-1.34;0.61
389877.00ms : 0.90;-0.43;-0.26;-0.92;-1.46;0.00
389897.00ms : 0.90;-0.43;-0.26;-1.34;-1.65;0.37
389917.00ms : 0.90;-0.42;-0.26;-1.53;-1.59;-0.18
389937.00ms : 0.89;-0.42;-0.26;-0.18;-1.40;0.43
389957.00ms : 0.90;-0.43;-0.26;0.18;-1.83;0.43
389977.00ms : 0.89;-0.43;-0.25;0.37;-2.08;0.98
389997.00ms : 0.89;-0.45;-0.25;0.55;-1.83;0.73
390017.00ms : 0.89;-0.45;-0.26;0.18;-1.34;1.04
390037.00ms : 0.89;-0.45;-0.27;-0.24;-1.22;0.67
390057.00ms : 0.88;-0.45;-0.26;-1.34;-0.85;1.04
390077.00ms : 0.89;-0.44;-0.26;-1.71;-0.55;1.16
