18406.00ms : 0.92;-0.37;-0.29;-29.79;-0.49;10.19
18425.00ms : 0.94;-0.27;-0.32;-10.38;-1.10;2.56
18445.00ms : 0.95;-0.29;-0.32;0.85;-1.59;-5.00
18465.00ms : 0.96;-0.32;-0.37;0.43;5.62;-9.34
18485.00ms : 0.96;-0.38;-0.34;-1.53;-3.11;-5.43
18505.00ms : 0.93;-0.32;-0.33;-1.34;-1.22;-8.91
18525.00ms : 0.92;-0.36;-0.29;-5.07;0.18;-6.35
18545.00ms : 0.92;-0.36;-0.31;-9.58;1.83;-6.04
18565.00ms : 0.96;-0.33;-0.33;-12.51;-0.31;-7.51
18585.00ms : 0.95;-0.29;-0.38;-11.66;0.00;-9.52
18605.00ms : 0.95;-0.33;-0.36;-7.87;-0.55;-8.30
18625.00ms : 0.92;-0.37;-0.31;-5.43;0.98;-9.64
18645.00ms : 0.93;-0.38;-0.29;-8.67;0.49;-12.15
18665.00ms : 0.95;-0.32;-0.32;-13.49;0.49;-12.39
18685.00ms : 0.97;-0.31;-0.34;-13.06;0.43;-11.90
18705.00ms : 0.91;-0.31;-0.34;-9.16;-2.87;-9.03
18725.00ms : 1.00;-0.32;-0.32;-6.96;-5.55;-9.83
18745.00ms : 0.95;-0.30;-0.29;-3.60;-4.09;-10.99
18765.00ms : 0.96;-0.35;-0.30;-4.94;-4.27;-8.61
18785.00ms : 0.95;-0.37;-0.30;-4.03;-4.21;-7.20
18805.00ms : 0.93;-0.41;-0.28;-2.26;-3.97;-8.85
18825.00ms : 0.91;-0.43;-0.26;-2.56;-3.91;-10.56
18845.00ms : 0.92;-0.40;-0.28;-4.03;-5.00;-10.19
18865.00ms : 0.96;-0.37;-0.31;-2.01;-4.58;-10.07
18885.00ms : 0.93;-0.45;-0.27;0.00;-2.38;-11.78
18905.00ms : 0.94;-0.41;-0.24;-2.20;-2.75;-13.12
18925.00ms : 0.97;-0.43;-0.26;-4.15;-1.28;-13.92
18945.00ms : 0.91;-0.43;-0.30;-5.19;-0.06;-14.40
18965.00ms : 0.93;-0.40;-0.31;-5.37;-0.55;-13.55
18985.00ms : 0.93;-0.42;-0.29;-4.94;0.24;-12.70
19005.00ms : 0.88;-0.48;-0.28;-7.26;0.92;-13.24
19025.00ms : 0.88;-0.47;-0.28;-11.60;1.16;-13.49
19045.00ms : 0.95;-0.44;-0.29;-14.89;1.40;-13.43
19065.00ms : 0.91;-0.42;-0.31;-14.28;1.10;-14.04
19085.00ms : 0.87;-0.42;-0.28;-12.45;2.26;-13.00
19105.00ms : 0.94;-0.47;-0.28;-13.43;0.98;-13.67
19125.00ms : 0.95;-0.46;-0.30;-15.38;0.73;-16.48
19145.00ms : 0.91;-0.43;-0.32;-15.63;1.16;-16.11
19165.00ms : 0.89;-0.42;-0.28;-13.85;1.46;-13.06
19185.00ms : 0.86;-0.48;-0.26;-13.12;0.61;-9.89
19205.00ms : 0.88;-0.46;-0.24;-12.51;-2.38;-8.42
19225.00ms : 0.90;-0.45;-0.25;-13.31;-4.09;-6.96
19245.00ms : 0.89;-0.47;-0.26;-11.84;-4.70;-5.19
19265.00ms : 0.86;-0.49;-0.26;-11.78;-4.58;-2.87
19285.00ms : 0.90;-0.48;-0.26;-12.08;-7.93;-1.59
19305.00ms : 0.91;-0.40;-0.25;-6.59;-10.93;-0.18
19325.00ms : 0.89;-0.44;-0.28;-2.20;-12.21;4.39
19345.00ms : 0.87;-0.48;-0.31;-0.37;-10.50;7.26
19365.00ms : 0.88;-0.52;-0.29;-2.44;-7.57;6.71
19385.00ms : 0.87;-0.51;-0.24;-5.80;-7.57;5.74
19405.00ms : 0.84;-0.45;-0.22;-4.33;-9.52;7.63
19425.00ms : 0.84;-0.38;-0.19;-2.44;-10.25;11.72
19445.00ms : 0.91;-0.43;-0.16;-1.16;-10.13;11.29
19465.00ms : 0.93;-0.41;-0.18;-1.04;-10.62;10.99
19485.00ms : 0.89;-0.39;-0.19;-0.12;-13.31;9.22
19505.00ms : 0.85;-0.37;-0.25;0.43;-14.16;8.61
19525.00ms : 0.92;-0.45;-0.27;-1.59;-11.84;5.86
19545.00ms : 0.89;-0.50;-0.29;-7.14;-8.54;3.66
19565.00ms : 0.87;-0.44;-0.27;-8.48;-8.24;5.07
19585.00ms : 0.87;-0.40;-0.24;-4.09;-8.06;5.98
19605.00ms : 0.82;-0.44;-0.26;-2.69;-6.16;5.49
19625.00ms : 0.82;-0.47;-0.24;-5.37;-7.14;5.49
19645.00ms : 0.87;-0.48;-0.23;-7.81;-7.08;4.58
19665.00ms : 0.86;-0.45;-0.21;-10.25;-4.82;3.05
19685.00ms : 0.87;-0.46;-0.17;-15.26;-2.44;2.20
19705.00ms : 0.85;-0.43;-0.15;-19.71;-2.69;1.10
19725.00ms : 0.84;-0.35;-0.17;-17.88;-5.92;0.43
19745.00ms : 0.87;-0.35;-0.22;-14.16;-8.54;2.62
19765.00ms : 0.87;-0.43;-0.19;-12.70;-6.96;2.56
19785.00ms : 0.86;-0.46;-0.21;-13.55;-7.26;2.87
19805.00ms : 0.87;-0.46;-0.21;-14.71;-6.23;2.56
19825.00ms : 0.84;-0.48;-0.17;-19.35;-5.07;1.95
19845.00ms : 0.84;-0.44;-0.22;-18.80;-8.18;0.67
19865.00ms : 0.86;-0.34;-0.24;-12.45;-8.12;0.67
19885.00ms : 0.86;-0.31;-0.19;-6.71;-7.69;1.34
19905.00ms : 0.88;-0.37;-0.19;-3.54;-9.52;3.78
19925.00ms : 0.90;-0.41;-0.21;-2.69;-8.48;3.72
19945.00ms : 0.90;-0.35;-0.29;-2.50;-4.64;3.30
19965.00ms : 0.88;-0.34;-0.26;-1.16;-1.10;3.17
19985.00ms : 0.85;-0.39;-0.17;-1.34;0.12;1.46
20005.00ms : 0.84;-0.47;-0.09;-4.33;0.24;-1.16
20025.00ms : 0.85;-0.50;-0.06;-8.48;-2.26;-3.42
20045.00ms : 0.88;-0.40;-0.13;-5.55;-5.00;-2.44
20065.00ms : 0.88;-0.30;-0.20;2.99;-5.31;0.61
20085.00ms : 0.89;-0.33;-0.24;11.11;-4.15;2.69
20105.00ms : 0.88;-0.41;-0.24;9.77;-0.31;2.75
20125.00ms : 0.87;-0.47;-0.17;2.32;1.53;1.28
20145.00ms : 0.85;-0.49;-0.13;-5.37;2.08;-1.46
20165.00ms : 0.89;-0.42;-0.13;-7.81;1.95;-2.93
20185.00ms : 0.86;-0.40;-0.09;-5.31;1.89;-1.71
20205.00ms : 0.82;-0.43;-0.05;-4.27;-1.34;-1.77
20225.00ms : 0.87;-0.35;-0.12;-2.93;-4.33;-1.77
20245.00ms : 0.89;-0.35;-0.16;-0.43;-4.33;-0.73
20265.00ms : 0.89;-0.35;-0.20;2.14;-3.72;0.73
20285.00ms : 0.89;-0.41;-0.21;-0.06;-0.79;-0.12
20305.00ms : 0.87;-0.48;-0.16;-5.92;-1.46;-1.34
20325.00ms : 0.89;-0.42;-0.18;-7.39;-1.22;-2.08
20345.00ms : 0.89;-0.42;-0.14;-6.04;-0.85;-1.53
20365.00ms : 0.87;-0.41;-0.14;-3.17;-3.60;-0.61
20385.00ms : 0.88;-0.38;-0.19;0.24;-3.78;-0.24
20405.00ms : 0.87;-0.42;-0.16;-0.43;-2.69;-1.22
20425.00ms : 0.86;-0.45;-0.14;-3.11;-5.00;-0.92
20445.00ms : 0.92;-0.36;-0.20;-2.50;-5.25;-0.37
20465.00ms : 0.88;-0.33;-0.21;-0.06;-1.89;-0.98
20485.00ms : 0.87;-0.38;-0.18;0.55;-2.44;-1.71
20505.00ms : 0.92;-0.35;-0.25;3.42;-2.32;0.31
20525.00ms : 0.92;-0.31;-0.27;7.63;0.98;2.08
20545.00ms : 0.87;-0.44;-0.17;5.98;2.81;1.83
20565.00ms : 0.84;-0.46;-0.12;-0.73;2.81;-0.98
20585.00ms : 0.88;-0.44;-0.14;-3.36;1.22;-1.65
20605.00ms : 0.88;-0.38;-0.17;-1.46;0.79;-0.92
20625.00ms : 0.86;-0.46;-0.12;-0.98;0.37;-0.67
20645.00ms : 0.87;-0.43;-0.15;-2.26;-1.59;-1.04
20665.00ms : 0.89;-0.39;-0.19;-0.49;-0.92;-0.06
20685.00ms : 0.88;-0.34;-0.21;3.54;-0.06;1.40
20705.00ms : 0.87;-0.38;-0.21;6.71;0.92;2.26
20725.00ms : 0.88;-0.40;-0.23;7.81;2.20;1.71
20745.00ms : 0.87;-0.43;-0.20;5.43;4.94;1.46
20765.00ms : 0.84;-0.48;-0.15;2.01;5.55;-0.18
20785.00ms : 0.84;-0.42;-0.19;2.26;4.94;-1.22
20805.00ms : 0.85;-0.37;-0.19;4.64;5.00;0.55
20825.00ms : 0.86;-0.45;-0.14;5.07;4.03;1.46
20845.00ms : 0.84;-0.46;-0.15;3.72;4.03;-1.40
20865.00ms : 0.84;-0.42;-0.19;4.27;5.31;-3.17
20885.00ms : 0.86;-0.33;-0.27;9.40;4.03;-1.34
20905.00ms : 0.83;-0.44;-0.18;10.38;8.00;-0.79
20925.00ms : 0.84;-0.51;-0.15;4.82;6.23;-2.62
20945.00ms : 0.83;-0.46;-0.17;4.21;2.99;-4.64
20965.00ms : 0.87;-0.38;-0.20;9.64;1.53;-3.30
20985.00ms : 0.84;-0.38;-0.18;13.67;3.54;-2.75
21005.00ms : 0.81;-0.45;-0.13;13.92;3.60;-3.97
21025.00ms : 0.85;-0.41;-0.21;11.17;0.37;-3.30
21045.00ms : 0.83;-0.37;-0.25;16.05;-0.31;-3.05
21065.00ms : 0.78;-0.38;-0.29;22.28;0.79;-4.33
21085.00ms : 0.74;-0.42;-0.22;21.73;4.58;-8.54
21105.00ms : 0.87;-0.43;-0.21;15.44;4.94;-9.77
21125.00ms : 0.86;-0.40;-0.24;13.55;-0.61;-4.82
21145.00ms : 0.82;-0.42;-0.31;19.23;1.04;-4.70
21165.00ms : 0.82;-0.30;-0.39;30.21;-0.98;-2.75
21185.00ms : 0.80;-0.39;-0.28;26.79;4.64;-3.91
21205.00ms : 0.90;-0.45;-0.21;18.74;7.39;-6.59
21225.00ms : 0.95;-0.54;-0.27;10.62;6.84;-5.07
21245.00ms : 0.79;-0.58;-0.19;0.18;7.02;-6.16
21265.00ms : 0.95;-0.29;-0.18;-0.06;1.89;-6.35
21285.00ms : 1.06;-0.31;-0.17;4.70;1.10;-4.46
21305.00ms : 1.05;-0.50;-0.18;5.25;2.93;1.46
21325.00ms : 0.92;-0.62;-0.24;4.52;4.03;1.46
21345.00ms : 0.86;-0.60;-0.13;2.38;1.46;-4.76
21365.00ms : 1.05;-0.44;-0.19;-2.14;-2.20;-5.25
21385.00ms : 1.01;-0.46;-0.25;-0.73;2.69;-1.34
21405.00ms : 0.90;-0.49;-0.27;1.77;3.05;0.18
21425.00ms : 0.83;-0.50;-0.32;4.21;2.75;0.73
21445.00ms : 0.77;-0.53;-0.27;4.39;1.16;-0.92
21465.00ms : 0.91;-0.48;-0.27;-1.16;-0.79;-2.20
21485.00ms : 0.91;-0.43;-0.26;-0.49;-0.92;1.95
21505.00ms : 0.89;-0.45;-0.24;3.23;-1.83;4.82
21525.00ms : 0.88;-0.45;-0.23;7.57;-3.42;4.27
21545.00ms : 0.90;-0.45;-0.23;8.30;-4.09;2.56
21565.00ms : 0.95;-0.47;-0.24;7.39;-3.17;2.56
21585.00ms : 0.94;-0.51;-0.25;6.77;-2.44;4.76
21605.00ms : 0.89;-0.56;-0.24;4.58;-1.71;4.03
21625.00ms : 0.90;-0.54;-0.24;0.00;-1.95;0.98
21645.00ms : 0.90;-0.47;-0.26;-1.53;-0.73;0.61
21665.00ms : 0.88;-0.47;-0.27;0.06;0.12;2.62
21685.00ms : 0.85;-0.49;-0.27;1.34;-0.73;3.30
21705.00ms : 0.85;-0.50;-0.26;1.28;-1.46;3.42
21725.00ms : 0.87;-0.47;-0.27;0.98;-1.77;2.99
21745.00ms : 0.86;-0.47;-0.26;0.98;-0.98;3.85
21765.00ms : 0.87;-0.44;-0.26;0.61;-1.22;3.91
21785.00ms : 0.87;-0.43;-0.26;1.59;-1.46;4.46
21805.00ms : 0.87;-0.44;-0.26;2.69;-1.46;5.13
21825.00ms : 0.89;-0.45;-0.25;3.78;-1.28;4.21
21845.00ms : 0.91;-0.44;-0.26;4.09;-1.65;4.21
21865.00ms : 0.90;-0.45;-0.27;4.82;-1.22;4.58
21885.00ms : 0.87;-0.46;-0.26;5.13;-1.28;4.15
21905.00ms : 0.89;-0.47;-0.26;4.64;-1.53;3.78
21925.00ms : 0.89;-0.49;-0.28;3.48;-1.83;5.13
21945.00ms : 0.88;-0.51;-0.29;3.11;-2.32;4.64
21965.00ms : 0.90;-0.47;-0.29;3.97;-3.78;3.97
21985.00ms : 0.87;-0.47;-0.26;5.49;-2.62;4.88
22005.00ms : 0.88;-0.47;-0.25;3.17;-2.01;4.82
22025.00ms : 0.88;-0.45;-0.25;1.71;-0.79;5.43
22045.00ms : 0.89;-0.42;-0.24;2.81;-0.49;4.52
22065.00ms : 0.90;-0.39;-0.27;5.74;-1.28;5.07
22085.00ms : 0.88;-0.41;-0.28;9.16;-1.10;6.90
22105.00ms : 0.88;-0.46;-0.28;9.40;-1.28;6.29
22125.00ms : 0.89;-0.45;-0.26;8.67;-1.89;4.21
22145.00ms : 0.90;-0.42;-0.29;7.51;-2.69;3.78
22165.00ms : 0.90;-0.42;-0.29;6.96;-1.34;4.58
22185.00ms : 0.89;-0.45;-0.28;5.92;-1.40;4.76
22205.00ms : 0.88;-0.46;-0.29;4.46;-1.40;3.78
22225.00ms : 0.90;-0.47;-0.30;3.42;-1.46;3.17
22245.00ms : 0.89;-0.47;-0.30;2.87;-1.65;2.93
22265.00ms : 0.89;-0.44;-0.28;3.72;-2.20;2.93
22285.00ms : 0.90;-0.42;-0.28;5.13;-2.20;2.99
22305.00ms : 0.90;-0.42;-0.27;5.74;-2.01;3.60
22325.00ms : 0.89;-0.42;-0.29;6.41;-2.20;4.03
22345.00ms : 0.90;-0.43;-0.29;6.59;-2.26;3.85
22365.00ms : 0.90;-0.43;-0.28;6.10;-2.38;3.11
22385.00ms : 0.90;-0.43;-0.27;4.15;-1.83;2.56
22405.00ms : 0.89;-0.45;-0.28;0.79;-1.10;2.20
22425.00ms : 0.89;-0.45;-0.29;-2.26;-0.61;1.40
22445.00ms : 0.90;-0.43;-0.30;-2.32;-0.67;0.98
22465.00ms : 0.90;-0.44;-0.29;-2.32;-0.98;1.04
22485.00ms : 0.90;-0.44;-0.28;-2.32;-1.28;1.65
22505.00ms : 0.89;-0.45;-0.28;-2.87;-0.85;1.40
22525.00ms : 0.89;-0.43;-0.29;-3.60;-0.98;0.37
22545.00ms : 0.90;-0.40;-0.29;-3.23;-0.73;0.85
22565.00ms : 0.90;-0.41;-0.28;-2.08;-0.73;1.59
22585.00ms : 0.89;-0.41;-0.27;-1.10;-0.43;0.37
22605.00ms : 0.90;-0.38;-0.28;-0.06;-0.55;0.61
22625.00ms : 0.91;-0.41;-0.28;0.37;-0.06;1.34
22645.00ms : 0.90;-0.44;-0.29;-0.24;-0.18;1.71
22665.00ms : 0.88;-0.46;-0.28;-1.16;0.12;0.85
22685.00ms : 0.90;-0.46;-0.28;-2.38;-0.12;0.12
22705.00ms : 0.90;-0.44;-0.29;-2.81;-0.18;0.43
22725.00ms : 0.89;-0.44;-0.29;-2.26;0.00;1.04
22745.00ms : 0.90;-0.44;-0.29;-3.11;0.37;0.92
22765.00ms : 0.89;-0.43;-0.28;-4.03;0.67;0.73
22785.00ms : 0.90;-0.42;-0.29;-4.15;0.43;0.85
22805.00ms : 0.90;-0.43;-0.29;-2.50;0.37;1.53
22825.00ms : 0.90;-0.42;-0.28;-1.59;0.24;1.53
22845.00ms : 0.90;-0.42;-0.29;-1.46;0.00;1.59
22865.00ms : 0.90;-0.42;-0.30;-0.79;-0.24;1.71
22885.00ms : 0.90;-0.42;-0.29;-0.61;-0.31;1.34
22905.00ms : 0.90;-0.44;-0.28;-0.55;-0.43;1.40
22925.00ms : 0.90;-0.43;-0.28;-0.55;-0.67;1.28
22945.00ms : 0.90;-0.42;-0.29;-0.37;-0.73;1.10
22965.00ms : 0.90;-0.42;-0.29;-0.73;-0.67;1.40
22985.00ms : 0.91;-0.41;-0.28;0.55;-0.98;0.61
23005.00ms : 0.92;-0.41;-0.27;3.23;-0.85;-1.10
23025.00ms : 0.91;-0.38;-0.28;3.60;-1.10;-3.30
23045.00ms : 0.90;-0.40;-0.31;4.09;-1.59;-1.10
23065.00ms : 0.89;-0.46;-0.31;1.83;-1.28;1.40
23085.00ms : 0.89;-0.49;-0.29;-0.73;-2.08;0.67
23105.00ms : 0.89;-0.45;-0.28;-1.53;-2.32;0.06
23125.00ms : 0.90;-0.43;-0.30;-1.59;-2.14;0.98
23145.00ms : 0.90;-0.43;-0.30;-1.59;-1.95;1.28
23165.00ms : 0.89;-0.43;-0.28;-0.92;-2.14;1.65
23185.00ms : 0.90;-0.42;-0.28;0.67;-2.14;2.01
23205.00ms : 0.90;-0.42;-0.29;2.62;-2.08;1.77
23225.00ms : 0.93;-0.43;-0.28;5.00;-1.46;-1.34
23245.00ms : 0.90;-0.41;-0.30;4.52;-2.20;-2.56
23265.00ms : 0.89;-0.41;-0.30;3.72;-2.38;0.85
23285.00ms : 0.89;-0.44;-0.27;2.14;-1.89;1.40
23305.00ms : 0.89;-0.44;-0.28;0.37;-1.65;0.92
23325.00ms : 0.90;-0.45;-0.29;-0.55;-1.28;0.79
23345.00ms : 0.89;-0.43;-0.28;0.06;-1.34;0.55
23365.00ms : 0.90;-0.43;-0.30;-0.06;-1.34;1.16
23385.00ms : 0.91;-0.44;-0.30;-0.43;-1.89;2.26
23405.00ms : 0.90;-0.47;-0.29;-1.04;-1.22;1.40
23425.00ms : 0.90;-0.44;-0.30;-1.71;-1.04;-0.24
23445.00ms : 0.90;-0.41;-0.29;-1.10;-0.85;-1.16
23465.00ms : 0.91;-0.39;-0.28;0.06;-1.34;-0.55
23485.00ms : 0.90;-0.39;-0.29;1.28;-1.71;1.10
23505.00ms : 0.89;-0.42;-0.29;2.32;-1.59;2.32
23525.00ms : 0.90;-0.44;-0.28;1.71;-1.59;1.89
23545.00ms : 0.89;-0.44;-0.29;0.98;-1.40;1.10
23565.00ms : 0.90;-0.42;-0.28;0.79;-1.53;0.43
23585.00ms : 0.90;-0.41;-0.28;1.04;-1.53;1.40
23605.00ms : 0.91;-0.41;-0.29;1.59;-1.65;1.77
23625.00ms : 0.90;-0.41;-0.29;2.01;-1.59;1.89
23645.00ms : 0.90;-0.43;-0.28;2.38;-0.98;0.61
23665.00ms : 0.90;-0.43;-0.30;2.69;-1.28;0.00
23685.00ms : 0.91;-0.45;-0.31;1.89;-0.85;0.24
23705.00ms : 0.89;-0.45;-0.29;0.73;-1.40;-0.43
23725.00ms : 0.89;-0.44;-0.27;-0.37;-1.28;0.00
23745.00ms : 0.90;-0.41;-0.27;-0.92;-1.10;-0.31
23765.00ms : 0.90;-0.40;-0.29;-0.06;-0.98;0.79
23785.00ms : 0.90;-0.43;-0.29;0.61;-1.34;1.28
23805.00ms : 0.90;-0.43;-0.30;0.49;-1.53;1.59
23825.00ms : 0.90;-0.45;-0.29;0.06;-0.98;0.92
23845.00ms : 0.90;-0.42;-0.29;0.31;-1.59;0.37
23865.00ms : 0.90;-0.41;-0.29;1.16;-1.71;1.34
23885.00ms : 0.90;-0.42;-0.29;1.89;-1.77;1.95
23905.00ms : 0.90;-0.44;-0.29;2.08;-1.40;1.71
23925.00ms : 0.90;-0.43;-0.29;0.49;-1.22;0.67
23945.00ms : 0.90;-0.43;-0.29;-0.24;-0.55;0.49
23965.00ms : 0.90;-0.43;-0.29;-0.31;-0.98;0.31
23985.00ms : 0.90;-0.42;-0.29;0.61;-1.22;0.92
24005.00ms : 0.90;-0.42;-0.28;0.85;-0.98;1.77
24025.00ms : 0.90;-0.42;-0.29;0.43;-1.34;1.59
24045.00ms : 0.90;-0.41;-0.28;-0.55;-0.85;1.95
24065.00ms : 0.91;-0.41;-0.30;-1.04;-0.67;0.73
24085.00ms : 0.90;-0.45;-0.33;-2.93;0.18;1.59
24105.00ms : 0.89;-0.52;-0.29;-5.25;0.43;0.06
24125.00ms : 0.89;-0.46;-0.30;-7.08;-0.49;-1.95
24145.00ms : 0.90;-0.41;-0.29;-5.07;-0.49;-0.85
24165.00ms : 0.91;-0.37;-0.28;-2.50;-0.24;0.00
24185.00ms : 0.92;-0.38;-0.29;-0.67;-0.18;1.28
24205.00ms : 0.90;-0.41;-0.30;0.92;-0.85;1.04
24225.00ms : 0.90;-0.42;-0.29;2.20;-1.28;-0.06
24245.00ms : 0.90;-0.42;-0.29;1.71;-1.40;-0.31
24265.00ms : 0.91;-0.44;-0.30;0.00;-0.85;0.43
24285.00ms : 0.90;-0.44;-0.30;-1.34;-0.67;-0.18
24305.00ms : 0.90;-0.43;-0.30;-1.16;-0.92;-0.49
24325.00ms : 0.90;-0.42;-0.29;-0.49;-1.04;-0.55
24345.00ms : 0.90;-0.42;-0.29;-0.85;-0.67;-1.16
24365.00ms : 0.91;-0.41;-0.28;-1.89;-0.49;-1.40
24385.00ms : 0.91;-0.42;-0.30;-2.26;-1.10;-0.85
24405.00ms : 0.89;-0.44;-0.30;-2.32;-1.16;-0.85
24425.00ms : 0.89;-0.45;-0.30;-2.38;-1.34;-1.53
24445.00ms : 0.90;-0.45;-0.29;-4.03;-1.22;-1.83
24465.00ms : 0.90;-0.44;-0.29;-5.07;-1.28;-1.83
24485.00ms : 0.90;-0.43;-0.29;-4.88;-1.04;-2.08
24505.00ms : 0.90;-0.43;-0.29;-4.76;-0.92;-2.69
24525.00ms : 0.90;-0.42;-0.29;-4.64;-1.53;-1.89
24545.00ms : 0.90;-0.41;-0.28;-2.81;-1.59;-1.53
24565.00ms : 0.90;-0.42;-0.29;-2.81;-1.22;-1.59
24585.00ms : 0.89;-0.43;-0.29;-3.11;-1.28;-1.95
24605.00ms : 0.90;-0.45;-0.29;-3.36;-0.31;-2.75
24625.00ms : 0.90;-0.43;-0.29;-4.52;-1.22;-2.99
24645.00ms : 0.90;-0.43;-0.28;-3.97;-1.28;-2.01
24665.00ms : 0.90;-0.41;-0.29;-4.21;-1.53;-1.53
24685.00ms : 0.90;-0.43;-0.29;-3.91;-1.46;-0.43
24705.00ms : 0.89;-0.46;-0.28;-2.87;-1.71;-1.10
24725.00ms : 0.90;-0.46;-0.29;-4.88;-1.95;-1.28
24745.00ms : 0.90;-0.46;-0.29;-5.00;-1.77;-0.85
24765.00ms : 0.88;-0.45;-0.27;-4.94;-1.59;-0.79
24785.00ms : 0.88;-0.44;-0.29;-5.68;-1.59;-1.04
24805.00ms : 0.90;-0.44;-0.30;-5.62;-1.77;-0.92
24825.00ms : 0.89;-0.43;-0.28;-5.49;-1.34;-0.37
24845.00ms : 0.89;-0.41;-0.26;-3.91;-1.65;-0.31
24865.00ms : 0.90;-0.39;-0.26;-1.46;-2.01;-0.73
24885.00ms : 0.89;-0.44;-0.27;-1.77;-1.53;0.18
24905.00ms : 0.89;-0.44;-0.28;-2.62;-1.77;-0.92
24925.00ms : 0.90;-0.41;-0.28;-1.89;-1.77;-0.85
24945.00ms : 0.90;-0.45;-0.29;-2.44;-1.34;0.55
24965.00ms : 0.88;-0.50;-0.29;-3.66;-1.83;-0.06
24985.00ms : 0.88;-0.47;-0.27;-4.21;-1.77;-1.53
25005.00ms : 0.90;-0.42;-0.28;-4.21;-1.71;-1.77
25025.00ms : 0.90;-0.40;-0.27;-3.36;-1.77;0.18
25045.00ms : 0.89;-0.44;-0.27;-2.38;-1.34;0.85
25065.00ms : 0.89;-0.46;-0.27;-2.56;-1.59;-0.67
25085.00ms : 0.90;-0.42;-0.27;-2.26;-1.77;-1.53
25105.00ms : 0.89;-0.40;-0.28;-1.40;-1.28;-0.79
25125.00ms : 0.88;-0.42;-0.27;-1.53;-0.73;-1.10
25145.00ms : 0.89;-0.47;-0.26;-3.11;-0.49;-3.72
25165.00ms : 0.90;-0.44;-0.28;-5.13;-0.55;-6.10
25185.00ms : 0.91;-0.43;-0.29;-7.39;-0.18;-5.68
25205.00ms : 0.91;-0.44;-0.27;-8.48;0.18;-6.41
25225.00ms : 0.91;-0.44;-0.25;-9.46;0.00;-6.90
25245.00ms : 0.93;-0.42;-0.25;-10.25;-1.04;-7.63
25265.00ms : 0.95;-0.42;-0.28;-10.13;-1.10;-5.43
25285.00ms : 0.96;-0.50;-0.24;-8.85;-2.20;-4.76
25305.00ms : 0.97;-0.50;-0.23;-8.61;-2.14;-5.37
25325.00ms : 0.98;-0.51;-0.24;-9.09;-1.04;-5.43
25345.00ms : 0.96;-0.52;-0.23;-9.22;-1.04;-4.39
25365.00ms : 0.95;-0.53;-0.26;-10.93;-1.34;-3.97
25385.00ms : 0.93;-0.50;-0.25;-10.80;-0.49;-3.17
25405.00ms : 0.91;-0.46;-0.24;-11.78;-0.06;-1.77
25425.00ms : 0.89;-0.46;-0.25;-13.49;1.71;-1.40
25445.00ms : 0.87;-0.46;-0.25;-15.75;1.65;-1.40
25465.00ms : 0.87;-0.43;-0.25;-16.60;-0.12;0.85
25485.00ms : 0.87;-0.41;-0.25;-14.04;-1.04;1.46
25505.00ms : 0.88;-0.43;-0.25;-13.18;-0.67;2.01
25525.00ms : 0.86;-0.42;-0.23;-12.51;-0.55;1.59
25545.00ms : 0.86;-0.43;-0.23;-12.27;-0.92;1.46
25565.00ms : 0.87;-0.42;-0.23;-13.00;-0.67;1.40
25585.00ms : 0.87;-0.43;-0.23;-11.96;-1.22;2.08
25605.00ms : 0.86;-0.45;-0.23;-12.51;-0.98;1.65
25625.00ms : 0.88;-0.44;-0.21;-12.76;-1.28;1.65
25645.00ms : 0.88;-0.44;-0.21;-11.90;-2.14;2.50
25665.00ms : 0.86;-0.45;-0.21;-10.74;-1.65;2.38
25685.00ms : 0.86;-0.47;-0.23;-12.45;-1.89;0.61
25705.00ms : 0.86;-0.42;-0.22;-13.00;-2.44;1.04
25725.00ms : 0.85;-0.39;-0.23;-8.61;-3.66;2.93
25745.00ms : 0.83;-0.37;-0.23;-3.85;-4.33;5.37
25765.00ms : 0.85;-0.40;-0.22;-2.75;-5.49;4.58
25785.00ms : 0.86;-0.43;-0.22;-4.58;-4.21;2.69
25805.00ms : 0.87;-0.43;-0.22;-7.14;-3.23;1.22
25825.00ms : 0.86;-0.44;-0.21;-8.79;-3.11;0.12
25845.00ms : 0.87;-0.43;-0.19;-8.91;-4.03;-1.40
25865.00ms : 0.89;-0.43;-0.20;-7.81;-5.49;-1.16
25885.00ms : 0.89;-0.39;-0.23;-3.85;-6.47;1.22
25905.00ms : 0.89;-0.39;-0.22;0.12;-6.53;3.11
25925.00ms : 0.89;-0.42;-0.25;0.43;-5.49;2.93
25945.00ms : 0.88;-0.46;-0.23;-2.08;-4.15;1.77
25965.00ms : 0.89;-0.44;-0.22;-4.15;-3.72;3.17
25985.00ms : 0.90;-0.43;-0.20;-4.03;-3.42;2.62
26005.00ms : 0.88;-0.42;-0.18;-2.14;-4.39;3.11
26025.00ms : 0.86;-0.41;-0.17;-0.67;-5.07;4.46
26045.00ms : 0.86;-0.41;-0.18;-0.12;-6.10;5.19
26065.00ms : 0.88;-0.39;-0.21;0.67;-5.43;5.68
26085.00ms : 0.88;-0.38;-0.21;1.77;-4.52;4.64
26105.00ms : 0.87;-0.39;-0.19;-0.06;-3.97;4.03
26125.00ms : 0.88;-0.42;-0.18;-4.82;-2.62;1.95
26145.00ms : 0.88;-0.42;-0.17;-7.51;-2.69;0.79
26165.00ms : 0.87;-0.43;-0.18;-7.63;-1.46;0.06
26185.00ms : 0.86;-0.43;-0.19;-8.00;-3.60;-0.31
26205.00ms : 0.87;-0.41;-0.22;-6.35;-4.46;1.34
26225.00ms : 0.87;-0.40;-0.24;-3.85;-4.88;3.42
26245.00ms : 0.88;-0.41;-0.24;-1.34;-4.76;3.60
26265.00ms : 0.88;-0.44;-0.23;-2.08;-3.91;3.23
26285.00ms : 0.87;-0.45;-0.21;-3.30;-3.97;3.05
26305.00ms : 0.86;-0.44;-0.19;-4.94;-4.15;2.08
26325.00ms : 0.87;-0.43;-0.16;-4.88;-6.10;1.71
26345.00ms : 0.88;-0.40;-0.16;-3.11;-7.02;2.38
26365.00ms : 0.87;-0.41;-0.17;-2.69;-6.96;1.34
26385.00ms : 0.88;-0.37;-0.19;-3.11;-6.47;1.59
26405.00ms : 0.88;-0.39;-0.20;-3.23;-6.35;1.89
26425.00ms : 0.87;-0.42;-0.20;-2.14;-6.96;2.44
26445.00ms : 0.87;-0.41;-0.21;-1.89;-7.63;2.32
26465.00ms : 0.89;-0.40;-0.20;-1.10;-6.90;1.89
26485.00ms : 0.87;-0.46;-0.16;-2.38;-7.08;1.16
26505.00ms : 0.88;-0.41;-0.19;-1.34;-6.47;0.67
26525.00ms : 0.87;-0.37;-0.17;-0.31;-4.64;0.37
26545.00ms : 0.85;-0.38;-0.13;-0.98;-5.19;0.12
26565.00ms : 0.88;-0.41;-0.17;-3.66;-3.72;0.55
26585.00ms : 0.85;-0.47;-0.17;-5.92;-3.54;-0.61
26605.00ms : 0.87;-0.43;-0.19;-7.63;-3.60;-0.55
26625.00ms : 0.89;-0.37;-0.19;-7.20;-1.95;-0.61
26645.00ms : 0.86;-0.40;-0.19;-4.70;-2.87;0.31
26665.00ms : 0.87;-0.46;-0.17;-5.25;-2.99;0.61
26685.00ms : 0.88;-0.39;-0.19;-5.13;-2.01;0.31
26705.00ms : 0.89;-0.36;-0.18;-3.91;-0.12;0.24
26725.00ms : 0.88;-0.44;-0.12;-6.77;-0.85;-0.98
26745.00ms : 0.87;-0.43;-0.15;-7.45;-2.81;-0.73
26765.00ms : 0.88;-0.36;-0.16;-3.85;-2.62;0.92
26785.00ms : 0.87;-0.36;-0.14;-2.62;-2.75;0.67
26805.00ms : 0.89;-0.38;-0.17;-1.77;-3.54;1.22
26825.00ms : 0.88;-0.43;-0.16;-2.26;-2.01;1.53
26845.00ms : 0.86;-0.42;-0.13;-3.66;-3.23;0.43
26865.00ms : 0.89;-0.36;-0.19;-2.62;-1.95;-0.12
26885.00ms : 0.89;-0.39;-0.15;-0.49;-1.53;0.98
26905.00ms : 0.86;-0.44;-0.14;-0.55;-2.69;0.92
26925.00ms : 0.86;-0.42;-0.14;-1.65;-2.93;0.43
26945.00ms : 0.86;-0.40;-0.13;-3.11;-2.14;-0.79
26965.00ms : 0.86;-0.39;-0.16;-3.17;-1.83;-1.53
26985.00ms : 0.87;-0.41;-0.12;-1.53;-3.48;-1.53
27005.00ms : 0.88;-0.43;-0.13;-0.61;-5.13;-0.61
27025.00ms : 0.90;-0.32;-0.21;1.59;-3.72;1.53
27045.00ms : 0.90;-0.37;-0.14;4.46;-2.93;2.62
27065.00ms : 0.88;-0.41;-0.17;1.77;-2.69;1.04
27085.00ms : 0.88;-0.43;-0.15;0.00;-2.01;0.43
27105.00ms : 0.87;-0.39;-0.16;0.43;-1.28;0.49
27125.00ms : 0.86;-0.38;-0.15;2.08;-1.22;0.00
27145.00ms : 0.86;-0.42;-0.16;2.93;-1.77;0.37
27165.00ms : 0.88;-0.41;-0.16;2.93;-1.83;1.83
27185.00ms : 0.88;-0.40;-0.18;4.21;-0.73;2.01
27205.00ms : 0.87;-0.38;-0.18;3.54;-0.06;1.40
27225.00ms : 0.88;-0.40;-0.17;3.48;0.24;0.92
27245.00ms : 0.88;-0.36;-0.19;4.33;2.32;1.28
27265.00ms : 0.88;-0.40;-0.15;4.15;2.56;1.22
27285.00ms : 0.87;-0.42;-0.13;2.69;1.77;0.24
27305.00ms : 0.86;-0.45;-0.11;1.10;1.59;-0.43
27325.00ms : 0.83;-0.43;-0.15;1.10;1.83;-1.83
27345.00ms : 0.86;-0.39;-0.19;2.56;1.53;-0.79
27365.00ms : 0.88;-0.39;-0.21;5.98;2.14;-0.18
27385.00ms : 0.87;-0.36;-0.26;10.31;3.54;0.79
27405.00ms : 0.86;-0.32;-0.29;13.18;8.24;0.55
27425.00ms : 0.80;-0.39;-0.25;15.08;10.13;-1.22
27445.00ms : 0.82;-0.41;-0.22;14.34;9.95;-2.62
27465.00ms : 0.86;-0.46;-0.15;10.13;9.83;-3.11
27485.00ms : 0.83;-0.47;-0.12;6.16;8.73;-6.35
27505.00ms : 0.81;-0.50;-0.10;3.05;8.36;-9.34
27525.00ms : 0.82;-0.46;-0.12;1.95;3.48;-8.97
27545.00ms : 0.87;-0.38;-0.19;5.98;1.59;-5.74
27565.00ms : 0.88;-0.38;-0.21;11.17;3.72;-4.64
27585.00ms : 0.84;-0.43;-0.22;12.82;3.54;-4.76
27605.00ms : 0.82;-0.44;-0.21;12.45;3.85;-4.94
27625.00ms : 0.88;-0.43;-0.18;11.72;4.21;-4.21
27645.00ms : 0.85;-0.43;-0.19;11.11;6.65;-4.52
27665.00ms : 0.82;-0.42;-0.15;9.70;7.26;-6.04
27685.00ms : 0.82;-0.37;-0.14;9.16;3.78;-4.70
27705.00ms : 0.83;-0.35;-0.16;13.43;0.73;-1.71
27725.00ms : 0.94;-0.36;-0.19;18.74;0.31;-0.49
27745.00ms : 0.86;-0.42;-0.21;23.01;2.87;-1.22
27765.00ms : 0.77;-0.43;-0.25;16.66;-1.40;0.06
27785.00ms : 0.87;-0.46;-0.23;14.95;-1.65;-0.37
27805.00ms : 0.93;-0.34;-0.29;18.13;-3.72;1.40
27825.00ms : 0.91;-0.43;-0.34;21.48;-0.12;4.15
27845.00ms : 0.75;-0.63;-0.33;19.90;2.26;5.07
27865.00ms : 0.82;-0.62;-0.26;11.60;0.18;-1.83
27885.00ms : 1.01;-0.40;-0.25;10.80;-2.50;-1.22
27905.00ms : 1.09;-0.46;-0.19;12.57;0.85;3.66
27925.00ms : 0.99;-0.55;-0.18;13.98;4.39;5.74
27945.00ms : 0.81;-0.55;-0.12;12.15;3.17;4.21
27965.00ms : 0.90;-0.38;-0.08;8.61;-5.00;0.43
27985.00ms : 1.05;-0.36;-0.15;13.31;-7.14;3.23
28005.00ms : 1.00;-0.51;-0.22;17.46;-3.78;5.19
28025.00ms : 0.87;-0.55;-0.28;13.06;-0.92;4.88
28045.00ms : 0.81;-0.51;-0.29;4.94;-0.31;2.32
28065.00ms : 0.86;-0.49;-0.28;-1.83;1.77;1.34
28085.00ms : 0.91;-0.46;-0.28;-3.54;2.01;2.38
28105.00ms : 0.89;-0.44;-0.24;1.65;1.71;5.25
28125.00ms : 0.86;-0.42;-0.24;6.04;-0.06;5.62
28145.00ms : 0.86;-0.46;-0.27;6.53;-1.16;5.86
28165.00ms : 0.90;-0.52;-0.28;3.91;-0.73;5.43
28185.00ms : 0.92;-0.49;-0.27;0.73;-0.31;4.46
28205.00ms : 0.91;-0.47;-0.23;-1.77;0.67;4.15
28225.00ms : 0.88;-0.39;-0.23;-3.48;1.28;4.21
28245.00ms : 0.91;-0.38;-0.29;-1.95;1.65;6.47
28265.00ms : 0.91;-0.46;-0.28;-0.85;-1.16;11.47
28285.00ms : 0.90;-0.57;-0.30;0.67;0.85;10.68
28305.00ms : 0.87;-0.61;-0.25;-9.70;2.44;3.54
28325.00ms : 0.85;-0.44;-0.25;-15.56;2.08;-1.04
28345.00ms : 0.89;-0.30;-0.27;-11.60;3.23;5.55
28365.00ms : 0.90;-0.38;-0.25;-3.85;3.54;10.62
28385.00ms : 0.88;-0.47;-0.26;-0.49;2.62;9.58
28405.00ms : 0.85;-0.49;-0.24;-0.43;0.61;9.22
28425.00ms : 0.87;-0.44;-0.26;0.61;-0.37;9.95
28445.00ms : 0.87;-0.39;-0.24;4.46;-0.85;11.60
28465.00ms : 0.88;-0.36;-0.23;11.29;-1.77;12.21
28485.00ms : 0.92;-0.30;-0.24;16.05;-3.17;12.94
28505.00ms : 1.03;-0.28;-0.26;19.10;-3.97;13.92
28525.00ms : 1.10;-0.27;-0.28;17.33;-5.55;16.60
28545.00ms : 0.95;-0.37;-0.30;20.57;-3.85;18.37
28565.00ms : 0.87;-0.54;-0.29;17.76;-1.40;13.73
28585.00ms : 0.89;-0.54;-0.29;7.26;-1.83;8.48
28605.00ms : 0.90;-0.52;-0.31;-0.18;-1.46;7.20
28625.00ms : 0.90;-0.45;-0.29;-3.97;-0.98;5.00
28645.00ms : 0.91;-0.35;-0.28;-1.95;-0.49;3.72
28665.00ms : 0.93;-0.31;-0.28;2.93;-0.37;3.42
28685.00ms : 0.94;-0.35;-0.29;5.98;-1.10;4.94
28705.00ms : 0.92;-0.38;-0.27;7.26;-2.14;4.39
28725.00ms : 0.91;-0.41;-0.28;5.31;-2.01;3.30
28745.00ms : 0.92;-0.39;-0.29;5.31;-1.77;1.71
28765.00ms : 0.92;-0.40;-0.29;4.82;-1.53;1.77
28785.00ms : 0.91;-0.39;-0.29;5.92;-1.65;0.85
28805.00ms : 0.91;-0.40;-0.28;4.76;-0.55;0.85
28825.00ms : 0.91;-0.42;-0.28;1.34;-0.37;-0.37
28845.00ms : 0.91;-0.40;-0.28;-2.69;-0.06;-1.59
28865.00ms : 0.92;-0.37;-0.27;-2.44;-0.37;-2.08
28885.00ms : 0.92;-0.35;-0.28;-1.10;-0.31;-1.22
28905.00ms : 0.93;-0.33;-0.28;1.34;-0.18;0.06
28925.00ms : 0.93;-0.35;-0.29;2.32;-0.12;-0.06
28945.00ms : 0.91;-0.39;-0.29;2.14;0.37;-0.24
28965.00ms : 0.91;-0.40;-0.29;0.98;-0.49;-0.73
28985.00ms : 0.92;-0.39;-0.29;1.16;-0.55;-0.31
29005.00ms : 0.92;-0.38;-0.28;2.50;-0.92;-0.73
29025.00ms : 0.92;-0.37;-0.29;2.38;-0.73;-0.43
29045.00ms : 0.91;-0.38;-0.29;2.26;-0.79;-0.92
29065.00ms : 0.93;-0.38;-0.29;0.85;-0.79;-1.10
29085.00ms : 0.93;-0.40;-0.29;0.06;-1.77;-0.85
29105.00ms : 0.90;-0.41;-0.29;-0.92;-1.95;-1.46
29125.00ms : 0.91;-0.40;-0.29;-1.22;-2.08;-1.77
29145.00ms : 0.92;-0.39;-0.28;-1.10;-2.14;-1.65
29165.00ms : 0.92;-0.37;-0.29;-0.24;-2.38;-1.65
29185.00ms : 0.92;-0.39;-0.30;0.49;-2.69;-0.49
29205.00ms : 0.91;-0.42;-0.29;2.01;-3.05;-0.43
29225.00ms : 0.91;-0.42;-0.29;2.20;-3.48;-0.92
29245.00ms : 0.91;-0.40;-0.29;1.77;-3.42;-1.65
29265.00ms : 0.91;-0.38;-0.28;1.40;-3.42;-0.98
29285.00ms : 0.91;-0.40;-0.27;0.55;-3.17;-0.31
29305.00ms : 0.91;-0.40;-0.28;0.49;-2.93;-0.61
29325.00ms : 0.92;-0.39;-0.29;1.22;-3.23;-0.98
29345.00ms : 0.91;-0.41;-0.28;0.67;-2.62;-0.31
29365.00ms : 0.91;-0.42;-0.28;-0.73;-2.20;-0.49
29385.00ms : 0.91;-0.41;-0.28;-2.26;-2.20;-1.28
29405.00ms : 0.91;-0.40;-0.28;-3.05;-1.77;-1.89
29425.00ms : 0.91;-0.40;-0.29;-3.85;-1.65;-1.16
29445.00ms : 0.90;-0.42;-0.28;-4.21;-1.34;-0.61
29465.00ms : 0.91;-0.42;-0.28;-3.48;-1.89;-0.79
29485.00ms : 0.90;-0.42;-0.28;-2.93;-2.08;-0.85
29505.00ms : 0.90;-0.41;-0.28;-2.99;-1.71;-0.06
29525.00ms : 0.90;-0.40;-0.27;-2.69;-1.95;0.00
29545.00ms : 0.91;-0.40;-0.28;-2.44;-1.65;-0.43
29565.00ms : 0.90;-0.40;-0.27;-2.50;-1.53;0.06
29585.00ms : 0.91;-0.39;-0.27;-2.69;-1.10;0.24
29605.00ms : 0.91;-0.40;-0.27;-2.50;-1.34;-0.06
29625.00ms : 0.91;-0.39;-0.27;-2.32;-0.92;0.12
29645.00ms : 0.91;-0.38;-0.27;-1.28;-0.67;0.12
29665.00ms : 0.91;-0.39;-0.27;-0.73;-0.43;0.37
29685.00ms : 0.91;-0.40;-0.27;-1.22;0.00;0.18
29705.00ms : 0.90;-0.39;-0.26;-2.44;0.79;-0.73
29725.00ms : 0.91;-0.38;-0.27;-3.54;2.14;-2.26
29745.00ms : 0.92;-0.40;-0.30;-5.37;1.89;-2.32
29765.00ms : 0.90;-0.44;-0.31;-6.47;0.92;-1.22
29785.00ms : 0.91;-0.44;-0.28;-7.14;0.55;-3.05
29805.00ms : 0.91;-0.41;-0.27;-7.63;0.06;-3.60
29825.00ms : 0.91;-0.39;-0.27;-7.45;0.12;-3.72
29845.00ms : 0.91;-0.40;-0.27;-6.53;-0.98;-2.75
29865.00ms : 0.90;-0.39;-0.28;-2.38;-1.95;-1.83
29885.00ms : 0.90;-0.39;-0.26;1.95;-1.95;-1.65
29905.00ms : 0.91;-0.40;-0.27;3.60;-2.01;-1.89
29925.00ms : 0.90;-0.38;-0.26;3.66;-2.38;-2.14
29945.00ms : 0.92;-0.37;-0.29;4.64;-2.69;-1.83
29965.00ms : 0.91;-0.40;-0.29;5.13;-2.26;-0.98
29985.00ms : 0.90;-0.43;-0.28;4.15;-2.20;-1.53
30005.00ms : 0.89;-0.45;-0.28;1.28;-2.14;-1.71
30025.00ms : 0.89;-0.46;-0.27;-1.89;-1.28;-3.42
30045.00ms : 0.90;-0.43;-0.27;-3.48;-1.22;-3.78
30065.00ms : 0.90;-0.40;-0.28;-2.69;-1.40;-3.11
30085.00ms : 0.91;-0.40;-0.27;-0.79;-1.46;-2.14
30105.00ms : 0.89;-0.42;-0.27;-0.12;-1.10;-1.89
30125.00ms : 0.91;-0.42;-0.28;1.04;-1.53;-2.14
30145.00ms : 0.90;-0.43;-0.28;0.92;-2.26;-2.56
30165.00ms : 0.90;-0.44;-0.28;0.00;-1.71;-2.01
30185.00ms : 0.89;-0.42;-0.28;-0.18;-1.83;-2.26
30205.00ms : 0.90;-0.40;-0.27;0.18;-1.40;-1.83
30225.00ms : 0.90;-0.43;-0.27;-0.79;-1.28;-1.28
30245.00ms : 0.90;-0.44;-0.27;-0.98;-1.40;-1.22
30265.00ms : 0.89;-0.43;-0.27;0.12;-1.77;-1.10
30285.00ms : 0.90;-0.43;-0.28;1.28;-2.01;-0.73
30305.00ms : 0.89;-0.44;-0.27;1.28;-1.53;-0.24
30325.00ms : 0.89;-0.43;-0.27;0.73;-1.22;-0.37
30345.00ms : 0.90;-0.42;-0.27;0.73;-1.83;-0.31
30365.00ms : 0.90;-0.41;-0.28;1.71;-1.89;-0.37
30385.00ms : 0.90;-0.42;-0.28;1.89;-1.77;0.00
30405.00ms : 0.89;-0.45;-0.28;0.98;-1.77;-0.24
30425.00ms : 0.90;-0.43;-0.27;-0.55;-1.34;-0.55
30445.00ms : 0.88;-0.44;-0.27;-2.93;-0.24;-1.22
30465.00ms : 0.90;-0.42;-0.28;-4.15;-0.18;-1.10
30485.00ms : 0.90;-0.43;-0.27;-3.05;-0.67;-0.85
30505.00ms : 0.88;-0.45;-0.27;-2.81;-0.43;-0.12
30525.00ms : 0.89;-0.44;-0.27;-2.38;-0.79;-0.43
30545.00ms : 0.90;-0.41;-0.26;-0.85;-0.55;-0.49
30565.00ms : 0.90;-0.39;-0.27;0.67;-0.61;0.12
30585.00ms : 0.90;-0.41;-0.28;1.95;-0.79;0.31
30605.00ms : 0.91;-0.43;-0.27;2.20;-1.10;0.55
30625.00ms : 0.90;-0.44;-0.28;1.65;-1.53;0.67
30645.00ms : 0.89;-0.47;-0.28;0.00;-1.40;0.31
30665.00ms : 0.89;-0.46;-0.27;-2.56;-0.79;-0.37
30685.00ms : 0.90;-0.42;-0.27;-4.03;-0.67;-0.73
30705.00ms : 0.90;-0.41;-0.28;-3.85;-0.24;-0.79
30725.00ms : 0.90;-0.40;-0.29;-2.87;-0.49;-0.06
30745.00ms : 0.90;-0.43;-0.27;-1.40;-0.79;0.12
30765.00ms : 0.90;-0.43;-0.26;-0.24;-1.16;-0.55
30785.00ms : 0.90;-0.42;-0.28;0.06;-1.22;-0.31
30805.00ms : 0.90;-0.42;-0.28;1.04;-0.98;0.18
30825.00ms : 0.90;-0.43;-0.27;0.55;-0.98;0.67
30845.00ms : 0.90;-0.44;-0.28;0.06;-1.46;-0.37
30865.00ms : 0.90;-0.43;-0.28;-0.24;-1.28;-0.79
30885.00ms : 0.90;-0.42;-0.28;-0.37;-1.71;-0.79
30905.00ms : 0.90;-0.42;-0.28;-0.37;-1.59;-0.24
30925.00ms : 0.90;-0.44;-0.27;-0.12;-1.95;-0.73
30945.00ms : 0.89;-0.42;-0.27;-0.43;-1.59;-0.67
30965.00ms : 0.91;-0.41;-0.28;0.12;-1.65;-0.92
30985.00ms : 0.90;-0.42;-0.30;0.92;-2.44;-0.98
31005.00ms : 0.90;-0.43;-0.28;0.85;-2.08;-0.98
31025.00ms : 0.89;-0.45;-0.27;-1.04;-1.77;-1.28
31045.00ms : 0.89;-0.45;-0.27;-3.05;-1.53;-2.20
31065.00ms : 0.90;-0.44;-0.27;-3.78;-1.65;-2.56
31085.00ms : 0.90;-0.42;-0.27;-2.62;-1.71;-1.83
31105.00ms : 0.90;-0.43;-0.29;-1.59;-2.01;-1.77
31125.00ms : 0.89;-0.45;-0.27;-1.71;-2.08;-1.95
31145.00ms : 0.89;-0.45;-0.26;-3.48;-1.71;-1.65
31165.00ms : 0.89;-0.45;-0.27;-4.88;-1.34;-1.65
31185.00ms : 0.89;-0.46;-0.27;-5.31;-1.22;-1.83
31205.00ms : 0.89;-0.44;-0.27;-5.43;-1.65;-1.95
31225.00ms : 0.89;-0.43;-0.26;-5.37;-1.34;-1.71
31245.00ms : 0.89;-0.43;-0.26;-5.07;-1.22;-1.28
31265.00ms : 0.90;-0.43;-0.26;-3.66;-1.22;-1.40
31285.00ms : 0.89;-0.43;-0.26;-2.93;-1.28;-0.49
31305.00ms : 0.88;-0.44;-0.26;-2.93;-0.79;-0.61
31325.00ms : 0.89;-0.44;-0.27;-3.11;-1.04;-0.98
31345.00ms : 0.90;-0.44;-0.27;-3.23;-1.34;-0.73
31365.00ms : 0.89;-0.46;-0.27;-3.85;-0.92;-0.85
31385.00ms : 0.88;-0.47;-0.27;-4.82;-0.98;-1.28
31405.00ms : 0.88;-0.44;-0.26;-4.88;-1.28;-1.34
31425.00ms : 0.89;-0.43;-0.26;-4.52;-1.46;-1.46
31445.00ms : 0.90;-0.43;-0.26;-5.07;-1.10;-1.04
31465.00ms : 0.89;-0.45;-0.26;-5.00;-1.53;-1.65
31485.00ms : 0.89;-0.43;-0.26;-4.03;-1.95;-2.08
31505.00ms : 0.89;-0.42;-0.27;-3.42;-2.32;-1.95
31525.00ms : 0.89;-0.43;-0.26;-3.11;-2.81;-1.89
31545.00ms : 0.89;-0.44;-0.26;-3.23;-2.26;-2.01
31565.00ms : 0.89;-0.44;-0.26;-3.48;-2.26;-2.81
31585.00ms : 0.89;-0.43;-0.25;-4.09;-2.38;-3.23
31605.00ms : 0.89;-0.44;-0.26;-5.37;-2.56;-3.36
31625.00ms : 0.89;-0.45;-0.26;-6.65;-2.32;-3.60
31645.00ms : 0.89;-0.45;-0.25;-6.65;-2.20;-3.97
31665.00ms : 0.88;-0.44;-0.24;-6.35;-2.26;-3.72
31685.00ms : 0.89;-0.47;-0.25;-7.02;-2.38;-3.85
31705.00ms : 0.89;-0.46;-0.25;-7.45;-2.32;-3.91
31725.00ms : 0.87;-0.44;-0.25;-7.08;-2.69;-3.85
31745.00ms : 0.89;-0.44;-0.23;-6.71;-2.14;-3.05
31765.00ms : 0.89;-0.41;-0.23;-5.25;-2.44;-3.11
31785.00ms : 0.89;-0.41;-0.24;-3.54;-1.95;-2.56
31805.00ms : 0.87;-0.46;-0.24;-1.28;-1.83;-2.32
31825.00ms : 0.87;-0.47;-0.22;-0.79;-2.44;-2.01
31845.00ms : 0.89;-0.48;-0.23;-2.01;-2.01;-2.93
31865.00ms : 0.88;-0.49;-0.24;-4.03;-1.77;-3.17
31885.00ms : 0.88;-0.49;-0.24;-3.54;-2.62;-2.87
31905.00ms : 0.90;-0.47;-0.24;-3.48;-2.69;-2.99
31925.00ms : 0.91;-0.45;-0.23;-4.46;-2.44;-1.77
31945.00ms : 0.92;-0.48;-0.21;-5.00;-2.87;-0.79
31965.00ms : 0.94;-0.48;-0.22;-3.78;-1.59;-2.01
31985.00ms : 0.92;-0.50;-0.22;-3.91;-2.26;-2.14
32005.00ms : 0.92;-0.49;-0.22;-4.39;-2.62;-1.40
32025.00ms : 0.92;-0.42;-0.24;-3.97;-1.46;0.61
32045.00ms : 0.91;-0.51;-0.22;-4.03;-0.31;0.18
32065.00ms : 0.88;-0.51;-0.23;-6.04;-0.92;-2.20
32085.00ms : 0.88;-0.49;-0.23;-6.84;-0.61;-1.83
32105.00ms : 0.87;-0.49;-0.22;-7.81;-0.61;-1.95
32125.00ms : 0.87;-0.49;-0.22;-9.83;-0.31;-2.08
32145.00ms : 0.87;-0.51;-0.21;-12.51;0.55;-3.11
32165.00ms : 0.88;-0.46;-0.23;-13.79;0.98;-3.78
32185.00ms : 0.89;-0.44;-0.22;-13.18;0.43;-3.91
32205.00ms : 0.86;-0.43;-0.23;-11.29;0.18;-2.32
32225.00ms : 0.85;-0.43;-0.25;-8.79;-0.12;-1.28
32245.00ms : 0.86;-0.44;-0.24;-6.84;-1.10;0.18
32265.00ms : 0.88;-0.46;-0.22;-7.26;-1.65;1.40
32285.00ms : 0.87;-0.43;-0.19;-6.71;-2.20;1.53
32305.00ms : 0.84;-0.44;-0.22;-5.86;-3.11;1.77
32325.00ms : 0.85;-0.44;-0.21;-4.27;-4.15;3.23
32345.00ms : 0.87;-0.45;-0.21;-6.23;-3.78;3.72
32365.00ms : 0.88;-0.45;-0.21;-7.02;-3.23;3.11
32385.00ms : 0.85;-0.46;-0.21;-7.39;-2.93;2.50
32405.00ms : 0.85;-0.46;-0.20;-7.14;-3.11;3.23
32425.00ms : 0.85;-0.44;-0.21;-7.69;-3.60;3.54
32445.00ms : 0.86;-0.43;-0.19;-7.39;-2.93;3.17
32465.00ms : 0.87;-0.41;-0.21;-7.20;-2.50;2.32
32485.00ms : 0.86;-0.44;-0.19;-6.59;-2.81;2.50
32505.00ms : 0.87;-0.45;-0.19;-6.53;-2.99;2.32
32525.00ms : 0.86;-0.46;-0.18;-7.87;-2.75;2.01
32545.00ms : 0.85;-0.46;-0.18;-10.13;-2.26;-0.12
32565.00ms : 0.87;-0.44;-0.18;-11.17;-2.75;-0.79
32585.00ms : 0.88;-0.42;-0.20;-9.28;-3.42;0.79
32605.00ms : 0.88;-0.45;-0.22;-8.18;-3.17;1.59
32625.00ms : 0.89;-0.45;-0.22;-8.30;-3.23;1.16
32645.00ms : 0.87;-0.43;-0.22;-8.30;-2.62;2.56
32665.00ms : 0.87;-0.44;-0.21;-7.93;-1.71;2.20
32685.00ms : 0.87;-0.41;-0.21;-8.30;-1.71;1.04
32705.00ms : 0.87;-0.42;-0.18;-6.47;-2.38;3.54
32725.00ms : 0.82;-0.44;-0.17;-5.07;-2.62;4.15
32745.00ms : 0.85;-0.41;-0.18;-5.19;-3.05;3.48
32765.00ms : 0.86;-0.37;-0.22;-4.15;-3.23;4.09
32785.00ms : 0.87;-0.40;-0.20;-2.62;-2.69;5.00
32805.00ms : 0.86;-0.44;-0.17;-2.93;-3.05;4.76
32825.00ms : 0.87;-0.45;-0.16;-5.86;-2.14;2.81
32845.00ms : 0.88;-0.45;-0.15;-9.77;-1.22;0.98
32865.00ms : 0.87;-0.42;-0.16;-11.41;-1.71;0.55
32885.00ms : 0.85;-0.42;-0.17;-9.16;-3.72;1.83
32905.00ms : 0.87;-0.41;-0.17;-7.08;-4.27;2.69
32925.00ms : 0.86;-0.41;-0.19;-5.19;-4.88;3.54
32945.00ms : 0.86;-0.40;-0.20;-4.27;-4.82;4.09
32965.00ms : 0.88;-0.39;-0.22;-2.75;-3.97;4.03
32985.00ms : 0.87;-0.40;-0.17;-1.16;-4.94;5.49
33005.00ms : 0.87;-0.42;-0.17;-0.37;-5.80;6.16
33025.00ms : 0.86;-0.41;-0.15;-1.89;-5.31;5.86
33045.00ms : 0.88;-0.39;-0.16;-3.72;-4.94;4.76
33065.00ms : 0.87;-0.40;-0.15;-2.75;-4.76;4.70
33085.00ms : 0.86;-0.43;-0.13;-4.52;-4.64;3.66
33105.00ms : 0.86;-0.44;-0.12;-8.36;-3.60;2.01
33125.00ms : 0.85;-0.41;-0.16;-10.99;-2.75;0.18
33145.00ms : 0.84;-0.40;-0.15;-7.81;-4.94;0.31
33165.00ms : 0.85;-0.43;-0.19;-3.60;-6.96;1.83
33185.00ms : 0.88;-0.43;-0.20;-2.56;-6.53;3.23
33205.00ms : 0.86;-0.40;-0.19;-2.93;-4.94;1.59
33225.00ms : 0.85;-0.40;-0.15;-2.87;-6.10;0.61
33245.00ms : 0.87;-0.40;-0.17;-2.87;-6.10;1.10
33265.00ms : 0.88;-0.39;-0.18;-1.89;-5.62;1.34
33285.00ms : 0.87;-0.37;-0.14;-1.22;-4.03;0.67
33305.00ms : 0.84;-0.42;-0.11;-2.62;-3.54;-0.79
33325.00ms : 0.86;-0.45;-0.14;-4.27;-4.03;-1.10
33345.00ms : 0.88;-0.42;-0.14;-3.91;-4.46;-0.43
33365.00ms : 0.87;-0.38;-0.14;-1.40;-4.82;0.37
33385.00ms : 0.85;-0.41;-0.14;0.49;-5.55;0.00
33405.00ms : 0.88;-0.40;-0.18;0.61;-4.76;1.28
33425.00ms : 0.90;-0.37;-0.21;1.71;-2.50;1.71
33445.00ms : 0.89;-0.40;-0.16;1.83;-2.32;1.40
33465.00ms : 0.86;-0.42;-0.13;-0.37;-1.34;0.24
33485.00ms : 0.86;-0.44;-0.09;-3.42;-2.08;-0.18
33505.00ms : 0.86;-0.41;-0.09;-4.46;-2.56;0.00
33525.00ms : 0.87;-0.37;-0.14;-2.69;-1.89;0.31
33545.00ms : 0.88;-0.34;-0.19;-0.73;-0.55;1.16
33565.00ms : 0.87;-0.42;-0.12;-2.14;0.18;0.37
33585.00ms : 0.87;-0.44;-0.11;-5.55;-0.98;-1.04
33605.00ms : 0.87;-0.40;-0.13;-5.19;-1.34;-0.79
33625.00ms : 0.87;-0.37;-0.17;-1.83;-1.22;-0.37
33645.00ms : 0.87;-0.39;-0.13;-0.85;-1.34;-0.31
33665.00ms : 0.87;-0.43;-0.12;-1.95;-2.14;-0.92
33685.00ms : 0.88;-0.40;-0.14;-3.23;-1.71;-0.31
33705.00ms : 0.87;-0.37;-0.16;-2.32;-0.98;-0.55
33725.00ms : 0.88;-0.34;-0.15;-0.06;0.00;0.24
33745.00ms : 0.89;-0.41;-0.14;-1.04;0.55;-0.24
33765.00ms : 0.87;-0.44;-0.12;-3.54;1.28;-1.04
33785.00ms : 0.85;-0.43;-0.11;-5.25;0.79;-1.65
33805.00ms : 0.85;-0.41;-0.14;-4.64;0.55;-2.14
33825.00ms : 0.87;-0.40;-0.11;-4.33;-0.24;-1.71
33845.00ms : 0.86;-0.43;-0.12;-5.07;-1.10;-1.59
33865.00ms : 0.86;-0.39;-0.13;-4.21;0.12;-0.98
33885.00ms : 0.86;-0.39;-0.13;-4.09;0.37;-1.46
33905.00ms : 0.87;-0.40;-0.13;-4.64;0.12;-1.59
33925.00ms : 0.89;-0.39;-0.13;-3.72;0.31;-0.79
33945.00ms : 0.86;-0.42;-0.12;-3.72;-0.12;-0.79
33965.00ms : 0.86;-0.40;-0.14;-4.15;-0.18;-0.98
33985.00ms : 0.87;-0.40;-0.14;-3.78;0.43;-0.85
34005.00ms : 0.87;-0.40;-0.14;-2.20;-0.55;-0.37
34025.00ms : 0.87;-0.42;-0.14;-1.16;-0.85;0.79
34045.00ms : 0.87;-0.37;-0.15;-0.49;0.67;1.34
34065.00ms : 0.85;-0.42;-0.10;-0.43;-0.49;-0.18
34085.00ms : 0.88;-0.41;-0.15;-0.49;-0.61;1.16
34105.00ms : 0.89;-0.38;-0.17;1.77;0.85;3.30
34125.00ms : 0.87;-0.38;-0.12;2.50;0.98;2.87
34145.00ms : 0.85;-0.42;-0.14;0.24;2.14;0.55
34165.00ms : 0.85;-0.42;-0.12;-1.22;2.50;-0.67
34185.00ms : 0.85;-0.44;-0.10;-1.28;0.31;-0.98
34205.00ms : 0.87;-0.41;-0.11;-1.10;-0.06;-0.61
34225.00ms : 0.86;-0.39;-0.15;-0.31;-0.49;-0.79
34245.00ms : 0.89;-0.37;-0.17;1.22;0.73;0.61
34265.00ms : 0.88;-0.39;-0.20;3.05;2.01;0.61
34285.00ms : 0.86;-0.39;-0.21;5.07;3.48;0.37
34305.00ms : 0.86;-0.40;-0.18;5.37;4.64;-0.49
34325.00ms : 0.85;-0.35;-0.23;8.48;4.82;-0.31
34345.00ms : 0.87;-0.40;-0.15;9.03;6.53;-0.06
34365.00ms : 0.85;-0.48;-0.10;3.72;5.13;-3.05
34385.00ms : 0.85;-0.48;-0.11;0.12;3.91;-4.70
34405.00ms : 0.86;-0.39;-0.15;1.46;4.33;-3.85
34425.00ms : 0.84;-0.38;-0.17;4.88;5.00;-3.23
34445.00ms : 0.87;-0.43;-0.16;5.49;2.01;-3.66
34465.00ms : 0.90;-0.42;-0.14;5.00;1.16;-3.54
34485.00ms : 0.88;-0.39;-0.15;6.23;2.32;-2.99
34505.00ms : 0.87;-0.42;-0.11;6.59;2.50;-2.56
34525.00ms : 0.84;-0.45;-0.11;4.27;2.01;-3.48
34545.00ms : 0.85;-0.44;-0.15;3.05;1.04;-3.72
34565.00ms : 0.87;-0.43;-0.17;5.49;-0.73;-1.77
34585.00ms : 0.88;-0.40;-0.19;11.17;-2.08;0.73
34605.00ms : 0.87;-0.40;-0.20;15.08;-0.98;1.40
34625.00ms : 0.84;-0.43;-0.20;14.22;0.79;0.18
34645.00ms : 0.80;-0.44;-0.22;13.18;1.71;-3.05
34665.00ms : 0.82;-0.41;-0.21;11.23;1.10;-2.75
34685.00ms : 0.89;-0.40;-0.15;12.88;-0.18;-2.44
34705.00ms : 0.85;-0.39;-0.17;14.40;0.24;-2.01
34725.00ms : 0.86;-0.42;-0.15;14.40;0.31;-3.17
34745.00ms : 0.84;-0.41;-0.19;13.67;1.16;-3.42
34765.00ms : 0.83;-0.42;-0.16;11.60;2.44;-6.23
34785.00ms : 0.88;-0.44;-0.18;9.34;0.98;-7.81
34805.00ms : 0.87;-0.45;-0.18;7.20;2.50;-5.80
34825.00ms : 0.86;-0.46;-0.18;5.74;1.83;-4.88
34845.00ms : 0.84;-0.46;-0.27;5.25;0.61;0.85
34865.00ms : 0.84;-0.46;-0.25;7.02;2.38;0.67
34885.00ms : 0.86;-0.47;-0.24;5.80;4.21;-2.32
34905.00ms : 0.82;-0.50;-0.19;2.01;7.26;-7.02
34925.00ms : 0.86;-0.48;-0.18;-4.88;4.64;-7.14
34945.00ms : 0.89;-0.45;-0.21;-3.91;4.94;-3.48
34965.00ms : 0.89;-0.41;-0.22;-1.83;3.78;-2.44
34985.00ms : 0.90;-0.38;-0.22;1.65;5.07;-1.28
35005.00ms : 0.88;-0.46;-0.21;3.60;4.76;-0.43
35025.00ms : 0.85;-0.52;-0.19;1.10;4.76;-3.05
35045.00ms : 0.89;-0.49;-0.23;-2.01;2.56;-1.71
35065.00ms : 0.86;-0.44;-0.22;-0.49;2.56;-0.55
35085.00ms : 0.88;-0.37;-0.22;1.46;2.32;-0.12
35105.00ms : 0.87;-0.40;-0.19;0.92;1.46;1.59
35125.00ms : 0.81;-0.47;-0.20;-0.61;3.17;-0.79
35145.00ms : 0.85;-0.52;-0.19;-6.59;2.62;-1.95
35165.00ms : 0.90;-0.49;-0.23;-8.06;0.31;-3.30
35185.00ms : 0.87;-0.46;-0.28;-2.50;0.31;-0.24
35205.00ms : 0.85;-0.54;-0.30;0.00;0.92;1.77
35225.00ms : 0.90;-0.57;-0.25;-5.00;0.43;-0.24
35245.00ms : 0.95;-0.47;-0.21;-6.04;1.28;-1.46
35265.00ms : 0.97;-0.41;-0.17;-2.08;2.81;2.20
35285.00ms : 0.93;-0.42;-0.15;4.27;2.44;4.88
35305.00ms : 0.84;-0.43;-0.17;7.63;-0.85;4.15
35325.00ms : 0.84;-0.45;-0.19;12.02;-4.33;3.42
35345.00ms : 0.86;-0.52;-0.24;8.18;-3.23;3.48
35365.00ms : 0.86;-0.53;-0.25;0.49;-1.40;2.87
35385.00ms : 0.84;-0.49;-0.24;-5.92;0.73;0.06
35405.00ms : 0.83;-0.44;-0.24;-7.63;0.61;-1.77
35425.00ms : 0.88;-0.37;-0.24;-1.28;-0.98;1.28
35445.00ms : 0.92;-0.36;-0.23;6.90;-1.65;5.74
35465.00ms : 0.93;-0.42;-0.21;13.24;-2.75;5.80
35485.00ms : 0.88;-0.49;-0.22;11.84;-3.11;4.94
35505.00ms : 0.88;-0.56;-0.19;5.19;-3.36;2.08
35525.00ms : 0.91;-0.47;-0.21;1.22;-3.97;-1.22
35545.00ms : 0.93;-0.41;-0.23;1.10;-3.30;0.79
35565.00ms : 0.89;-0.51;-0.24;0.73;-1.22;2.69
35585.00ms : 0.85;-0.52;-0.25;-2.87;-2.44;0.67
35605.00ms : 0.86;-0.46;-0.23;-1.53;-3.72;0.67
35625.00ms : 0.87;-0.43;-0.23;2.32;-3.30;2.87
35645.00ms : 0.88;-0.43;-0.20;3.17;-2.44;3.78
35665.00ms : 0.90;-0.45;-0.19;4.09;-2.69;3.91
35685.00ms : 0.88;-0.46;-0.20;5.13;-2.56;3.17
35705.00ms : 0.87;-0.43;-0.20;6.84;-3.36;3.36
35725.00ms : 0.88;-0.43;-0.21;8.61;-3.48;3.72
35745.00ms : 0.88;-0.44;-0.22;10.31;-3.05;4.82
35765.00ms : 0.89;-0.49;-0.24;11.90;-4.15;5.68
35785.00ms : 0.87;-0.47;-0.25;14.59;-4.64;5.31
35805.00ms : 0.85;-0.47;-0.25;15.99;-4.58;5.49
35825.00ms : 0.88;-0.47;-0.25;13.43;-4.27;5.49
35845.00ms : 0.91;-0.48;-0.24;10.19;-3.91;5.37
35865.00ms : 0.88;-0.48;-0.24;8.54;-3.42;5.19
35885.00ms : 0.86;-0.48;-0.24;7.08;-3.11;4.27
35905.00ms : 0.88;-0.52;-0.26;3.48;-2.87;4.58
35925.00ms : 0.89;-0.57;-0.23;-2.38;-2.32;4.94
35945.00ms : 0.86;-0.56;-0.22;-6.90;-1.77;1.40
35965.00ms : 0.86;-0.47;-0.23;-8.85;-1.34;-0.43
35985.00ms : 0.88;-0.40;-0.23;-8.18;-0.18;0.24
36005.00ms : 0.91;-0.38;-0.23;-7.75;0.12;1.59
36025.00ms : 0.89;-0.39;-0.23;-5.86;0.85;2.50
36045.00ms : 0.88;-0.41;-0.22;-3.72;0.37;1.83
36065.00ms : 0.87;-0.40;-0.22;-0.49;-0.31;2.14
36085.00ms : 0.89;-0.38;-0.23;2.56;-0.79;3.17
36105.00ms : 0.89;-0.41;-0.23;4.15;-0.12;3.54
36125.00ms : 0.89;-0.43;-0.22;4.03;-0.24;3.60
36145.00ms : 0.88;-0.43;-0.23;4.52;-0.31;3.23
36165.00ms : 0.88;-0.43;-0.24;4.46;-0.98;3.17
36185.00ms : 0.88;-0.45;-0.25;2.81;-0.06;2.99
36205.00ms : 0.88;-0.46;-0.24;0.24;0.18;2.75
36225.00ms : 0.88;-0.46;-0.25;-0.92;0.18;2.26
36245.00ms : 0.88;-0.45;-0.24;-1.04;-0.06;2.01
36265.00ms : 0.89;-0.43;-0.24;0.06;-0.24;1.89
36285.00ms : 0.89;-0.46;-0.25;-1.95;-0.12;2.81
36305.00ms : 0.89;-0.50;-0.25;-4.33;0.24;2.08
36325.00ms : 0.87;-0.51;-0.24;-6.04;0.18;0.61
36345.00ms : 0.88;-0.43;-0.24;-6.77;-0.24;-0.24
36365.00ms : 0.89;-0.38;-0.23;-5.98;0.43;0.79
36385.00ms : 0.92;-0.35;-0.22;-3.66;0.73;1.65
36405.00ms : 0.90;-0.35;-0.23;-1.16;0.79;2.08
36425.00ms : 0.90;-0.37;-0.23;2.14;0.31;2.08
36445.00ms : 0.89;-0.38;-0.23;5.49;-0.67;2.62
36465.00ms : 0.90;-0.43;-0.24;7.02;-1.34;3.91
36485.00ms : 0.88;-0.45;-0.25;8.18;-1.46;3.48
36505.00ms : 0.88;-0.45;-0.25;8.06;-1.53;3.11
36525.00ms : 0.88;-0.45;-0.26;8.12;-2.08;3.48
36545.00ms : 0.89;-0.45;-0.25;9.95;-3.05;3.91
36565.00ms : 0.89;-0.43;-0.24;12.76;-4.64;4.03
36585.00ms : 0.89;-0.42;-0.24;13.37;-3.60;4.15
36605.00ms : 0.90;-0.42;-0.25;11.72;-3.54;3.85
36625.00ms : 0.90;-0.42;-0.26;10.07;-3.42;3.42
36645.00ms : 0.88;-0.46;-0.26;7.87;-3.23;3.72
36665.00ms : 0.88;-0.48;-0.24;5.07;-2.38;2.38
36685.00ms : 0.88;-0.43;-0.24;2.81;-2.44;1.34
36705.00ms : 0.89;-0.41;-0.27;2.38;-1.65;2.69
36725.00ms : 0.89;-0.46;-0.25;1.10;-1.28;2.69
36745.00ms : 0.89;-0.43;-0.25;0.12;-1.22;1.28
36765.00ms : 0.89;-0.40;-0.25;0.73;-0.49;1.95
36785.00ms : 0.89;-0.42;-0.25;1.10;-0.37;2.32
36805.00ms : 0.90;-0.43;-0.25;1.53;-0.79;2.81
36825.00ms : 0.89;-0.46;-0.25;1.89;-0.61;2.62
36845.00ms : 0.89;-0.45;-0.25;1.34;-0.61;2.08
36865.00ms : 0.89;-0.43;-0.26;0.92;-0.43;1.71
36885.00ms : 0.90;-0.42;-0.26;0.55;-0.49;2.08
36905.00ms : 0.90;-0.42;-0.26;-0.12;-0.18;2.08
36925.00ms : 0.90;-0.43;-0.26;0.00;-0.18;1.95
36945.00ms : 0.89;-0.42;-0.26;0.00;-0.12;1.95
36965.00ms : 0.90;-0.43;-0.26;-0.43;-0.12;1.59
36985.00ms : 0.90;-0.40;-0.27;0.00;-0.18;1.40
37005.00ms : 0.90;-0.41;-0.26;0.18;0.12;1.53
37025.00ms : 0.89;-0.42;-0.26;0.73;0.43;2.08
37045.00ms : 0.90;-0.44;-0.25;-0.31;0.55;1.83
37065.00ms : 0.90;-0.44;-0.26;-1.34;0.12;1.59
37085.00ms : 0.89;-0.44;-0.27;-0.55;-0.12;1.40
37105.00ms : 0.89;-0.44;-0.26;-0.49;-0.43;1.71
37125.00ms : 0.89;-0.44;-0.26;-1.16;-0.98;1.65
37145.00ms : 0.90;-0.41;-0.27;-1.40;-0.85;1.40
37165.00ms : 0.90;-0.41;-0.25;-1.10;-0.73;1.71
37185.00ms : 0.90;-0.41;-0.26;-0.61;-0.31;1.34
37205.00ms : 0.91;-0.39;-0.26;-0.92;-0.24;1.77
37225.00ms : 0.90;-0.40;-0.26;-0.24;-0.61;1.77
37245.00ms : 0.90;-0.42;-0.26;-0.24;-0.79;1.83
37265.00ms : 0.89;-0.44;-0.26;-0.55;-0.67;2.08
37285.00ms : 0.89;-0.43;-0.26;-1.34;-0.49;1.10
37305.00ms : 0.90;-0.41;-0.26;-1.40;-0.49;1.40
37325.00ms : 0.90;-0.41;-0.27;-0.85;-0.79;1.53
37345.00ms : 0.91;-0.42;-0.27;0.12;-1.34;1.89
37365.00ms : 0.90;-0.42;-0.25;0.18;-1.40;1.83
37385.00ms : 0.89;-0.42;-0.26;0.55;-1.34;1.40
37405.00ms : 0.91;-0.40;-0.26;0.98;-1.46;1.40
37425.00ms : 0.90;-0.40;-0.27;1.16;-1.40;1.83
37445.00ms : 0.90;-0.42;-0.26;0.61;-1.28;1.83
37465.00ms : 0.90;-0.42;-0.26;0.00;-1.28;1.28
37485.00ms : 0.90;-0.41;-0.26;-0.06;-0.98;1.28
37505.00ms : 0.90;-0.41;-0.26;0.06;-1.16;1.71
37525.00ms : 0.90;-0.41;-0.27;0.55;-1.65;1.77
37545.00ms : 0.90;-0.42;-0.25;0.73;-1.46;1.59
37565.00ms : 0.90;-0.40;-0.27;0.37;-1.34;1.46
37585.00ms : 0.90;-0.41;-0.26;-0.18;-1.10;1.53
37605.00ms : 0.90;-0.42;-0.26;0.18;-1.46;1.89
37625.00ms : 0.90;-0.41;-0.26;1.10;-1.65;0.98
37645.00ms : 0.90;-0.40;-0.26;1.59;-1.59;1.16
37665.00ms : 0.90;-0.40;-0.26;1.77;-1.89;1.59
37685.00ms : 0.91;-0.40;-0.27;2.26;-1.71;1.46
37705.00ms : 0.90;-0.42;-0.26;2.38;-1.53;1.34
37725.00ms : 0.90;-0.41;-0.26;1.95;-1.71;0.85
37745.00ms : 0.90;-0.40;-0.27;2.56;-1.46;1.59
37765.00ms : 0.90;-0.41;-0.26;2.75;-1.83;1.53
37785.00ms : 0.90;-0.41;-0.26;2.14;-1.34;1.71
37805.00ms : 0.90;-0.42;-0.27;0.79;-1.16;1.34
37825.00ms : 0.89;-0.43;-0.26;0.37;-0.85;1.28
37845.00ms : 0.90;-0.43;-0.26;-0.43;-0.55;0.24
37865.00ms : 0.91;-0.43;-0.27;-1.53;-0.43;0.67
37885.00ms : 0.90;-0.43;-0.27;-2.26;-0.12;0.24
37905.00ms : 0.90;-0.42;-0.27;-2.62;-0.49;-0.06
37925.00ms : 0.90;-0.40;-0.27;-2.87;-0.79;-0.43
37945.00ms : 0.90;-0.39;-0.26;-2.01;-0.67;-0.31
37965.00ms : 0.91;-0.39;-0.26;-0.98;-1.10;0.06
37985.00ms : 0.91;-0.40;-0.27;-0.55;-1.16;-0.18
38005.00ms : 0.90;-0.43;-0.26;-0.61;-1.34;-0.24
38025.00ms : 0.90;-0.42;-0.27;-1.28;-1.28;-0.61
38045.00ms : 0.90;-0.43;-0.26;-1.40;-1.65;-0.43
38065.00ms : 0.90;-0.42;-0.26;-2.08;-1.28;-0.49
38085.00ms : 0.91;-0.41;-0.27;-2.32;-1.46;-0.67
38105.00ms : 0.90;-0.40;-0.26;-1.46;-0.98;0.00
38125.00ms : 0.90;-0.40;-0.26;-1.22;-1.28;0.00
38145.00ms : 0.90;-0.41;-0.27;-1.28;-1.16;0.24
38165.00ms : 0.90;-0.43;-0.25;-1.53;-1.16;0.55
38185.00ms : 0.89;-0.41;-0.26;-0.55;-1.46;0.00
38205.00ms : 0.90;-0.41;-0.27;-0.49;-0.79;0.31
38225.00ms : 0.90;-0.40;-0.26;-1.04;-0.61;0.67
38245.00ms : 0.90;-0.39;-0.26;-0.12;-0.79;0.92
38265.00ms : 0.91;-0.40;-0.26;0.79;-1.10;0.67
38285.00ms : 0.91;-0.41;-0.27;1.59;-1.04;1.34
38305.00ms : 0.90;-0.43;-0.26;1.53;-1.59;0.92
38325.00ms : 0.90;-0.42;-0.27;0.92;-1.46;0.61
38345.00ms : 0.91;-0.41;-0.26;0.98;-1.71;0.37
38365.00ms : 0.91;-0.39;-0.27;1.77;-1.77;0.55
38385.00ms : 0.91;-0.42;-0.26;0.92;-1.04;0.73
38405.00ms : 0.90;-0.41;-0.26;-0.43;-0.98;-0.18
38425.00ms : 0.90;-0.40;-0.26;-0.55;-1.28;-0.92
38445.00ms : 0.91;-0.42;-0.27;-0.49;-1.65;-0.31
38465.00ms : 0.90;-0.43;-0.27;-0.12;-1.53;-0.37
38485.00ms : 0.90;-0.41;-0.26;-0.61;-1.46;-1.04
38505.00ms : 0.91;-0.41;-0.27;-2.01;-1.22;-1.28
38525.00ms : 0.90;-0.41;-0.27;-2.14;-1.16;-1.22
38545.00ms : 0.90;-0.41;-0.27;-2.32;-1.16;-1.46
38565.00ms : 0.91;-0.41;-0.27;-2.26;-1.46;-2.01
38585.00ms : 0.90;-0.41;-0.27;-1.95;-1.77;-1.95
38605.00ms : 0.91;-0.42;-0.27;-2.75;-1.34;-2.44
38625.00ms : 0.90;-0.42;-0.26;-3.42;-1.77;-2.26
38645.00ms : 0.89;-0.41;-0.27;-2.75;-1.59;-3.11
38665.00ms : 0.90;-0.40;-0.25;-2.93;-1.10;-3.72
38685.00ms : 0.90;-0.40;-0.26;-4.58;-0.67;-3.54
38705.00ms : 0.90;-0.42;-0.27;-6.65;-0.37;-3.97
38725.00ms : 0.90;-0.42;-0.26;-6.84;-0.55;-4.39
38745.00ms : 0.89;-0.42;-0.26;-6.41;-0.43;-5.13
38765.00ms : 0.90;-0.42;-0.27;-7.14;0.24;-5.37
38785.00ms : 0.89;-0.44;-0.27;-9.77;0.37;-5.31
38805.00ms : 0.90;-0.46;-0.26;-11.90;-0.37;-6.29
38825.00ms : 0.89;-0.43;-0.25;-12.39;0.06;-6.96
38845.00ms : 0.89;-0.41;-0.25;-12.08;0.37;-7.57
38865.00ms : 0.89;-0.42;-0.24;-11.60;0.61;-7.39
38885.00ms : 0.91;-0.42;-0.24;-12.27;0.24;-7.45
38905.00ms : 0.91;-0.40;-0.26;-11.23;-0.79;-7.26
38925.00ms : 0.90;-0.42;-0.25;-8.30;-1.59;-6.35
38945.00ms : 0.90;-0.43;-0.24;-6.90;-3.36;-6.59
38965.00ms : 0.90;-0.42;-0.24;-4.09;-4.03;-5.80
38985.00ms : 0.92;-0.44;-0.25;-2.08;-4.94;-4.52
39005.00ms : 0.90;-0.48;-0.23;-0.31;-5.25;-3.78
39025.00ms : 0.92;-0.49;-0.21;-0.67;-5.92;-4.64
39045.00ms : 0.92;-0.47;-0.22;-0.98;-5.31;-4.03
39065.00ms : 0.95;-0.49;-0.22;-0.31;-5.37;-3.48
39085.00ms : 0.94;-0.49;-0.21;0.49;-6.10;-3.30
39105.00ms : 0.93;-0.51;-0.23;0.06;-4.39;-3.17
39125.00ms : 0.93;-0.44;-0.24;-1.59;-2.62;-3.05
39145.00ms : 0.90;-0.47;-0.22;-4.39;-1.59;-3.54
39165.00ms : 0.90;-0.49;-0.22;-8.67;-1.83;-4.39
39185.00ms : 0.88;-0.49;-0.22;-10.80;-1.59;-3.48
39205.00ms : 0.87;-0.45;-0.21;-11.05;-1.89;-4.03
39225.00ms : 0.87;-0.46;-0.21;-11.35;-1.40;-3.66
39245.00ms : 0.86;-0.44;-0.23;-10.80;-1.53;-3.05
39265.00ms : 0.87;-0.43;-0.21;-8.85;-1.65;-2.69
39285.00ms : 0.88;-0.43;-0.22;-9.09;-1.10;-3.23
39305.00ms : 0.87;-0.45;-0.22;-9.22;-1.53;-1.77
39325.00ms : 0.85;-0.47;-0.19;-8.36;-2.50;-0.73
39345.00ms : 0.87;-0.41;-0.20;-8.67;-3.11;-1.16
39365.00ms : 0.86;-0.44;-0.20;-8.61;-2.81;-0.85
39385.00ms : 0.85;-0.47;-0.21;-8.67;-3.91;0.79
39405.00ms : 0.87;-0.44;-0.21;-8.36;-4.64;1.46
39425.00ms : 0.86;-0.44;-0.21;-7.75;-4.09;2.44
39445.00ms : 0.85;-0.46;-0.20;-8.61;-3.54;1.10
39465.00ms : 0.87;-0.45;-0.20;-9.83;-3.72;1.28
39485.00ms : 0.85;-0.48;-0.18;-10.62;-4.15;0.67
39505.00ms : 0.84;-0.45;-0.20;-11.17;-4.39;1.10
39525.00ms : 0.83;-0.45;-0.19;-10.62;-5.43;2.14
39545.00ms : 0.85;-0.45;-0.20;-9.40;-6.29;2.08
39565.00ms : 0.88;-0.42;-0.22;-8.12;-6.47;4.88
39585.00ms : 0.89;-0.42;-0.22;-5.49;-5.55;5.74
39605.00ms : 0.88;-0.43;-0.20;-6.41;-4.21;3.05
39625.00ms : 0.88;-0.42;-0.18;-7.93;-3.78;2.69
39645.00ms : 0.87;-0.43;-0.16;-7.93;-3.72;3.36
39665.00ms : 0.86;-0.43;-0.16;-8.30;-2.32;1.71
39685.00ms : 0.87;-0.44;-0.16;-9.16;-2.26;0.06
39705.00ms : 0.84;-0.41;-0.16;-9.03;-4.03;1.22
39725.00ms : 0.86;-0.40;-0.17;-6.16;-5.37;3.54
39745.00ms : 0.85;-0.42;-0.19;-5.19;-5.07;3.36
39765.00ms : 0.82;-0.40;-0.21;-4.58;-5.37;3.97
39785.00ms : 0.85;-0.40;-0.22;-5.00;-4.76;3.91
39805.00ms : 0.87;-0.41;-0.21;-4.52;-3.85;3.05
39825.00ms : 0.85;-0.42;-0.21;-3.60;-3.54;3.54
39845.00ms : 0.85;-0.41;-0.18;-1.53;-4.33;4.94
39865.00ms : 0.87;-0.40;-0.19;-0.67;-4.70;5.19
39885.00ms : 0.85;-0.42;-0.16;0.55;-4.21;4.27
39905.00ms : 0.84;-0.42;-0.14;0.00;-4.76;3.85
39925.00ms : 0.87;-0.39;-0.16;1.28;-6.29;5.55
39945.00ms : 0.89;-0.41;-0.16;0.92;-4.94;5.31
39965.00ms : 0.86;-0.42;-0.16;-0.18;-3.72;3.05
39985.00ms : 0.86;-0.44;-0.16;-2.99;-3.17;2.62
40005.00ms : 0.86;-0.42;-0.18;-4.21;-2.87;3.30
40025.00ms : 0.86;-0.41;-0.19;-3.05;-2.32;3.30
40045.00ms : 0.86;-0.42;-0.18;-2.93;-1.71;2.69
40065.00ms : 0.86;-0.46;-0.14;-3.30;-2.81;1.95
40085.00ms : 0.86;-0.45;-0.16;-3.91;-3.30;2.14
40105.00ms : 0.88;-0.39;-0.19;-2.75;-2.99;3.05
40125.00ms : 0.87;-0.43;-0.13;-2.69;-3.17;2.56
40145.00ms : 0.87;-0.41;-0.14;-3.54;-4.03;2.08
40165.00ms : 0.87;-0.42;-0.14;-3.78;-3.78;1.77
40185.00ms : 0.85;-0.44;-0.14;-4.39;-4.64;0.43
40205.00ms : 0.86;-0.40;-0.14;-4.52;-5.55;-0.43
40225.00ms : 0.88;-0.40;-0.14;-4.09;-5.37;0.24
40245.00ms : 0.88;-0.39;-0.19;-1.83;-5.31;2.50
40265.00ms : 0.86;-0.40;-0.18;-1.10;-4.03;2.26
40285.00ms : 0.86;-0.40;-0.17;-1.22;-4.15;1.28
40305.00ms : 0.87;-0.38;-0.18;0.00;-3.66;2.01
40325.00ms : 0.87;-0.37;-0.21;1.10;-1.22;2.38
40345.00ms : 0.87;-0.47;-0.13;-0.61;-1.65;0.12
40365.00ms : 0.86;-0.44;-0.13;-4.21;-1.71;-1.10
40385.00ms : 0.86;-0.43;-0.13;-5.62;-1.46;-0.85
40405.00ms : 0.87;-0.40;-0.13;-5.86;-1.28;-1.10
40425.00ms : 0.87;-0.41;-0.10;-5.07;-3.66;-1.40
40445.00ms : 0.88;-0.40;-0.15;-4.39;-3.54;-0.06
40465.00ms : 0.88;-0.38;-0.18;-3.91;-1.77;0.31
40485.00ms : 0.88;-0.38;-0.18;-3.30;-1.71;0.06
40505.00ms : 0.90;-0.36;-0.21;-1.34;0.43;1.89
40525.00ms : 0.89;-0.35;-0.21;-0.12;3.30;2.62
40545.00ms : 0.85;-0.45;-0.11;-2.01;3.30;0.00
40565.00ms : 0.84;-0.44;-0.08;-6.04;2.62;-2.08
40585.00ms : 0.86;-0.43;-0.05;-8.00;1.10;-3.42
40605.00ms : 0.87;-0.41;-0.07;-6.16;-2.75;-1.22
40625.00ms : 0.90;-0.36;-0.14;-0.85;-3.30;1.83
40645.00ms : 0.88;-0.37;-0.16;3.72;-2.56;3.05
40665.00ms : 0.87;-0.39;-0.16;3.11;-2.08;1.71
40685.00ms : 0.88;-0.40;-0.18;0.92;-0.73;1.16
40705.00ms : 0.88;-0.40;-0.15;-0.73;0.24;0.73
40725.00ms : 0.85;-0.42;-0.13;-1.77;0.24;0.12
40745.00ms : 0.86;-0.42;-0.12;-2.56;-0.18;-1.04
40765.00ms : 0.86;-0.41;-0.13;-1.95;-1.04;-1.04
40785.00ms : 0.87;-0.40;-0.14;-1.34;-1.10;-0.61
40805.00ms : 0.87;-0.40;-0.15;-0.31;-1.34;0.43
40825.00ms : 0.88;-0.39;-0.16;0.18;-1.10;0.55
40845.00ms : 0.88;-0.38;-0.16;-0.06;-0.06;0.24
40865.00ms : 0.87;-0.39;-0.13;-0.37;-0.18;-0.73
40885.00ms : 0.86;-0.40;-0.15;-0.18;0.00;-0.92
40905.00ms : 0.88;-0.41;-0.14;0.00;0.06;0.24
40925.00ms : 0.86;-0.42;-0.13;-0.18;0.24;-0.49
40945.00ms : 0.86;-0.41;-0.14;-0.12;0.12;-1.22
40965.00ms : 0.87;-0.39;-0.16;0.31;0.24;-0.43
40985.00ms : 0.88;-0.38;-0.17;2.50;0.67;0.55
41005.00ms : 0.86;-0.40;-0.18;3.36;1.89;0.31
41025.00ms : 0.85;-0.41;-0.17;2.08;2.87;-1.10
41045.00ms : 0.88;-0.42;-0.14;1.10;2.32;-2.01
41065.00ms : 0.87;-0.41;-0.15;1.22;2.69;-1.46
41085.00ms : 0.86;-0.41;-0.15;2.01;3.30;-0.73
41105.00ms : 0.86;-0.42;-0.14;1.65;3.42;-1.77
41125.00ms : 0.85;-0.42;-0.15;1.28;2.69;-3.05
41145.00ms : 0.87;-0.41;-0.17;1.34;2.01;-1.89
41165.00ms : 0.90;-0.41;-0.13;2.69;1.34;-0.24
41185.00ms : 0.89;-0.41;-0.12;2.87;0.73;-0.24
41205.00ms : 0.87;-0.42;-0.11;0.98;1.40;-1.65
41225.00ms : 0.87;-0.40;-0.14;-1.59;1.77;-2.08
41245.00ms : 0.89;-0.38;-0.16;-1.04;1.10;-0.55
41265.00ms : 0.88;-0.42;-0.13;-0.37;1.34;0.00
41285.00ms : 0.87;-0.43;-0.14;-0.73;0.73;-1.16
41305.00ms : 0.86;-0.42;-0.17;-1.65;1.89;-1.40
41325.00ms : 0.86;-0.41;-0.18;-1.53;1.95;-0.92
41345.00ms : 0.88;-0.43;-0.19;-0.73;1.46;0.00
41365.00ms : 0.87;-0.44;-0.19;-0.55;2.93;-0.12
41385.00ms : 0.87;-0.44;-0.17;-1.65;3.23;-1.65
41405.00ms : 0.86;-0.40;-0.19;-1.53;3.48;-1.46
41425.00ms : 0.85;-0.40;-0.21;1.16;4.27;-1.40
41445.00ms : 0.86;-0.42;-0.18;1.83;5.19;-1.71
41465.00ms : 0.85;-0.45;-0.17;-0.31;5.00;-3.17
41485.00ms : 0.86;-0.42;-0.18;-0.67;5.25;-3.54
41505.00ms : 0.86;-0.38;-0.20;2.50;4.52;-2.50
41525.00ms : 0.84;-0.39;-0.20;6.10;4.52;-1.04
41545.00ms : 0.85;-0.46;-0.19;5.80;4.52;-2.81
41565.00ms : 0.87;-0.45;-0.19;3.97;3.97;-3.36
41585.00ms : 0.85;-0.43;-0.19;5.37;3.97;-3.17
41605.00ms : 0.83;-0.41;-0.19;7.69;4.09;-2.50
41625.00ms : 0.86;-0.43;-0.18;8.91;2.56;-3.11
41645.00ms : 0.87;-0.42;-0.18;8.97;1.77;-3.30
41665.00ms : 0.86;-0.41;-0.17;11.72;0.43;-2.62
41685.00ms : 0.85;-0.37;-0.18;15.01;-0.67;-1.65
41705.00ms : 0.87;-0.37;-0.18;15.75;-2.75;-0.12
41725.00ms : 0.87;-0.38;-0.22;17.58;-2.56;1.46
41745.00ms : 0.86;-0.45;-0.23;19.35;-0.18;-0.06
41765.00ms : 0.85;-0.53;-0.23;15.44;2.20;-4.21
41785.00ms : 0.85;-0.50;-0.19;9.22;2.99;-7.63
41805.00ms : 0.89;-0.47;-0.21;3.91;2.32;-7.75
41825.00ms : 0.89;-0.46;-0.20;4.15;3.11;-7.32
41845.00ms : 0.85;-0.46;-0.22;3.78;2.56;-5.80
41865.00ms : 0.86;-0.46;-0.24;5.62;2.08;-5.49
41885.00ms : 0.90;-0.43;-0.23;8.00;1.95;-4.76
41905.00ms : 0.92;-0.38;-0.25;8.85;2.26;-4.09
41925.00ms : 0.91;-0.42;-0.21;8.61;2.01;-1.53
41945.00ms : 0.88;-0.46;-0.21;7.51;2.69;-0.98
41965.00ms : 0.90;-0.43;-0.20;8.42;1.83;-2.87
41985.00ms : 0.92;-0.43;-0.19;10.01;0.55;-1.71
42005.00ms : 0.90;-0.50;-0.22;9.83;-0.12;0.37
42025.00ms : 0.85;-0.61;-0.23;6.29;0.18;0.92
42045.00ms : 0.83;-0.58;-0.23;0.67;0.43;-3.36
42065.00ms : 0.86;-0.46;-0.25;-1.16;0.73;-3.30
42085.00ms : 0.87;-0.46;-0.25;-0.85;1.04;-1.46
42105.00ms : 0.86;-0.45;-0.24;1.16;1.53;-0.12
42125.00ms : 0.87;-0.43;-0.24;2.01;1.95;0.92
42145.00ms : 0.87;-0.46;-0.24;3.17;1.65;1.53
42165.00ms : 0.84;-0.52;-0.24;2.38;1.16;1.40
42185.00ms : 0.85;-0.51;-0.23;2.20;0.12;0.73
42205.00ms : 0.87;-0.49;-0.24;2.01;-0.37;0.73
42225.00ms : 0.86;-0.49;-0.24;2.56;0.18;1.10
42245.00ms : 0.85;-0.44;-0.23;1.95;0.31;0.18
42265.00ms : 0.88;-0.43;-0.26;1.34;1.10;0.92
42285.00ms : 0.87;-0.48;-0.26;2.99;1.46;0.61
42305.00ms : 0.85;-0.46;-0.25;4.46;-0.06;-0.49
42325.00ms : 0.88;-0.47;-0.24;6.41;-1.46;2.26
42345.00ms : 0.87;-0.48;-0.27;8.36;-1.46;3.42
42365.00ms : 0.86;-0.52;-0.25;6.23;-0.73;1.83
42385.00ms : 0.89;-0.53;-0.25;0.61;-0.67;0.43
42405.00ms : 0.90;-0.51;-0.26;-4.33;-0.06;0.73
42425.00ms : 0.89;-0.51;-0.25;-5.74;0.55;1.34
42445.00ms : 0.90;-0.47;-0.24;-4.94;0.73;1.71
42465.00ms : 0.90;-0.45;-0.26;-3.17;0.85;2.38
42485.00ms : 0.86;-0.50;-0.26;-2.14;1.34;4.27
42505.00ms : 0.85;-0.52;-0.25;-2.93;1.10;3.54
42525.00ms : 0.86;-0.49;-0.23;-3.78;1.53;3.11
42545.00ms : 0.86;-0.45;-0.22;-3.78;1.34;2.50
42565.00ms : 0.87;-0.42;-0.24;-4.15;1.59;3.72
42585.00ms : 0.88;-0.45;-0.25;-4.70;0.67;4.03
42605.00ms : 0.89;-0.42;-0.26;-1.89;0.49;4.46
42625.00ms : 0.90;-0.41;-0.26;0.55;0.73;5.07
42645.00ms : 0.90;-0.45;-0.26;0.00;1.65;5.07
42665.00ms : 0.90;-0.53;-0.26;-3.91;2.32;4.21
42685.00ms : 0.89;-0.50;-0.25;-6.59;1.83;2.14
42705.00ms : 0.88;-0.47;-0.24;-7.08;1.28;1.22
42725.00ms : 0.91;-0.45;-0.27;-8.18;1.10;0.79
42745.00ms : 0.91;-0.46;-0.27;-8.61;1.22;2.32
42765.00ms : 0.89;-0.48;-0.26;-4.46;0.55;4.33
42785.00ms : 0.85;-0.48;-0.24;2.08;-2.08;3.78
42805.00ms : 0.85;-0.43;-0.25;9.64;-4.76;5.37
42825.00ms : 0.88;-0.40;-0.25;14.59;-5.62;7.14
42845.00ms : 0.90;-0.39;-0.25;12.27;-3.11;8.18
42865.00ms : 0.91;-0.42;-0.25;7.81;-1.95;7.08
42885.00ms : 0.89;-0.48;-0.26;2.69;-1.40;4.88
42905.00ms : 0.87;-0.49;-0.27;-0.85;-0.98;3.85
42925.00ms : 0.88;-0.47;-0.26;-1.77;-0.85;4.03
42945.00ms : 0.90;-0.44;-0.25;0.31;-1.22;4.09
42965.00ms : 0.90;-0.41;-0.27;3.30;-0.92;5.49
42985.00ms : 0.89;-0.41;-0.26;4.82;-1.16;6.23
43005.00ms : 0.89;-0.43;-0.25;4.33;-1.22;6.23
43025.00ms : 0.91;-0.43;-0.25;4.64;-1.77;5.13
43045.00ms : 0.93;-0.42;-0.27;6.41;-2.38;4.82
43065.00ms : 0.91;-0.43;-0.28;8.42;-2.56;5.62
43085.00ms : 0.89;-0.45;-0.28;7.93;-1.89;6.41
43105.00ms : 0.89;-0.46;-0.28;4.88;-1.71;6.71
43125.00ms : 0.92;-0.45;-0.26;2.50;-2.14;5.37
43145.00ms : 0.90;-0.44;-0.26;0.73;-2.56;4.64
43165.00ms : 0.88;-0.43;-0.28;-0.67;-2.44;4.09
43185.00ms : 0.90;-0.40;-0.25;-1.89;-2.44;4.58
43205.00ms : 0.91;-0.39;-0.27;-0.92;-2.69;3.23
43225.00ms : 0.91;-0.39;-0.26;1.53;-3.60;2.93
43245.00ms : 0.90;-0.39;-0.24;4.70;-3.78;3.60
43265.00ms : 0.90;-0.41;-0.24;6.65;-4.58;3.60
43285.00ms : 0.91;-0.41;-0.24;8.42;-5.49;3.17
43305.00ms : 0.90;-0.41;-0.25;10.25;-5.31;2.93
43325.00ms : 0.89;-0.42;-0.26;10.50;-4.39;3.54
43345.00ms : 0.89;-0.44;-0.25;10.19;-4.09;3.66
43365.00ms : 0.89;-0.45;-0.26;8.91;-4.03;2.75
43385.00ms : 0.88;-0.45;-0.26;8.18;-3.72;2.44
43405.00ms : 0.89;-0.45;-0.26;6.65;-3.17;2.32
43425.00ms : 0.88;-0.44;-0.26;2.99;-1.77;1.89
43445.00ms : 0.90;-0.46;-0.26;-0.79;-0.98;1.34
43465.00ms : 0.89;-0.44;-0.27;-2.08;-1.22;0.12
43485.00ms : 0.90;-0.42;-0.27;-0.31;-1.65;0.73
43505.00ms : 0.89;-0.42;-0.26;2.50;-1.10;1.34
43525.00ms : 0.91;-0.41;-0.27;1.59;-1.89;0.73
43545.00ms : 0.91;-0.41;-0.28;0.37;-1.40;1.28
43565.00ms : 0.90;-0.43;-0.27;0.49;-2.14;0.92
43585.00ms : 0.90;-0.41;-0.26;3.42;-3.05;0.67
43605.00ms : 0.91;-0.40;-0.27;7.08;-4.15;1.65
43625.00ms : 0.91;-0.41;-0.27;9.22;-4.15;3.23
43645.00ms : 0.90;-0.41;-0.26;10.50;-5.13;3.11
43665.00ms : 0.90;-0.41;-0.25;8.97;-4.33;1.59
43685.00ms : 0.91;-0.40;-0.26;6.90;-3.97;1.46
43705.00ms : 0.90;-0.42;-0.27;5.19;-2.50;2.01
43725.00ms : 0.89;-0.44;-0.27;3.48;-2.26;1.53
43745.00ms : 0.90;-0.46;-0.27;0.31;-2.26;0.73
43765.00ms : 0.89;-0.44;-0.27;-2.81;-1.71;0.18
43785.00ms : 0.89;-0.42;-0.27;-3.48;-0.92;0.61
43805.00ms : 0.90;-0.43;-0.27;-3.17;-0.85;0.37
43825.00ms : 0.90;-0.44;-0.27;-3.23;-0.92;0.31
43845.00ms : 0.89;-0.43;-0.27;-3.97;-1.34;0.73
43865.00ms : 0.90;-0.44;-0.27;-4.09;-1.34;1.04
43885.00ms : 0.89;-0.43;-0.27;-3.66;-1.34;0.12
43905.00ms : 0.90;-0.40;-0.26;-3.30;-1.34;0.12
43925.00ms : 0.90;-0.39;-0.26;-2.01;-1.53;1.16
43945.00ms : 0.90;-0.41;-0.26;-1.71;-1.71;2.01
43965.00ms : 0.90;-0.43;-0.26;-2.50;-1.59;1.10
43985.00ms : 0.89;-0.42;-0.26;-3.72;-1.46;0.43
44005.00ms : 0.90;-0.41;-0.26;-3.60;-1.22;0.85
44025.00ms : 0.90;-0.41;-0.25;-2.62;-1.65;1.10
44045.00ms : 0.90;-0.41;-0.26;-2.08;-1.59;1.10
44065.00ms : 0.90;-0.41;-0.26;-1.53;-1.28;0.98
44085.00ms : 0.90;-0.41;-0.26;-1.71;-1.40;1.40
44105.00ms : 0.90;-0.41;-0.26;-1.10;-1.10;1.53
44125.00ms : 0.90;-0.42;-0.25;-0.06;-1.53;1.89
44145.00ms : 0.90;-0.41;-0.26;0.92;-1.83;1.46
44165.00ms : 0.90;-0.41;-0.26;2.08;-1.83;2.32
44185.00ms : 0.90;-0.42;-0.26;2.01;-1.95;2.56
44205.00ms : 0.90;-0.42;-0.26;1.53;-1.89;1.46
44225.00ms : 0.90;-0.42;-0.26;0.73;-1.59;1.83
44245.00ms : 0.90;-0.42;-0.26;0.18;-1.46;1.83
44265.00ms : 0.90;-0.42;-0.26;0.06;-1.83;1.59
44285.00ms : 0.91;-0.40;-0.26;0.31;-2.20;1.59
44305.00ms : 0.90;-0.42;-0.27;0.12;-1.59;1.77
44325.00ms : 0.90;-0.41;-0.26;-0.37;-1.83;1.46
44345.00ms : 0.90;-0.42;-0.26;-0.12;-2.14;1.53
44365.00ms : 0.90;-0.41;-0.26;0.24;-2.20;1.28
44385.00ms : 0.90;-0.42;-0.26;0.55;-2.38;1.10
44405.00ms : 0.90;-0.42;-0.26;0.00;-2.20;1.71
44425.00ms : 0.90;-0.43;-0.25;-1.40;-2.01;1.53
44445.00ms : 0.90;-0.42;-0.26;-1.89;-1.95;0.92
44465.00ms : 0.90;-0.41;-0.27;-1.22;-2.14;1.22
44485.00ms : 0.90;-0.43;-0.25;-1.46;-1.89;1.83
44505.00ms : 0.89;-0.44;-0.25;-2.20;-1.95;1.53
44525.00ms : 0.90;-0.40;-0.25;-2.38;-1.28;0.79
44545.00ms : 0.91;-0.38;-0.25;-1.53;-1.34;0.98
44565.00ms : 0.91;-0.39;-0.26;-0.79;-1.77;2.26
44585.00ms : 0.90;-0.42;-0.27;-0.55;-1.65;2.38
44605.00ms : 0.89;-0.45;-0.24;-1.46;-1.28;1.83
44625.00ms : 0.90;-0.41;-0.25;-2.32;-1.28;-0.12
44645.00ms : 0.91;-0.37;-0.26;-2.32;-1.34;1.04
44665.00ms : 0.90;-0.40;-0.25;-2.26;-0.98;2.26
44685.00ms : 0.90;-0.41;-0.25;-0.85;-1.46;2.08
44705.00ms : 0.90;-0.41;-0.25;-0.06;-1.10;0.92
44725.00ms : 0.90;-0.39;-0.25;-0.55;-0.85;0.67
44745.00ms : 0.90;-0.39;-0.25;-1.95;-0.61;0.98
44765.00ms : 0.91;-0.41;-0.25;-1.71;-1.10;1.16
44785.00ms : 0.90;-0.41;-0.25;-0.12;-1.04;0.98
44805.00ms : 0.90;-0.41;-0.25;-0.49;-0.92;0.24
44825.00ms : 0.90;-0.41;-0.25;-2.14;-0.55;0.18
44845.00ms : 0.90;-0.40;-0.25;-2.99;-0.55;0.24
44865.00ms : 0.91;-0.41;-0.25;-3.30;-0.43;-0.06
44885.00ms : 0.90;-0.41;-0.25;-2.93;-0.92;0.24
44905.00ms : 0.90;-0.42;-0.26;-2.62;-1.04;0.00
44925.00ms : 0.90;-0.41;-0.24;-2.93;-0.98;0.00
44945.00ms : 0.90;-0.39;-0.24;-2.75;-0.85;-0.37
44965.00ms : 0.91;-0.38;-0.25;-1.95;-0.61;0.24
44985.00ms : 0.90;-0.39;-0.25;-1.10;-1.10;1.10
45005.00ms : 0.90;-0.42;-0.26;-0.49;-1.22;0.79
45025.00ms : 0.90;-0.42;-0.25;-1.65;-0.73;0.55
45045.00ms : 0.90;-0.41;-0.25;-2.26;-0.92;0.12
45065.00ms : 0.90;-0.39;-0.25;-2.14;-0.55;0.18
45085.00ms : 0.91;-0.39;-0.25;-1.53;-0.67;0.79
45105.00ms : 0.91;-0.41;-0.25;-1.28;-0.67;0.73
45125.00ms : 0.90;-0.40;-0.25;-1.46;-0.43;0.79
45145.00ms : 0.91;-0.40;-0.25;-2.08;-0.49;0.55
45165.00ms : 0.90;-0.40;-0.25;-2.20;-0.18;0.55
45185.00ms : 0.91;-0.39;-0.25;-1.65;0.00;0.79
45205.00ms : 0.91;-0.40;-0.26;-1.83;0.12;0.98
45225.00ms : 0.90;-0.42;-0.25;-3.60;-0.49;0.67
45245.00ms : 0.90;-0.43;-0.26;-3.36;-0.49;0.73
45265.00ms : 0.90;-0.42;-0.25;-4.15;0.00;0.43
45285.00ms : 0.90;-0.40;-0.25;-4.09;-0.37;0.24
45305.00ms : 0.90;-0.39;-0.24;-2.75;-0.67;0.49
45325.00ms : 0.91;-0.38;-0.25;-1.65;-0.85;1.10
45345.00ms : 0.91;-0.38;-0.25;-0.43;-1.10;1.53
45365.00ms : 0.90;-0.40;-0.25;0.24;-0.79;1.22
45385.00ms : 0.90;-0.41;-0.25;-0.49;-0.85;0.85
45405.00ms : 0.91;-0.39;-0.25;-0.24;-1.46;1.04
45425.00ms : 0.91;-0.39;-0.25;0.73;-1.16;1.34
45445.00ms : 0.91;-0.40;-0.25;0.67;-0.73;0.98
45465.00ms : 0.91;-0.40;-0.25;0.12;-0.73;1.04
45485.00ms : 0.91;-0.40;-0.25;0.31;-1.16;0.79
45505.00ms : 0.91;-0.40;-0.26;0.49;-1.34;1.10
45525.00ms : 0.90;-0.40;-0.24;0.79;-0.79;0.73
45545.00ms : 0.91;-0.39;-0.25;0.61;-0.98;0.55
45565.00ms : 0.91;-0.39;-0.26;1.40;-0.85;1.16
45585.00ms : 0.90;-0.41;-0.26;0.31;-1.10;1.40
45605.00ms : 0.90;-0.42;-0.26;-1.53;-0.24;0.73
45625.00ms : 0.91;-0.41;-0.25;-2.75;-0.73;-0.49
45645.00ms : 0.91;-0.40;-0.27;-3.72;-0.49;-0.18
45665.00ms : 0.90;-0.42;-0.25;-4.09;-1.10;0.37
45685.00ms : 0.90;-0.38;-0.26;-2.56;-1.53;-0.61
45705.00ms : 0.91;-0.38;-0.24;-2.26;-0.24;-0.55
45725.00ms : 0.91;-0.37;-0.26;-2.81;-0.43;-0.79
45745.00ms : 0.91;-0.38;-0.25;-2.08;0.06;-0.18
45765.00ms : 0.91;-0.38;-0.25;-0.92;-0.98;-0.18
45785.00ms : 0.90;-0.41;-0.25;0.49;-0.73;0.00
45805.00ms : 0.90;-0.39;-0.25;1.34;-1.28;-0.61
45825.00ms : 0.91;-0.40;-0.25;2.01;-1.22;-0.12
45845.00ms : 0.91;-0.40;-0.25;2.62;-1.95;0.18
45865.00ms : 0.90;-0.40;-0.26;2.32;-1.40;0.31
45885.00ms : 0.90;-0.40;-0.26;1.65;-1.16;-0.31
45905.00ms : 0.90;-0.40;-0.26;1.22;-1.40;-0.24
45925.00ms : 0.90;-0.41;-0.25;2.01;-1.71;-0.06
45945.00ms : 0.91;-0.40;-0.25;2.38;-1.89;-0.24
45965.00ms : 0.90;-0.41;-0.25;1.46;-0.79;-0.73
45985.00ms : 0.91;-0.39;-0.26;0.00;-1.16;-0.98
46005.00ms : 0.91;-0.40;-0.26;-0.06;-1.10;-0.18
46025.00ms : 0.90;-0.42;-0.25;0.37;-1.40;-0.49
46045.00ms : 0.90;-0.43;-0.26;-0.67;-1.10;-0.92
46065.00ms : 0.90;-0.41;-0.25;-1.89;-0.92;-0.92
46085.00ms : 0.91;-0.39;-0.25;-1.65;-1.28;-1.16
46105.00ms : 0.91;-0.39;-0.26;-0.31;-1.59;-0.06
46125.00ms : 0.90;-0.42;-0.25;0.12;-1.22;-0.06
46145.00ms : 0.90;-0.40;-0.25;0.12;-1.89;0.06
46165.00ms : 0.90;-0.41;-0.25;0.61;-1.59;-0.06
46185.00ms : 0.90;-0.39;-0.25;1.28;-1.53;-0.31
46205.00ms : 0.90;-0.40;-0.26;1.16;-1.28;0.12
46225.00ms : 0.90;-0.41;-0.25;0.73;-0.85;0.18
46245.00ms : 0.90;-0.41;-0.25;0.55;-1.22;0.00
46265.00ms : 0.90;-0.41;-0.26;0.92;-1.34;0.06
46285.00ms : 0.91;-0.42;-0.26;0.49;-0.98;0.49
46305.00ms : 0.89;-0.43;-0.26;-0.61;-1.28;0.43
46325.00ms : 0.90;-0.43;-0.25;-1.65;-1.10;-0.12
46345.00ms : 0.90;-0.40;-0.26;-1.59;-0.85;-0.43
46365.00ms : 0.91;-0.39;-0.26;-0.79;-1.04;0.49
46385.00ms : 0.90;-0.40;-0.25;-0.06;-1.22;1.04
46405.00ms : 0.90;-0.40;-0.24;0.61;-1.04;0.06
46425.00ms : 0.90;-0.39;-0.25;0.73;-1.16;0.12
46445.00ms : 0.90;-0.39;-0.26;0.61;-0.67;0.37
46465.00ms : 0.91;-0.41;-0.25;-0.24;-1.04;0.73
46485.00ms : 0.90;-0.43;-0.26;-0.98;-0.98;0.49
46505.00ms : 0.90;-0.44;-0.25;-2.50;-0.31;0.18
46525.00ms : 0.90;-0.42;-0.25;-3.91;-0.37;-0.85
46545.00ms : 0.90;-0.40;-0.26;-3.85;-0.06;-0.18
46565.00ms : 0.90;-0.41;-0.25;-3.05;-0.31;0.18
46585.00ms : 0.90;-0.41;-0.26;-2.38;-0.79;0.06
46605.00ms : 0.90;-0.41;-0.25;-2.44;-0.49;0.06
46625.00ms : 0.90;-0.39;-0.26;-1.95;-0.92;0.06
46645.00ms : 0.90;-0.39;-0.25;-0.73;-0.85;0.61
46665.00ms : 0.91;-0.38;-0.26;0.61;-1.46;0.61
46685.00ms : 0.90;-0.41;-0.25;0.85;-1.34;0.49
46705.00ms : 0.90;-0.42;-0.26;-0.06;-1.04;0.31
46725.00ms : 0.91;-0.41;-0.26;-0.43;-1.53;-0.12
46745.00ms : 0.90;-0.41;-0.26;-0.18;-1.53;-0.31
46765.00ms : 0.90;-0.40;-0.25;0.00;-1.28;0.12
46785.00ms : 0.90;-0.41;-0.24;-0.37;-1.22;0.00
46805.00ms : 0.90;-0.40;-0.26;-0.49;-1.10;0.43
46825.00ms : 0.90;-0.41;-0.26;0.18;-1.10;0.43
46845.00ms : 0.90;-0.40;-0.26;1.16;-1.34;0.43
46865.00ms : 0.90;-0.40;-0.26;0.85;-0.98;0.24
46885.00ms : 0.90;-0.41;-0.26;-0.12;-0.61;0.43
46905.00ms : 0.90;-0.42;-0.25;-0.79;-0.98;0.61
46925.00ms : 0.91;-0.42;-0.26;-0.98;-0.92;0.55
46945.00ms : 0.90;-0.41;-0.25;-1.10;-0.49;0.24
46965.00ms : 0.90;-0.40;-0.25;-1.95;-0.18;0.18
46985.00ms : 0.91;-0.39;-0.26;-2.32;-0.31;0.31
47005.00ms : 0.90;-0.41;-0.26;-1.65;-0.06;0.67
47025.00ms : 0.90;-0.41;-0.25;-1.65;-0.18;0.43
47045.00ms : 0.90;-0.40;-0.26;-2.08;-0.18;-0.24
47065.00ms : 0.90;-0.40;-0.26;-1.95;0.12;0.12
47085.00ms : 0.91;-0.40;-0.26;-2.01;0.24;0.06
47105.00ms : 0.90;-0.42;-0.26;-2.93;0.37;0.12
47125.00ms : 0.90;-0.42;-0.26;-3.85;0.18;0.18
47145.00ms : 0.90;-0.42;-0.27;-4.15;0.18;0.31
47165.00ms : 0.90;-0.42;-0.25;-3.66;0.00;0.00
47185.00ms : 0.90;-0.41;-0.25;-3.60;0.00;-0.12
47205.00ms : 0.91;-0.38;-0.25;-3.05;-0.24;0.12
47225.00ms : 0.91;-0.40;-0.26;-2.20;-0.31;1.10
47245.00ms : 0.90;-0.42;-0.26;-1.71;-0.49;0.85
47265.00ms : 0.90;-0.42;-0.26;-1.83;-0.85;0.18
47285.00ms : 0.90;-0.40;-0.26;-1.34;-1.10;0.31
47305.00ms : 0.91;-0.40;-0.26;-1.04;-1.04;0.73
47325.00ms : 0.91;-0.40;-0.26;-0.85;-1.46;1.04
47345.00ms : 0.90;-0.40;-0.26;-0.18;-1.71;1.16
47365.00ms : 0.90;-0.40;-0.25;0.37;-1.53;0.79
47385.00ms : 0.91;-0.40;-0.25;1.10;-2.01;0.49
47405.00ms : 0.91;-0.39;-0.26;1.77;-1.83;0.85
47425.00ms : 0.90;-0.41;-0.26;1.83;-2.14;1.22
47445.00ms : 0.90;-0.41;-0.25;1.28;-2.01;1.04
47465.00ms : 0.90;-0.42;-0.26;0.85;-1.77;0.67
47485.00ms : 0.90;-0.41;-0.26;0.85;-2.08;0.79
47505.00ms : 0.91;-0.39;-0.26;1.53;-2.38;1.04
47525.00ms : 0.90;-0.41;-0.25;1.40;-1.89;1.53
47545.00ms : 0.90;-0.41;-0.26;0.98;-1.65;0.92
47565.00ms : 0.90;-0.41;-0.26;0.37;-1.83;0.85
47585.00ms : 0.90;-0.41;-0.26;0.31;-2.14;1.22
47605.00ms : 0.90;-0.42;-0.25;-0.31;-1.77;1.10
47625.00ms : 0.90;-0.40;-0.26;-0.61;-1.34;0.79
47645.00ms : 0.91;-0.39;-0.26;-1.22;-1.28;0.98
47665.00ms : 0.90;-0.40;-0.26;-0.98;-1.04;0.98
47685.00ms : 0.90;-0.40;-0.25;-0.98;-1.10;0.92
47705.00ms : 0.90;-0.41;-0.25;-0.73;-1.22;1.34
47725.00ms : 0.91;-0.41;-0.26;-0.18;-1.71;1.40
47745.00ms : 0.90;-0.40;-0.25;0.49;-1.34;1.28
47765.00ms : 0.91;-0.40;-0.26;0.12;-1.65;1.34
47785.00ms : 0.91;-0.40;-0.25;0.31;-1.28;1.59
47805.00ms : 0.90;-0.40;-0.25;0.24;-1.34;1.46
47825.00ms : 0.91;-0.39;-0.25;0.61;-1.53;0.98
47845.00ms : 0.91;-0.39;-0.25;1.34;-1.59;1.22
47865.00ms : 0.91;-0.40;-0.24;1.83;-1.77;1.34
47885.00ms : 0.90;-0.39;-0.25;2.14;-1.16;0.73
47905.00ms : 0.90;-0.41;-0.25;1.28;-1.16;0.85
47925.00ms : 0.90;-0.41;-0.27;0.37;-1.40;1.04
47945.00ms : 0.90;-0.42;-0.25;-0.06;-1.34;1.04
47965.00ms : 0.90;-0.42;-0.25;-0.12;-1.59;1.46
47985.00ms : 0.90;-0.41;-0.26;-0.12;-1.22;1.16
48005.00ms : 0.91;-0.39;-0.26;0.43;-1.40;1.10
48025.00ms : 0.91;-0.38;-0.25;1.46;-1.40;0.98
48045.00ms : 0.91;-0.40;-0.25;1.89;-1.53;1.59
48065.00ms : 0.90;-0.40;-0.25;1.40;-1.34;1.10
48085.00ms : 0.90;-0.40;-0.25;0.98;-1.04;0.67
48105.00ms : 0.91;-0.40;-0.25;0.24;-0.92;0.61
48125.00ms : 0.90;-0.39;-0.25;-0.55;-0.55;0.37
48145.00ms : 0.91;-0.39;-0.26;0.00;-0.49;0.49
48165.00ms : 0.91;-0.39;-0.26;0.06;-0.67;0.24
48185.00ms : 0.90;-0.40;-0.26;0.18;-0.61;0.37
48205.00ms : 0.90;-0.41;-0.25;0.00;-0.73;0.00
48225.00ms : 0.90;-0.40;-0.26;0.12;-0.79;0.43
48245.00ms : 0.90;-0.40;-0.25;0.55;-0.85;0.24
48265.00ms : 0.91;-0.41;-0.26;0.49;-0.49;0.37
48285.00ms : 0.90;-0.43;-0.26;-1.10;-0.43;0.31
48305.00ms : 0.91;-0.42;-0.26;-2.26;-0.61;0.12
48325.00ms : 0.90;-0.41;-0.26;-2.56;-0.31;-0.18
48345.00ms : 0.91;-0.39;-0.26;-3.11;-0.43;-0.55
48365.00ms : 0.91;-0.38;-0.26;-3.17;-0.31;-0.49
48385.00ms : 0.91;-0.39;-0.25;-2.87;-0.24;-0.06
