311535.00ms : 0.92;-0.39;-0.32;-8.97;1.04;0.12
311554.00ms : 0.93;-0.39;-0.34;-8.48;0.85;-0.18
311574.00ms : 0.94;-0.36;-0.32;-7.02;-0.24;-1.04
311594.00ms : 0.92;-0.37;-0.31;-6.35;0.06;-2.14
311614.00ms : 0.93;-0.40;-0.32;-5.92;-0.61;-0.92
311634.00ms : 0.92;-0.40;-0.33;-6.35;-0.18;-1.89
311654.00ms : 0.91;-0.40;-0.32;-6.65;-0.06;-1.16
311674.00ms : 0.96;-0.45;-0.28;-7.57;1.46;0.73
311694.00ms : 0.94;-0.38;-0.29;-10.86;0.61;-0.85
311714.00ms : 0.91;-0.39;-0.35;-11.35;2.44;2.44
311734.00ms : 0.93;-0.40;-0.32;-10.19;0.18;4.46
311754.00ms : 0.89;-0.40;-0.31;-7.39;0.12;3.66
311774.00ms : 0.92;-0.38;-0.32;-7.87;0.73;0.24
311794.00ms : 0.95;-0.36;-0.32;-9.77;-0.18;1.77
311814.00ms : 0.94;-0.37;-0.31;-9.95;-3.78;5.86
311834.00ms : 0.95;-0.36;-0.37;-6.65;-0.49;-0.92
311854.00ms : 0.94;-0.31;-0.32;-2.08;-2.56;1.10
311874.00ms : 0.92;-0.34;-0.30;0.12;-3.72;4.82
311894.00ms : 0.87;-0.42;-0.35;-4.33;-1.59;3.66
311914.00ms : 0.92;-0.44;-0.33;-9.03;0.18;-0.79
311934.00ms : 0.93;-0.40;-0.33;-12.51;-0.73;0.00
311954.00ms : 0.93;-0.36;-0.33;-9.09;-1.22;-0.98
311974.00ms : 0.94;-0.35;-0.31;-7.02;-2.01;-2.56
311994.00ms : 0.94;-0.32;-0.29;-7.32;-1.53;-3.36
312014.00ms : 0.97;-0.26;-0.29;-6.16;-1.95;-3.54
312034.00ms : 0.97;-0.26;-0.28;-1.10;-3.11;-4.64
312054.00ms : 0.95;-0.28;-0.28;3.36;-5.37;-4.09
312074.00ms : 0.92;-0.30;-0.28;6.16;-5.62;-5.43
312094.00ms : 0.94;-0.30;-0.29;7.81;-6.71;-3.54
312114.00ms : 0.90;-0.40;-0.30;10.07;-6.47;-0.49
312134.00ms : 0.85;-0.49;-0.31;9.52;-3.54;-3.91
312154.00ms : 0.89;-0.49;-0.32;5.74;-3.60;-8.18
312174.00ms : 0.91;-0.41;-0.30;5.43;-1.71;-9.09
312194.00ms : 0.92;-0.35;-0.25;7.63;-1.22;-7.93
312214.00ms : 0.91;-0.37;-0.27;10.13;-1.89;-3.60
312234.00ms : 0.88;-0.49;-0.30;8.67;0.92;-5.37
312254.00ms : 0.87;-0.48;-0.30;2.81;1.77;-10.01
312274.00ms : 0.91;-0.39;-0.30;0.85;3.23;-12.39
312294.00ms : 0.93;-0.34;-0.27;5.00;2.93;-10.62
312314.00ms : 0.92;-0.34;-0.27;8.67;2.26;-6.23
312334.00ms : 0.91;-0.40;-0.29;8.06;2.56;-6.47
312354.00ms : 0.91;-0.39;-0.31;6.29;4.15;-14.65
312374.00ms : 0.92;-0.35;-0.35;4.33;3.72;-12.08
312394.00ms : 0.89;-0.43;-0.33;6.71;6.10;-11.23
312414.00ms : 0.88;-0.40;-0.27;7.81;7.57;-15.81
312434.00ms : 0.92;-0.39;-0.30;5.92;8.24;-22.22
312454.00ms : 0.95;-0.35;-0.39;1.95;6.10;-18.49
312474.00ms : 0.91;-0.45;-0.41;5.43;7.69;-11.90
312494.00ms : 0.86;-0.51;-0.35;8.79;8.73;-13.31
312514.00ms : 0.89;-0.52;-0.32;7.39;2.20;-17.64
312534.00ms : 0.88;-0.44;-0.38;2.81;-1.10;-13.12
312554.00ms : 0.90;-0.54;-0.42;2.44;1.83;-7.81
312574.00ms : 0.89;-0.57;-0.40;6.29;1.16;-11.35
312594.00ms : 0.87;-0.53;-0.37;7.75;-0.43;-11.23
312614.00ms : 0.88;-0.55;-0.39;6.04;-3.85;-8.48
312634.00ms : 0.87;-0.60;-0.40;2.69;-3.42;-7.32
312654.00ms : 0.89;-0.60;-0.40;0.12;-4.46;-7.39
312674.00ms : 0.89;-0.63;-0.43;-1.34;-5.98;-5.13
312694.00ms : 0.87;-0.69;-0.42;-2.14;-7.69;-2.44
312714.00ms : 0.86;-0.75;-0.41;-3.97;-9.64;1.04
312734.00ms : 0.86;-0.71;-0.37;-4.09;-13.12;-1.46
312754.00ms : 0.91;-0.66;-0.38;-4.09;-17.40;1.16
312774.00ms : 0.92;-0.67;-0.32;-2.26;-18.19;5.00
312794.00ms : 0.93;-0.62;-0.26;-3.05;-20.14;8.18
312814.00ms : 0.98;-0.59;-0.21;-3.42;-20.02;9.40
312834.00ms : 1.01;-0.54;-0.18;-3.54;-21.00;10.01
312854.00ms : 0.96;-0.56;-0.17;-3.85;-20.02;11.96
312874.00ms : 0.93;-0.50;-0.14;-11.29;-17.64;13.12
312894.00ms : 0.92;-0.48;-0.15;-20.57;-23.56;11.90
312914.00ms : 0.85;-0.38;-0.19;-23.07;-27.04;10.50
312934.00ms : 0.85;-0.36;-0.14;-14.95;-31.37;4.76
312954.00ms : 0.84;-0.32;-0.10;-2.14;-41.14;-2.93
312974.00ms : 0.75;-0.50;-0.09;13.49;-40.95;-15.93
312994.00ms : 0.68;-0.78;0.04;14.77;-41.26;-33.75
313014.00ms : 0.70;-0.72;-0.02;-8.00;-52.19;-38.57
313034.00ms : 0.73;-0.62;-0.06;-21.18;-54.99;-40.22
313054.00ms : 0.75;-0.65;0.02;-25.88;-55.11;-40.28
313074.00ms : 0.79;-0.57;0.04;-32.23;-58.41;-42.91
313094.00ms : 0.82;-0.52;-0.04;-33.39;-62.38;-41.69
313114.00ms : 0.82;-0.69;-0.04;-30.52;-64.64;-43.33
313134.00ms : 0.78;-0.78;-0.04;-38.15;-63.42;-48.52
313154.00ms : 0.76;-0.81;-0.04;-49.56;-60.42;-53.83
313174.00ms : 0.79;-0.75;-0.05;-55.30;-57.31;-53.89
313194.00ms : 0.79;-0.71;-0.06;-49.68;-60.91;-50.72
313214.00ms : 0.78;-0.72;-0.03;-40.71;-63.17;-53.41
313234.00ms : 0.79;-0.71;0.00;-34.61;-67.08;-58.72
313254.00ms : 0.78;-0.66;-0.00;-27.40;-68.54;-61.71
313274.00ms : 0.75;-0.66;-0.00;-17.70;-71.11;-63.60
313294.00ms : 0.69;-0.69;0.06;-7.39;-69.76;-69.34
313314.00ms : 0.68;-0.70;0.05;-4.88;-67.57;-72.39
313334.00ms : 0.65;-0.75;0.06;-5.68;-62.19;-77.64
313354.00ms : 0.64;-0.71;0.07;-6.77;-60.91;-79.04
313374.00ms : 0.63;-0.66;0.12;-0.98;-62.38;-77.58
313394.00ms : 0.58;-0.70;0.12;6.04;-61.65;-77.27
313414.00ms : 0.52;-0.69;0.13;8.73;-59.45;-78.74
313434.00ms : 0.50;-0.70;0.13;9.83;-59.02;-75.01
313454.00ms : 0.48;-0.73;0.15;12.08;-59.14;-73.85
313474.00ms : 0.50;-0.75;0.20;12.51;-58.72;-71.66
313494.00ms : 0.47;-0.73;0.19;13.98;-57.13;-68.24
313514.00ms : 0.41;-0.75;0.16;12.88;-54.81;-62.13
313534.00ms : 0.37;-0.74;0.23;10.80;-52.73;-60.67
313554.00ms : 0.34;-0.76;0.21;5.86;-49.74;-58.72
313574.00ms : 0.31;-0.80;0.18;-4.64;-42.91;-58.47
313594.00ms : 0.26;-0.82;0.20;-20.87;-34.97;-60.36
313614.00ms : 0.25;-0.77;0.23;-36.25;-31.01;-62.56
313634.00ms : 0.25;-0.73;0.21;-45.23;-28.20;-62.68
313654.00ms : 0.21;-0.74;0.19;-52.86;-23.56;-58.29
313674.00ms : 0.17;-0.80;0.20;-64.82;-18.07;-57.62
313694.00ms : 0.17;-0.76;0.24;-76.42;-18.98;-60.18
313714.00ms : 0.17;-0.66;0.28;-76.90;-22.16;-59.51
313734.00ms : 0.16;-0.59;0.27;-68.36;-28.02;-53.65
313754.00ms : 0.12;-0.60;0.25;-57.01;-30.40;-47.00
313774.00ms : 0.09;-0.61;0.29;-49.13;-33.08;-44.31
313794.00ms : 0.08;-0.64;0.29;-45.04;-34.42;-44.92
313814.00ms : 0.07;-0.62;0.28;-45.04;-34.97;-45.10
313834.00ms : 0.02;-0.59;0.30;-44.01;-34.55;-44.68
313854.00ms : -0.01;-0.53;0.31;-42.85;-34.36;-44.92
313874.00ms : -0.02;-0.50;0.29;-41.26;-34.36;-45.10
313894.00ms : -0.04;-0.50;0.27;-39.55;-31.13;-42.54
313914.00ms : -0.06;-0.53;0.28;-40.65;-26.79;-41.02
313934.00ms : -0.07;-0.51;0.30;-41.63;-24.96;-42.85
313954.00ms : -0.10;-0.48;0.33;-39.61;-24.90;-43.82
313974.00ms : -0.10;-0.44;0.31;-34.06;-26.92;-42.66
313994.00ms : -0.14;-0.46;0.30;-28.99;-24.29;-39.31
314014.00ms : -0.17;-0.48;0.32;-28.56;-21.30;-37.96
314034.00ms : -0.15;-0.45;0.32;-26.86;-21.00;-38.09
314054.00ms : -0.15;-0.42;0.35;-20.69;-21.73;-36.01
314074.00ms : -0.16;-0.37;0.37;-14.83;-22.40;-32.53
314094.00ms : -0.18;-0.42;0.33;-8.91;-22.03;-31.49
314114.00ms : -0.19;-0.49;0.34;-7.26;-21.61;-32.41
314134.00ms : -0.22;-0.45;0.39;-5.98;-21.91;-31.07
314154.00ms : -0.25;-0.43;0.42;-2.81;-24.23;-29.17
314174.00ms : -0.24;-0.46;0.39;2.08;-28.50;-26.31
314194.00ms : -0.27;-0.48;0.43;5.98;-28.93;-26.00
314214.00ms : -0.30;-0.45;0.42;8.61;-30.88;-22.22
314234.00ms : -0.31;-0.45;0.40;12.27;-31.43;-19.35
314254.00ms : -0.31;-0.54;0.44;10.44;-31.74;-19.71
314274.00ms : -0.31;-0.50;0.43;4.46;-33.02;-21.00
314294.00ms : -0.34;-0.50;0.39;2.62;-31.25;-19.59
314314.00ms : -0.36;-0.48;0.40;-2.50;-29.91;-20.39
314334.00ms : -0.36;-0.47;0.35;-9.28;-27.71;-23.38
314354.00ms : -0.35;-0.49;0.35;-15.63;-24.17;-24.78
314374.00ms : -0.37;-0.46;0.36;-22.40;-21.12;-23.80
314394.00ms : -0.39;-0.42;0.38;-26.00;-20.26;-23.13
314414.00ms : -0.40;-0.38;0.34;-27.16;-20.39;-23.80
314434.00ms : -0.39;-0.42;0.33;-27.10;-18.92;-24.17
314454.00ms : -0.40;-0.37;0.36;-27.47;-19.17;-23.13
314474.00ms : -0.40;-0.31;0.35;-24.84;-20.08;-21.85
314494.00ms : -0.39;-0.25;0.35;-19.96;-21.12;-20.14
314514.00ms : -0.38;-0.31;0.33;-14.16;-22.52;-18.19
314534.00ms : -0.42;-0.29;0.29;-10.80;-20.81;-14.65
314554.00ms : -0.44;-0.31;0.31;-10.19;-17.64;-11.54
314574.00ms : -0.44;-0.27;0.31;-10.99;-18.01;-10.99
314594.00ms : -0.43;-0.26;0.31;-8.79;-17.94;-11.29
314614.00ms : -0.46;-0.27;0.31;-6.41;-14.16;-9.28
314634.00ms : -0.47;-0.29;0.32;-7.32;-10.44;-8.85
314654.00ms : -0.45;-0.27;0.32;-7.69;-10.68;-8.00
314674.00ms : -0.46;-0.24;0.34;-4.09;-11.90;-5.55
314694.00ms : -0.49;-0.26;0.29;1.77;-10.56;-2.08
314714.00ms : -0.48;-0.30;0.31;3.91;-9.40;-2.69
314734.00ms : -0.46;-0.24;0.31;6.96;-11.11;0.00
314754.00ms : -0.49;-0.29;0.32;9.16;-8.85;3.23
314774.00ms : -0.52;-0.28;0.32;4.52;-4.82;2.01
314794.00ms : -0.48;-0.25;0.27;1.71;-3.66;1.71
314814.00ms : -0.49;-0.34;0.30;2.14;-1.59;4.64
314834.00ms : -0.53;-0.30;0.29;0.49;0.37;5.25
314854.00ms : -0.50;-0.25;0.27;3.11;1.28;3.36
314874.00ms : -0.46;-0.33;0.25;5.68;3.48;3.23
314894.00ms : -0.50;-0.43;0.28;2.08;5.98;8.61
314914.00ms : -0.53;-0.35;0.32;-0.67;5.98;8.91
314934.00ms : -0.52;-0.25;0.29;-0.61;6.53;8.54
314954.00ms : -0.46;-0.33;0.29;2.38;7.39;9.95
314974.00ms : -0.46;-0.43;0.33;3.05;7.39;13.49
314994.00ms : -0.51;-0.34;0.35;1.95;7.93;13.79
315014.00ms : -0.50;-0.28;0.37;3.97;6.10;12.82
315034.00ms : -0.47;-0.32;0.33;7.45;5.13;11.66
315054.00ms : -0.46;-0.46;0.34;8.30;6.10;15.50
315074.00ms : -0.50;-0.41;0.34;3.97;7.51;14.71
315094.00ms : -0.49;-0.31;0.34;2.93;7.81;13.37
315114.00ms : -0.46;-0.31;0.28;4.15;7.75;13.55
315134.00ms : -0.44;-0.42;0.29;5.25;9.70;16.24
315154.00ms : -0.44;-0.37;0.30;4.46;10.80;15.63
315174.00ms : -0.41;-0.27;0.28;10.07;10.07;15.56
315194.00ms : -0.37;-0.27;0.24;17.46;9.03;18.49
315214.00ms : -0.39;-0.38;0.23;23.01;11.29;21.61
315234.00ms : -0.43;-0.40;0.24;22.77;13.61;23.80
315254.00ms : -0.43;-0.36;0.26;22.34;16.30;25.51
315274.00ms : -0.39;-0.38;0.25;21.73;19.17;26.86
315294.00ms : -0.38;-0.42;0.28;19.96;23.07;29.85
315314.00ms : -0.38;-0.44;0.29;17.33;26.98;31.74
315334.00ms : -0.39;-0.42;0.34;14.28;30.33;32.84
315354.00ms : -0.36;-0.46;0.33;10.86;30.33;33.75
315374.00ms : -0.34;-0.50;0.36;7.32;29.60;34.36
315394.00ms : -0.34;-0.48;0.36;5.74;28.32;33.51
315414.00ms : -0.32;-0.47;0.37;9.70;28.08;31.56
315434.00ms : -0.31;-0.49;0.38;13.00;27.34;31.74
315454.00ms : -0.30;-0.55;0.39;14.28;27.04;30.76
315474.00ms : -0.29;-0.52;0.38;14.40;24.96;29.60
315494.00ms : -0.27;-0.51;0.35;17.64;24.35;29.36
315514.00ms : -0.26;-0.53;0.37;20.69;26.00;29.24
315534.00ms : -0.25;-0.55;0.36;19.53;26.73;29.05
315554.00ms : -0.21;-0.56;0.35;18.25;25.15;27.89
315574.00ms : -0.18;-0.54;0.32;17.88;23.50;27.40
315594.00ms : -0.17;-0.53;0.32;21.36;24.23;30.09
315614.00ms : -0.16;-0.55;0.33;22.58;26.37;31.07
315634.00ms : -0.14;-0.55;0.33;21.79;27.22;31.43
315654.00ms : -0.11;-0.60;0.28;20.94;27.59;33.33
315674.00ms : -0.10;-0.64;0.31;18.62;30.58;34.91
315694.00ms : -0.09;-0.60;0.32;14.40;32.84;32.65
315714.00ms : -0.07;-0.56;0.32;14.34;31.68;32.96
315734.00ms : -0.06;-0.63;0.33;15.20;31.68;34.36
315754.00ms : -0.05;-0.65;0.33;15.93;32.71;32.96
315774.00ms : -0.03;-0.59;0.35;19.71;31.19;31.80
315794.00ms : -0.01;-0.56;0.37;25.76;28.38;33.26
315814.00ms : 0.01;-0.62;0.36;31.92;26.25;36.13
315834.00ms : 0.02;-0.71;0.34;31.68;26.12;36.50
315854.00ms : 0.01;-0.70;0.36;28.32;26.06;35.64
315874.00ms : 0.03;-0.67;0.36;25.21;24.41;34.55
315894.00ms : 0.05;-0.68;0.34;23.56;22.89;36.01
315914.00ms : 0.07;-0.71;0.30;21.61;23.25;36.38
315934.00ms : 0.08;-0.69;0.30;19.71;25.15;36.25
315954.00ms : 0.11;-0.67;0.29;18.31;26.06;35.77
315974.00ms : 0.12;-0.68;0.29;18.07;24.23;37.35
315994.00ms : 0.13;-0.71;0.25;17.76;23.38;39.37
316014.00ms : 0.16;-0.70;0.24;19.90;24.84;39.49
316034.00ms : 0.16;-0.67;0.25;21.55;27.16;40.41
316054.00ms : 0.18;-0.67;0.26;23.07;25.15;41.93
316074.00ms : 0.19;-0.72;0.26;25.21;23.19;41.32
316094.00ms : 0.21;-0.76;0.25;27.22;22.77;39.92
316114.00ms : 0.21;-0.76;0.25;26.92;24.41;40.65
316134.00ms : 0.20;-0.73;0.26;28.08;22.03;41.38
316154.00ms : 0.24;-0.72;0.25;31.92;17.46;41.26
316174.00ms : 0.26;-0.76;0.24;36.99;15.81;40.77
316194.00ms : 0.27;-0.77;0.23;37.72;15.99;40.34
316214.00ms : 0.27;-0.76;0.21;36.50;16.05;40.77
316234.00ms : 0.29;-0.76;0.23;35.28;16.17;40.47
316254.00ms : 0.32;-0.77;0.21;32.29;15.14;39.61
316274.00ms : 0.35;-0.79;0.17;29.30;14.47;40.34
316294.00ms : 0.35;-0.76;0.16;28.69;13.85;41.08
316314.00ms : 0.36;-0.77;0.14;29.17;14.71;42.24
316334.00ms : 0.36;-0.77;0.14;26.37;16.30;42.18
316354.00ms : 0.40;-0.75;0.12;24.78;15.69;40.10
316374.00ms : 0.41;-0.78;0.11;24.72;15.93;41.26
316394.00ms : 0.43;-0.77;0.09;23.56;16.91;44.19
316414.00ms : 0.44;-0.75;0.09;26.67;16.78;44.01
316434.00ms : 0.43;-0.77;0.07;27.47;17.40;44.92
316454.00ms : 0.46;-0.80;0.08;26.31;16.42;44.68
316474.00ms : 0.46;-0.81;0.08;25.27;15.56;44.98
316494.00ms : 0.49;-0.75;0.07;25.57;14.59;45.04
316514.00ms : 0.51;-0.79;0.06;27.71;13.73;45.35
316534.00ms : 0.50;-0.85;0.06;26.06;12.76;45.04
316554.00ms : 0.51;-0.80;0.05;23.68;9.89;44.19
316574.00ms : 0.53;-0.81;0.03;24.60;9.28;45.47
316594.00ms : 0.52;-0.85;0.04;22.77;11.23;42.11
316614.00ms : 0.52;-0.84;0.06;17.70;10.50;38.76
316634.00ms : 0.52;-0.79;0.07;14.89;8.61;36.38
316654.00ms : 0.54;-0.77;0.04;14.59;8.48;34.55
316674.00ms : 0.56;-0.82;0.03;13.79;8.97;32.29
316694.00ms : 0.57;-0.82;0.04;8.30;8.79;30.40
316714.00ms : 0.58;-0.77;0.02;5.80;7.63;29.54
316734.00ms : 0.60;-0.73;0.01;7.08;6.90;30.15
316754.00ms : 0.61;-0.71;-0.01;7.08;7.45;31.01
316774.00ms : 0.61;-0.75;-0.02;5.25;8.67;30.82
316794.00ms : 0.62;-0.74;-0.02;0.37;7.93;30.52
316814.00ms : 0.64;-0.68;-0.02;-2.26;8.30;30.58
316834.00ms : 0.66;-0.63;-0.05;-2.32;10.44;30.09
316854.00ms : 0.68;-0.65;-0.08;-0.24;12.21;30.70
316874.00ms : 0.66;-0.74;-0.08;-0.85;13.98;31.68
316894.00ms : 0.65;-0.71;-0.05;-4.94;12.57;31.98
316914.00ms : 0.68;-0.61;-0.06;-4.15;10.99;30.70
316934.00ms : 0.73;-0.53;-0.08;5.25;7.45;31.68
316954.00ms : 0.75;-0.55;-0.09;17.88;7.02;35.03
316974.00ms : 0.72;-0.66;-0.10;26.55;8.30;39.18
316994.00ms : 0.70;-0.70;-0.11;24.66;8.12;35.95
317014.00ms : 0.73;-0.65;-0.12;21.55;5.74;35.03
317034.00ms : 0.76;-0.58;-0.12;24.54;5.25;36.50
317054.00ms : 0.75;-0.58;-0.13;28.93;8.00;38.64
317074.00ms : 0.72;-0.67;-0.13;27.47;11.11;38.70
317094.00ms : 0.70;-0.71;-0.14;17.88;11.41;35.77
317114.00ms : 0.72;-0.68;-0.10;9.95;10.56;30.64
317134.00ms : 0.75;-0.58;-0.06;8.36;10.68;25.09
317154.00ms : 0.81;-0.55;-0.08;12.27;10.50;23.56
317174.00ms : 0.77;-0.62;-0.10;19.04;11.05;25.51
317194.00ms : 0.74;-0.67;-0.12;19.35;7.81;24.96
317214.00ms : 0.75;-0.67;-0.10;19.04;3.72;21.91
317234.00ms : 0.79;-0.61;-0.06;19.17;-0.24;19.41
317254.00ms : 0.79;-0.55;-0.07;22.83;-2.99;23.56
317274.00ms : 0.81;-0.59;-0.11;25.27;-3.60;23.99
317294.00ms : 0.81;-0.63;-0.11;24.78;-3.05;19.17
317314.00ms : 0.78;-0.63;-0.10;17.09;-0.31;13.06
317334.00ms : 0.78;-0.59;-0.09;8.30;1.22;8.73
317354.00ms : 0.83;-0.55;-0.14;4.15;1.28;10.62
317374.00ms : 0.81;-0.55;-0.16;6.71;1.95;16.05
317394.00ms : 0.81;-0.59;-0.20;5.92;2.50;16.78
317414.00ms : 0.82;-0.54;-0.16;5.68;0.06;12.08
317434.00ms : 0.83;-0.46;-0.15;7.32;-2.38;11.78
317454.00ms : 0.87;-0.45;-0.23;14.10;-4.46;18.55
317474.00ms : 0.79;-0.52;-0.22;22.58;-2.75;23.68
317494.00ms : 0.79;-0.59;-0.22;18.25;1.28;21.36
317514.00ms : 0.81;-0.55;-0.22;8.79;2.87;16.85
317534.00ms : 0.85;-0.53;-0.21;1.46;4.39;16.78
317554.00ms : 0.85;-0.48;-0.21;1.22;4.03;17.94
317574.00ms : 0.81;-0.51;-0.22;6.90;3.97;19.84
317594.00ms : 0.81;-0.55;-0.18;6.77;6.23;20.26
317614.00ms : 0.81;-0.59;-0.16;3.30;9.03;17.03
317634.00ms : 0.82;-0.57;-0.16;-2.93;8.24;16.05
317654.00ms : 0.82;-0.54;-0.13;-4.64;5.43;13.79
317674.00ms : 0.82;-0.56;-0.15;-5.62;4.33;9.34
317694.00ms : 0.85;-0.51;-0.17;-9.58;4.70;6.59
317714.00ms : 0.88;-0.52;-0.18;-9.58;7.51;8.00
317734.00ms : 0.88;-0.54;-0.19;-12.02;10.80;8.24
317754.00ms : 0.86;-0.53;-0.22;-14.89;12.21;6.53
317774.00ms : 0.84;-0.47;-0.18;-24.35;14.53;7.75
317794.00ms : 0.85;-0.50;-0.21;-30.40;19.17;5.31
317814.00ms : 0.90;-0.46;-0.25;-35.64;21.00;4.46
317834.00ms : 0.87;-0.45;-0.24;-28.20;22.52;2.14
317854.00ms : 0.82;-0.48;-0.25;-20.81;23.80;-0.37
317874.00ms : 0.79;-0.51;-0.23;-20.39;24.66;-0.06
317894.00ms : 0.77;-0.61;-0.20;-23.38;30.15;-4.94
317914.00ms : 0.78;-0.67;-0.20;-34.24;32.04;-17.82
317934.00ms : 0.84;-0.53;-0.25;-42.24;25.21;-17.76
317954.00ms : 0.83;-0.49;-0.24;-38.21;24.23;-11.72
317974.00ms : 0.88;-0.51;-0.19;-34.55;23.19;-6.10
317994.00ms : 0.91;-0.39;-0.19;-30.21;18.07;-1.95
318014.00ms : 0.95;-0.31;-0.27;-23.25;16.05;3.66
318034.00ms : 0.96;-0.37;-0.27;-13.06;14.22;2.75
318054.00ms : 0.88;-0.45;-0.23;-7.08;14.16;2.20
318074.00ms : 0.84;-0.48;-0.25;-8.61;13.12;0.98
318094.00ms : 0.84;-0.48;-0.24;-8.91;10.50;1.77
318114.00ms : 0.85;-0.50;-0.23;-7.69;7.02;0.61
318134.00ms : 0.89;-0.51;-0.25;-5.19;0.12;0.12
318154.00ms : 0.87;-0.48;-0.26;0.43;-1.04;3.23
318174.00ms : 0.85;-0.49;-0.22;2.38;0.98;3.97
318194.00ms : 0.92;-0.44;-0.22;-0.61;-1.65;3.72
318214.00ms : 0.93;-0.39;-0.24;-0.37;-1.95;4.94
318234.00ms : 0.91;-0.39;-0.22;3.85;-1.22;6.23
318254.00ms : 0.89;-0.40;-0.23;5.92;-1.34;8.12
318274.00ms : 0.90;-0.43;-0.25;5.68;-1.89;7.63
318294.00ms : 0.89;-0.43;-0.29;4.46;-1.40;8.12
318314.00ms : 0.87;-0.47;-0.27;3.85;-0.06;6.84
318334.00ms : 0.90;-0.47;-0.27;1.77;-0.18;4.39
318354.00ms : 0.89;-0.47;-0.26;0.24;-0.37;3.91
318374.00ms : 0.88;-0.46;-0.28;-1.10;-0.18;3.17
318394.00ms : 0.90;-0.41;-0.28;-0.31;-0.85;1.46
318414.00ms : 0.92;-0.35;-0.25;3.17;-1.10;2.87
318434.00ms : 0.92;-0.37;-0.23;6.77;-1.10;5.37
318454.00ms : 0.88;-0.40;-0.21;7.93;0.00;5.00
318474.00ms : 0.89;-0.40;-0.21;7.32;0.31;2.26
318494.00ms : 0.88;-0.36;-0.21;6.71;1.10;0.67
318514.00ms : 0.91;-0.38;-0.24;4.94;0.85;1.59
318534.00ms : 0.90;-0.44;-0.29;2.69;2.26;3.91
318554.00ms : 0.86;-0.46;-0.27;0.61;5.43;1.16
318574.00ms : 0.89;-0.47;-0.26;-2.14;4.88;-0.43
318594.00ms : 0.86;-0.47;-0.24;-3.91;7.32;-2.44
318614.00ms : 0.88;-0.48;-0.26;-9.77;8.12;-2.81
318634.00ms : 0.90;-0.40;-0.26;-12.63;8.00;-3.60
318654.00ms : 0.92;-0.34;-0.26;-7.87;9.58;-2.93
318674.00ms : 0.92;-0.33;-0.26;2.93;10.80;-1.22
318694.00ms : 0.91;-0.42;-0.30;7.81;9.70;3.66
318714.00ms : 0.90;-0.49;-0.32;7.81;7.39;2.14
318734.00ms : 0.88;-0.43;-0.31;6.71;6.84;-3.11
318754.00ms : 0.91;-0.38;-0.29;2.08;9.46;-1.65
318774.00ms : 0.90;-0.44;-0.26;1.10;11.11;-5.55
318794.00ms : 0.92;-0.44;-0.35;-4.58;10.50;-5.37
318814.00ms : 0.91;-0.41;-0.36;-4.52;8.36;-4.76
318834.00ms : 0.93;-0.34;-0.34;2.99;6.84;-0.37
318854.00ms : 0.88;-0.39;-0.29;11.23;8.06;0.92
318874.00ms : 0.90;-0.47;-0.28;15.01;5.31;-3.91
318894.00ms : 0.93;-0.44;-0.37;7.57;1.89;-2.69
318914.00ms : 0.93;-0.40;-0.41;8.42;2.26;1.53
318934.00ms : 0.90;-0.39;-0.34;13.85;3.91;2.56
318954.00ms : 0.87;-0.47;-0.27;16.36;5.98;-1.65
318974.00ms : 0.89;-0.50;-0.27;8.48;4.70;-6.41
318994.00ms : 0.92;-0.48;-0.37;-0.98;3.54;-4.39
319014.00ms : 0.91;-0.46;-0.45;-3.23;5.55;0.85
319034.00ms : 0.87;-0.49;-0.34;4.52;9.77;0.61
319054.00ms : 0.88;-0.47;-0.31;7.32;4.64;-5.62
319074.00ms : 0.90;-0.47;-0.36;6.16;3.17;-3.48
319094.00ms : 0.92;-0.50;-0.40;4.39;5.13;-0.85
319114.00ms : 0.92;-0.49;-0.39;5.62;3.30;-2.50
319134.00ms : 0.90;-0.43;-0.37;8.61;2.20;-3.11
319154.00ms : 0.88;-0.47;-0.34;10.25;2.38;0.18
319174.00ms : 0.87;-0.58;-0.35;5.25;2.93;-1.16
319194.00ms : 0.92;-0.60;-0.41;-2.50;2.81;-0.98
319214.00ms : 0.91;-0.55;-0.42;-3.05;0.98;-2.14
319234.00ms : 0.89;-0.50;-0.40;2.01;-0.18;-3.48
319254.00ms : 0.91;-0.53;-0.40;3.66;-2.87;-0.06
319274.00ms : 0.91;-0.59;-0.42;2.38;-4.88;1.28
319294.00ms : 0.90;-0.57;-0.42;0.73;-5.80;-1.22
319314.00ms : 0.92;-0.53;-0.42;0.12;-7.81;-2.75
319334.00ms : 0.91;-0.53;-0.40;-0.43;-9.34;-0.61
319354.00ms : 0.90;-0.54;-0.42;-1.77;-10.31;0.85
319374.00ms : 0.91;-0.53;-0.41;-2.20;-11.90;0.37
319394.00ms : 0.92;-0.53;-0.41;-2.32;-13.79;1.71
319414.00ms : 0.92;-0.54;-0.39;-1.10;-15.14;3.48
319434.00ms : 0.91;-0.50;-0.34;-2.32;-16.24;3.66
319454.00ms : 0.93;-0.43;-0.32;0.73;-17.58;-1.40
319474.00ms : 0.93;-0.43;-0.35;6.77;-19.84;5.13
319494.00ms : 0.89;-0.51;-0.28;9.16;-17.70;7.26
319514.00ms : 0.92;-0.54;-0.22;5.62;-16.91;4.21
319534.00ms : 0.95;-0.48;-0.20;-1.16;-15.56;4.52
319554.00ms : 0.91;-0.49;-0.20;-6.04;-12.02;8.85
319574.00ms : 0.91;-0.54;-0.19;-12.02;-9.09;9.83
319594.00ms : 0.90;-0.46;-0.14;-19.65;-13.12;11.84
319614.00ms : 0.92;-0.37;-0.18;-28.26;-21.67;24.23
319634.00ms : 0.92;-0.35;-0.13;-30.88;-29.54;44.62
319654.00ms : 0.84;-0.42;-0.14;-0.61;-30.58;34.79
319674.00ms : 0.80;-0.43;-0.21;22.09;-40.41;11.60
319694.00ms : 0.71;-0.53;-0.22;35.34;-47.42;-3.48
319714.00ms : 0.62;-0.82;0.05;28.75;-49.56;-17.09
319734.00ms : 0.63;-0.96;0.06;-2.62;-52.80;-40.41
319754.00ms : 0.80;-0.68;-0.16;-30.21;-52.49;-55.85
319774.00ms : 0.93;-0.51;-0.16;-21.30;-49.50;-50.66
319794.00ms : 0.87;-0.56;-0.15;-3.97;-50.11;-46.75
319814.00ms : 0.81;-0.64;-0.15;5.92;-52.25;-54.26
319834.00ms : 0.85;-0.68;-0.16;5.19;-52.31;-64.15
319854.00ms : 0.85;-0.72;-0.22;0.92;-50.90;-71.23
319874.00ms : 0.84;-0.75;-0.21;-3.17;-46.63;-73.55
319894.00ms : 0.86;-0.69;-0.19;-7.57;-40.59;-74.65
319914.00ms : 0.85;-0.59;-0.19;-7.26;-36.56;-73.85
319934.00ms : 0.84;-0.58;-0.17;-2.32;-35.95;-72.75
319954.00ms : 0.85;-0.63;-0.12;5.13;-36.32;-72.45
319974.00ms : 0.79;-0.63;-0.13;6.35;-30.64;-75.56
319994.00ms : 0.78;-0.67;-0.11;0.85;-25.88;-78.25
320014.00ms : 0.78;-0.69;-0.11;-5.13;-25.57;-78.92
320034.00ms : 0.76;-0.67;-0.07;-6.23;-24.05;-74.10
320054.00ms : 0.70;-0.73;-0.06;-10.99;-18.86;-72.69
320074.00ms : 0.68;-0.73;-0.07;-21.00;-14.22;-74.89
320094.00ms : 0.69;-0.75;-0.06;-28.32;-12.94;-73.61
320114.00ms : 0.66;-0.78;-0.01;-32.47;-12.15;-70.86
320134.00ms : 0.61;-0.74;0.00;-34.67;-15.38;-66.41
320154.00ms : 0.58;-0.76;0.03;-35.34;-15.63;-64.33
320174.00ms : 0.57;-0.77;0.04;-35.16;-17.94;-66.89
320194.00ms : 0.56;-0.73;0.05;-32.65;-20.75;-66.16
320214.00ms : 0.52;-0.78;0.06;-28.87;-22.77;-63.54
320234.00ms : 0.50;-0.80;0.11;-26.12;-25.15;-62.26
320254.00ms : 0.51;-0.80;0.10;-24.23;-28.32;-62.07
320274.00ms : 0.49;-0.77;0.08;-18.62;-31.98;-62.19
320294.00ms : 0.43;-0.78;0.10;-12.45;-32.41;-58.65
320314.00ms : 0.39;-0.84;0.11;-9.95;-33.81;-57.56
320334.00ms : 0.38;-0.84;0.11;-11.41;-35.71;-58.29
320354.00ms : 0.39;-0.80;0.13;-13.31;-35.10;-59.69
320374.00ms : 0.38;-0.79;0.11;-15.01;-32.53;-58.72
320394.00ms : 0.34;-0.83;0.10;-20.20;-26.25;-59.08
320414.00ms : 0.32;-0.83;0.12;-27.65;-23.50;-61.04
320434.00ms : 0.28;-0.85;0.10;-36.25;-18.55;-63.90
320454.00ms : 0.26;-0.88;0.12;-48.46;-15.32;-65.67
320474.00ms : 0.24;-0.86;0.10;-61.22;-11.23;-66.53
320494.00ms : 0.24;-0.82;0.15;-69.15;-10.13;-67.08
320514.00ms : 0.23;-0.75;0.15;-70.92;-12.88;-67.02
320534.00ms : 0.21;-0.70;0.18;-64.76;-15.63;-62.87
320554.00ms : 0.19;-0.68;0.20;-56.82;-19.84;-58.04
320574.00ms : 0.18;-0.65;0.19;-48.89;-22.77;-55.11
320594.00ms : 0.16;-0.65;0.17;-44.19;-23.68;-52.86
320614.00ms : 0.12;-0.68;0.18;-39.92;-23.01;-52.12
320634.00ms : 0.10;-0.67;0.22;-38.51;-23.13;-51.51
320654.00ms : 0.09;-0.63;0.21;-37.11;-23.80;-49.87
320674.00ms : 0.06;-0.60;0.21;-34.00;-22.89;-48.22
320694.00ms : 0.04;-0.59;0.21;-31.37;-21.36;-46.08
320714.00ms : 0.02;-0.59;0.21;-29.24;-18.68;-41.93
320734.00ms : 0.00;-0.61;0.24;-28.02;-17.21;-36.44
320754.00ms : -0.03;-0.68;0.26;-28.69;-18.43;-34.00
320774.00ms : -0.04;-0.65;0.28;-29.11;-19.71;-33.39
320794.00ms : -0.03;-0.58;0.30;-28.87;-21.30;-33.57
320814.00ms : -0.02;-0.54;0.28;-23.74;-22.34;-31.43
320834.00ms : -0.06;-0.59;0.28;-18.62;-21.00;-29.79
320854.00ms : -0.08;-0.60;0.31;-17.46;-19.96;-29.97
320874.00ms : -0.08;-0.57;0.35;-16.05;-20.63;-30.21
320894.00ms : -0.06;-0.53;0.31;-15.26;-22.89;-30.82
320914.00ms : -0.11;-0.55;0.33;-11.90;-21.97;-27.22
320934.00ms : -0.15;-0.61;0.37;-12.08;-17.82;-25.27
320954.00ms : -0.16;-0.58;0.36;-15.26;-17.52;-25.39
320974.00ms : -0.15;-0.53;0.34;-15.14;-18.86;-23.93
320994.00ms : -0.16;-0.56;0.36;-14.22;-16.05;-19.78
321014.00ms : -0.18;-0.61;0.38;-17.70;-11.72;-18.92
321034.00ms : -0.19;-0.58;0.39;-23.68;-12.76;-19.65
321054.00ms : -0.18;-0.53;0.36;-25.21;-15.63;-19.59
321074.00ms : -0.18;-0.53;0.39;-23.32;-16.54;-19.78
321094.00ms : -0.20;-0.49;0.39;-21.30;-17.27;-21.36
321114.00ms : -0.20;-0.43;0.34;-16.24;-19.35;-21.48
321134.00ms : -0.19;-0.49;0.35;-9.95;-21.06;-20.75
321154.00ms : -0.23;-0.52;0.39;-7.57;-18.74;-19.29
321174.00ms : -0.24;-0.49;0.40;-6.65;-17.82;-17.33
321194.00ms : -0.26;-0.48;0.39;-4.70;-19.90;-16.36
321214.00ms : -0.27;-0.54;0.43;-4.27;-20.63;-18.07
321234.00ms : -0.28;-0.57;0.41;-8.48;-20.08;-19.35
321254.00ms : -0.32;-0.64;0.44;-13.79;-17.94;-19.96
321274.00ms : -0.34;-0.56;0.44;-20.26;-19.59;-21.24
321294.00ms : -0.33;-0.53;0.44;-21.61;-21.24;-22.28
321314.00ms : -0.32;-0.54;0.43;-23.19;-21.79;-22.77
321334.00ms : -0.32;-0.54;0.43;-26.92;-21.73;-23.32
321354.00ms : -0.30;-0.51;0.40;-28.75;-23.44;-26.18
321374.00ms : -0.32;-0.43;0.39;-26.61;-26.06;-30.21
321394.00ms : -0.33;-0.39;0.37;-21.42;-27.34;-27.83
321414.00ms : -0.33;-0.45;0.36;-18.86;-26.67;-26.12
321434.00ms : -0.33;-0.38;0.35;-16.78;-27.53;-25.33
321454.00ms : -0.35;-0.36;0.30;-12.76;-25.70;-22.09
321474.00ms : -0.37;-0.44;0.29;-10.86;-24.05;-18.86
321494.00ms : -0.37;-0.41;0.34;-12.51;-24.23;-19.23
321514.00ms : -0.37;-0.30;0.34;-10.50;-23.19;-17.21
321534.00ms : -0.39;-0.31;0.31;-6.77;-20.69;-15.93
321554.00ms : -0.42;-0.35;0.28;-8.06;-17.64;-12.88
321574.00ms : -0.45;-0.45;0.32;-14.65;-13.43;-9.89
321594.00ms : -0.47;-0.35;0.32;-22.34;-10.93;-10.62
321614.00ms : -0.47;-0.32;0.29;-22.71;-8.30;-10.13
321634.00ms : -0.45;-0.36;0.26;-23.56;-6.90;-7.87
321654.00ms : -0.43;-0.37;0.35;-24.41;-5.31;-5.31
321674.00ms : -0.41;-0.31;0.35;-23.13;-5.43;-4.03
321694.00ms : -0.43;-0.24;0.36;-16.78;-7.51;-2.69
321714.00ms : -0.43;-0.21;0.34;-10.07;-10.93;-2.08
321734.00ms : -0.46;-0.26;0.34;-2.01;-11.11;-0.31
321754.00ms : -0.49;-0.36;0.35;-0.12;-10.68;0.31
321774.00ms : -0.47;-0.33;0.38;-3.91;-11.05;0.18
321794.00ms : -0.45;-0.28;0.33;-2.01;-12.51;1.46
321814.00ms : -0.49;-0.34;0.34;0.98;-10.38;2.87
321834.00ms : -0.51;-0.37;0.34;-4.82;-8.48;0.37
321854.00ms : -0.48;-0.33;0.33;-9.03;-7.57;-0.85
321874.00ms : -0.44;-0.28;0.33;-8.54;-8.30;-1.22
321894.00ms : -0.46;-0.24;0.33;-3.54;-7.14;0.67
321914.00ms : -0.49;-0.24;0.32;0.43;-4.64;3.30
321934.00ms : -0.49;-0.30;0.27;2.62;-2.56;6.84
321954.00ms : -0.51;-0.41;0.29;-1.28;0.00;6.53
321974.00ms : -0.49;-0.32;0.30;-3.23;-1.04;5.62
321994.00ms : -0.48;-0.29;0.31;3.05;-1.89;8.73
322014.00ms : -0.50;-0.32;0.33;6.96;-0.37;8.18
322034.00ms : -0.51;-0.36;0.32;6.90;1.46;7.02
322054.00ms : -0.51;-0.39;0.33;4.88;2.38;4.09
322074.00ms : -0.51;-0.34;0.36;3.23;1.71;1.95
322094.00ms : -0.52;-0.28;0.34;5.49;2.69;2.44
322114.00ms : -0.52;-0.34;0.33;8.00;2.69;4.39
322134.00ms : -0.51;-0.44;0.31;3.85;1.95;5.49
322154.00ms : -0.53;-0.47;0.32;-4.03;2.93;5.00
322174.00ms : -0.52;-0.37;0.35;-6.90;3.23;5.92
322194.00ms : -0.49;-0.27;0.34;-2.93;0.67;7.39
322214.00ms : -0.45;-0.31;0.32;4.70;0.06;9.52
322234.00ms : -0.48;-0.39;0.32;7.75;2.75;10.19
322254.00ms : -0.50;-0.42;0.35;3.48;4.88;6.84
322274.00ms : -0.49;-0.34;0.35;0.37;4.52;3.23
322294.00ms : -0.45;-0.30;0.28;4.09;3.97;4.33
322314.00ms : -0.47;-0.39;0.27;7.26;8.12;8.79
322334.00ms : -0.47;-0.41;0.30;2.75;9.70;7.75
322354.00ms : -0.45;-0.33;0.26;2.20;9.46;7.32
322374.00ms : -0.42;-0.36;0.28;5.98;10.56;9.52
322394.00ms : -0.44;-0.33;0.30;9.09;11.05;11.66
322414.00ms : -0.42;-0.32;0.31;14.10;11.84;12.45
322434.00ms : -0.42;-0.37;0.30;18.07;12.70;12.82
322454.00ms : -0.43;-0.46;0.31;16.85;13.67;14.53
322474.00ms : -0.47;-0.45;0.37;12.39;15.01;15.14
322494.00ms : -0.45;-0.41;0.39;10.68;13.85;13.00
322514.00ms : -0.41;-0.38;0.35;12.63;12.82;12.70
322534.00ms : -0.41;-0.48;0.33;12.45;15.26;11.29
322554.00ms : -0.43;-0.51;0.37;6.96;20.75;8.36
322574.00ms : -0.42;-0.43;0.40;1.95;19.78;4.09
322594.00ms : -0.38;-0.38;0.36;3.48;18.55;4.03
322614.00ms : -0.38;-0.41;0.37;6.59;19.90;6.53
322634.00ms : -0.37;-0.42;0.36;7.39;20.94;8.67
322654.00ms : -0.35;-0.39;0.34;8.91;19.65;10.13
322674.00ms : -0.31;-0.37;0.30;12.63;17.76;12.33
322694.00ms : -0.31;-0.42;0.31;18.37;17.46;15.56
322714.00ms : -0.32;-0.40;0.33;20.87;21.12;17.88
322734.00ms : -0.31;-0.39;0.30;20.20;22.71;19.84
322754.00ms : -0.29;-0.43;0.32;17.27;24.54;22.40
322774.00ms : -0.27;-0.45;0.31;14.28;26.31;21.61
322794.00ms : -0.24;-0.42;0.32;16.24;26.67;22.89
322814.00ms : -0.24;-0.42;0.31;19.17;30.09;26.86
322834.00ms : -0.26;-0.46;0.33;18.74;32.04;28.81
322854.00ms : -0.24;-0.48;0.38;17.94;29.85;29.54
322874.00ms : -0.19;-0.49;0.33;19.71;28.26;29.11
322894.00ms : -0.15;-0.51;0.36;24.72;27.59;31.80
322914.00ms : -0.18;-0.52;0.37;24.60;30.58;31.74
322934.00ms : -0.17;-0.54;0.40;22.71;31.13;31.01
322954.00ms : -0.15;-0.55;0.37;17.64;29.17;29.60
322974.00ms : -0.12;-0.57;0.33;18.74;25.70;33.57
322994.00ms : -0.13;-0.55;0.39;23.25;28.08;37.11
323014.00ms : -0.15;-0.50;0.38;24.48;28.93;37.60
323034.00ms : -0.11;-0.52;0.34;26.67;25.57;39.61
323054.00ms : -0.07;-0.61;0.32;28.08;22.83;39.12
323074.00ms : -0.03;-0.62;0.32;31.13;22.58;41.20
323094.00ms : -0.07;-0.58;0.31;30.40;27.71;41.75
323114.00ms : -0.04;-0.55;0.35;29.66;26.18;43.58
323134.00ms : 0.00;-0.61;0.32;28.56;23.19;42.54
323154.00ms : 0.04;-0.70;0.27;29.24;22.83;41.99
323174.00ms : 0.02;-0.68;0.35;28.81;26.55;44.13
323194.00ms : 0.01;-0.58;0.32;26.00;27.47;43.15
323214.00ms : 0.08;-0.58;0.33;30.52;22.95;45.90
323234.00ms : 0.11;-0.70;0.25;33.20;21.42;45.35
323254.00ms : 0.13;-0.76;0.28;36.25;22.46;47.49
323274.00ms : 0.06;-0.76;0.29;29.66;31.01;46.45
323294.00ms : 0.06;-0.75;0.30;21.48;31.25;44.07
323314.00ms : 0.13;-0.75;0.35;13.67;26.86;39.18
323334.00ms : 0.19;-0.67;0.31;12.27;23.93;37.72
323354.00ms : 0.20;-0.67;0.28;20.45;27.16;40.34
323374.00ms : 0.16;-0.69;0.27;26.06;28.14;40.71
323394.00ms : 0.19;-0.70;0.25;31.56;22.46;42.30
323414.00ms : 0.21;-0.71;0.23;37.72;17.09;44.31
323434.00ms : 0.26;-0.75;0.20;44.43;14.89;46.14
323454.00ms : 0.25;-0.76;0.23;45.96;16.91;48.58
323474.00ms : 0.24;-0.73;0.21;41.38;17.88;49.50
323494.00ms : 0.27;-0.74;0.20;37.41;16.48;49.26
323514.00ms : 0.29;-0.78;0.19;32.96;16.54;48.10
323534.00ms : 0.30;-0.82;0.17;28.02;19.35;47.36
323554.00ms : 0.34;-0.78;0.16;26.00;18.98;47.00
323574.00ms : 0.35;-0.74;0.18;29.05;16.42;50.66
323594.00ms : 0.36;-0.80;0.15;31.74;16.78;51.45
323614.00ms : 0.36;-0.86;0.17;29.17;17.46;49.99
323634.00ms : 0.36;-0.83;0.17;22.83;16.72;47.61
323654.00ms : 0.38;-0.82;0.16;20.14;16.36;45.96
323674.00ms : 0.40;-0.81;0.17;19.90;13.73;44.86
323694.00ms : 0.42;-0.85;0.16;21.24;12.15;43.76
323714.00ms : 0.41;-0.83;0.16;21.24;10.38;44.92
323734.00ms : 0.43;-0.79;0.16;25.09;5.49;45.23
323754.00ms : 0.46;-0.75;0.13;31.49;1.40;44.01
323774.00ms : 0.47;-0.77;0.11;36.99;-1.16;45.53
323794.00ms : 0.46;-0.82;0.09;36.25;-1.71;45.72
323814.00ms : 0.47;-0.81;0.07;32.17;-3.66;44.01
323834.00ms : 0.51;-0.76;0.03;31.43;-4.39;42.05
323854.00ms : 0.54;-0.74;0.01;33.45;-2.56;41.75
323874.00ms : 0.53;-0.76;-0.01;33.14;0.43;44.13
323894.00ms : 0.52;-0.78;-0.03;28.02;3.42;46.02
323914.00ms : 0.53;-0.80;-0.04;22.71;5.43;44.43
323934.00ms : 0.57;-0.75;-0.05;18.43;6.35;42.72
323954.00ms : 0.59;-0.70;-0.05;19.53;7.69;42.54
323974.00ms : 0.59;-0.77;-0.07;19.71;11.54;44.74
323994.00ms : 0.57;-0.82;-0.05;14.83;12.88;43.33
324014.00ms : 0.60;-0.78;-0.02;9.70;12.82;41.38
324034.00ms : 0.62;-0.72;-0.04;9.70;12.15;37.29
324054.00ms : 0.65;-0.63;-0.04;17.94;10.31;40.04
324074.00ms : 0.64;-0.74;-0.07;24.90;12.70;44.98
324094.00ms : 0.62;-0.83;-0.06;22.46;13.12;43.40
324114.00ms : 0.61;-0.80;-0.07;12.88;13.37;39.55
324134.00ms : 0.64;-0.74;-0.08;5.68;15.01;36.19
324154.00ms : 0.68;-0.67;-0.05;5.07;14.40;34.36
324174.00ms : 0.72;-0.62;-0.09;10.74;12.63;37.05
324194.00ms : 0.72;-0.66;-0.09;15.87;13.43;36.25
324214.00ms : 0.69;-0.66;-0.10;18.13;11.78;33.75
324234.00ms : 0.72;-0.65;-0.10;21.18;9.28;35.77
324254.00ms : 0.73;-0.64;-0.11;25.94;5.13;39.92
324274.00ms : 0.76;-0.62;-0.13;29.72;1.83;41.87
324294.00ms : 0.81;-0.61;-0.12;34.61;-1.10;42.79
324314.00ms : 0.79;-0.61;-0.13;37.17;-3.11;46.45
324334.00ms : 0.77;-0.65;-0.10;38.64;-3.66;48.34
324354.00ms : 0.79;-0.63;-0.07;34.48;-5.62;45.96
324374.00ms : 0.81;-0.62;-0.11;31.19;-4.27;41.56
324394.00ms : 0.79;-0.65;-0.12;28.69;-1.59;41.20
324414.00ms : 0.77;-0.70;-0.12;20.81;2.32;36.74
324434.00ms : 0.75;-0.71;-0.11;9.09;4.88;30.76
324454.00ms : 0.71;-0.70;-0.12;-2.56;9.40;25.70
324474.00ms : 0.73;-0.68;-0.13;-15.14;13.98;21.97
324494.00ms : 0.77;-0.66;-0.15;-21.30;16.60;19.04
324514.00ms : 0.75;-0.64;-0.15;-23.19;17.58;16.17
324534.00ms : 0.77;-0.61;-0.15;-25.15;19.04;13.79
324554.00ms : 0.78;-0.61;-0.16;-25.76;20.57;7.81
324574.00ms : 0.79;-0.60;-0.20;-26.73;21.18;6.04
324594.00ms : 0.77;-0.59;-0.20;-26.67;24.54;8.24
324614.00ms : 0.75;-0.61;-0.20;-28.38;27.10;9.03
324634.00ms : 0.80;-0.59;-0.23;-33.57;28.44;6.77
324654.00ms : 0.83;-0.54;-0.22;-34.97;30.21;2.56
324674.00ms : 0.85;-0.52;-0.24;-29.54;30.40;0.92
324694.00ms : 0.78;-0.47;-0.21;-23.25;31.37;2.69
324714.00ms : 0.79;-0.52;-0.25;-21.97;32.47;4.76
324734.00ms : 0.81;-0.53;-0.27;-19.04;32.71;1.77
324754.00ms : 0.82;-0.52;-0.21;-18.31;32.65;1.77
324774.00ms : 0.86;-0.55;-0.24;-18.62;31.68;-0.73
324794.00ms : 0.86;-0.53;-0.22;-18.19;28.93;-0.49
324814.00ms : 0.81;-0.50;-0.13;-19.90;27.40;5.19
324834.00ms : 0.84;-0.52;-0.10;-23.25;26.00;8.12
324854.00ms : 0.88;-0.50;-0.13;-27.53;25.27;7.45
324874.00ms : 0.90;-0.53;-0.16;-26.06;22.22;4.39
324894.00ms : 0.90;-0.49;-0.20;-27.22;19.71;1.83
324914.00ms : 0.93;-0.52;-0.21;-23.32;16.24;-2.81
324934.00ms : 0.87;-0.55;-0.23;-16.72;15.08;-3.42
324954.00ms : 0.83;-0.54;-0.25;-12.51;16.85;-2.81
324974.00ms : 0.85;-0.50;-0.27;-11.23;16.30;1.95
324994.00ms : 0.84;-0.53;-0.25;-10.44;16.48;2.20
325014.00ms : 0.86;-0.59;-0.21;-12.88;13.79;-2.69
325034.00ms : 0.86;-0.53;-0.19;-13.92;6.90;-8.00
325054.00ms : 0.85;-0.43;-0.21;-9.89;3.66;-4.94
325074.00ms : 0.85;-0.48;-0.25;-4.33;2.20;-1.95
325094.00ms : 0.87;-0.52;-0.27;-3.48;4.03;-2.08
325114.00ms : 0.89;-0.46;-0.28;-5.92;5.13;-1.65
325134.00ms : 0.91;-0.41;-0.27;-8.79;5.86;0.31
325154.00ms : 0.91;-0.39;-0.27;-7.51;3.05;1.10
325174.00ms : 0.93;-0.43;-0.28;-2.32;2.14;1.40
325194.00ms : 0.88;-0.47;-0.25;3.11;2.32;-0.31
325214.00ms : 0.84;-0.50;-0.24;4.64;2.69;-0.85
325234.00ms : 0.85;-0.48;-0.26;2.99;0.37;-0.18
325254.00ms : 0.88;-0.48;-0.30;1.65;-0.12;2.08
325274.00ms : 0.87;-0.52;-0.28;1.46;0.98;1.28
325294.00ms : 0.84;-0.49;-0.25;0.61;1.22;0.67
325314.00ms : 0.86;-0.45;-0.26;-0.55;0.55;2.50
325334.00ms : 0.88;-0.45;-0.26;-0.98;-0.55;2.81
325354.00ms : 0.88;-0.47;-0.27;-2.01;1.95;2.32
325374.00ms : 0.88;-0.49;-0.25;-3.60;2.38;0.31
325394.00ms : 0.87;-0.45;-0.25;-4.94;2.38;0.06
325414.00ms : 0.86;-0.42;-0.27;-4.52;1.59;2.56
325434.00ms : 0.85;-0.43;-0.26;-1.53;2.44;3.97
325454.00ms : 0.87;-0.48;-0.24;-0.67;3.05;2.50
325474.00ms : 0.87;-0.43;-0.23;-0.37;0.67;1.16
325494.00ms : 0.87;-0.40;-0.23;2.14;1.40;2.44
325514.00ms : 0.85;-0.39;-0.21;4.52;2.62;5.68
325534.00ms : 0.91;-0.41;-0.28;1.95;2.99;8.67
325554.00ms : 0.88;-0.45;-0.27;2.87;6.10;1.77
325574.00ms : 0.89;-0.41;-0.26;2.14;6.77;0.43
325594.00ms : 0.91;-0.44;-0.28;2.69;6.71;5.49
325614.00ms : 0.88;-0.46;-0.26;4.39;9.34;1.95
325634.00ms : 0.90;-0.46;-0.28;-0.06;12.63;1.22
325654.00ms : 0.86;-0.48;-0.28;-2.87;14.59;-3.36
325674.00ms : 0.84;-0.43;-0.25;-5.13;18.98;-4.76
325694.00ms : 0.87;-0.45;-0.25;-6.47;19.65;-7.51
325714.00ms : 0.88;-0.39;-0.30;-4.94;17.76;-4.94
325734.00ms : 0.89;-0.37;-0.35;-0.37;16.78;-0.12
325754.00ms : 0.91;-0.48;-0.37;7.08;19.84;1.34
325774.00ms : 0.85;-0.53;-0.29;14.34;20.02;-11.84
325794.00ms : 0.91;-0.46;-0.33;11.23;14.65;-14.22
325814.00ms : 0.90;-0.43;-0.39;8.24;10.44;-5.25
325834.00ms : 0.86;-0.42;-0.38;10.31;16.60;-0.43
325854.00ms : 0.87;-0.49;-0.35;13.49;16.36;-1.16
325874.00ms : 0.89;-0.47;-0.37;13.55;11.23;-5.19
325894.00ms : 0.89;-0.49;-0.46;9.03;11.96;1.65
325914.00ms : 0.90;-0.57;-0.45;8.85;13.06;1.10
325934.00ms : 0.92;-0.49;-0.45;9.52;8.73;-3.78
325954.00ms : 0.90;-0.46;-0.46;13.49;6.10;1.46
325974.00ms : 0.89;-0.56;-0.41;15.08;6.59;2.20
325994.00ms : 0.88;-0.62;-0.42;8.54;4.82;-1.10
326014.00ms : 0.89;-0.59;-0.45;1.83;4.33;-3.05
326034.00ms : 0.92;-0.58;-0.50;0.85;2.87;1.28
326054.00ms : 0.90;-0.63;-0.48;3.66;1.28;1.77
326074.00ms : 0.90;-0.64;-0.48;3.30;-2.62;-0.55
326094.00ms : 0.91;-0.62;-0.48;2.75;-5.86;-2.14
326114.00ms : 0.90;-0.62;-0.47;2.38;-8.36;-0.24
326134.00ms : 0.90;-0.65;-0.46;1.10;-10.93;2.69
326154.00ms : 0.90;-0.65;-0.46;-1.65;-13.92;1.83
326174.00ms : 0.90;-0.60;-0.43;-2.99;-18.07;4.09
326194.00ms : 0.90;-0.61;-0.42;-2.69;-19.84;7.69
326214.00ms : 0.90;-0.60;-0.44;-4.76;-22.34;8.18
326234.00ms : 0.93;-0.59;-0.46;-6.65;-24.11;12.45
326254.00ms : 0.95;-0.60;-0.42;-5.07;-24.05;14.77
326274.00ms : 0.95;-0.58;-0.36;-4.46;-24.84;12.94
326294.00ms : 0.95;-0.55;-0.31;-3.30;-23.68;8.67
326314.00ms : 0.96;-0.50;-0.24;-4.82;-23.07;7.14
326334.00ms : 0.96;-0.49;-0.27;-8.48;-21.91;9.09
326354.00ms : 0.91;-0.46;-0.31;-12.88;-18.74;13.98
326374.00ms : 0.89;-0.43;-0.30;-18.68;-16.48;14.22
326394.00ms : 0.88;-0.36;-0.29;-27.34;-16.54;17.09
326414.00ms : 0.87;-0.32;-0.25;-26.92;-18.07;21.00
326434.00ms : 0.87;-0.27;-0.19;-21.91;-23.25;16.36
326454.00ms : 0.86;-0.33;-0.23;-13.61;-28.63;12.88
326474.00ms : 0.81;-0.36;-0.18;-0.43;-31.86;1.59
326494.00ms : 0.81;-0.41;-0.19;8.24;-32.17;-8.48
326514.00ms : 0.85;-0.45;-0.16;7.63;-33.26;-18.01
326534.00ms : 0.82;-0.47;-0.13;5.43;-34.48;-20.45
326554.00ms : 0.84;-0.49;-0.12;0.49;-33.20;-23.80
326574.00ms : 0.84;-0.47;-0.15;-5.55;-34.42;-26.49
326594.00ms : 0.82;-0.49;-0.15;-8.48;-34.55;-26.73
326614.00ms : 0.80;-0.54;-0.13;-9.83;-34.79;-30.33
326634.00ms : 0.81;-0.55;-0.10;-11.66;-36.44;-31.92
326654.00ms : 0.78;-0.59;-0.12;-13.43;-37.17;-32.90
326674.00ms : 0.76;-0.61;-0.10;-14.34;-37.60;-33.39
326694.00ms : 0.76;-0.63;-0.09;-13.98;-40.71;-34.42
326714.00ms : 0.78;-0.59;-0.08;-8.36;-45.65;-36.32
326734.00ms : 0.82;-0.61;-0.05;-0.73;-51.21;-35.95
326754.00ms : 0.79;-0.64;-0.08;8.91;-54.02;-37.23
326774.00ms : 0.77;-0.66;-0.10;18.55;-56.70;-38.02
326794.00ms : 0.75;-0.69;-0.10;25.51;-56.58;-43.58
326814.00ms : 0.78;-0.73;-0.13;25.76;-57.19;-49.68
326834.00ms : 0.78;-0.77;-0.14;23.62;-58.41;-52.37
326854.00ms : 0.68;-0.80;-0.13;21.85;-54.75;-53.96
326874.00ms : 0.64;-0.82;-0.06;21.24;-51.57;-57.13
326894.00ms : 0.67;-0.79;-0.05;20.02;-51.70;-63.54
326914.00ms : 0.71;-0.77;-0.04;22.46;-46.81;-66.28
326934.00ms : 0.72;-0.77;-0.01;26.98;-41.69;-67.14
326954.00ms : 0.65;-0.80;-0.02;29.24;-34.12;-68.12
326974.00ms : 0.64;-0.85;-0.00;22.34;-28.99;-74.77
326994.00ms : 0.62;-0.86;0.00;14.04;-25.39;-80.14
327014.00ms : 0.60;-0.95;0.01;3.66;-21.73;-83.31
327034.00ms : 0.58;-0.95;0.01;-11.05;-19.78;-87.34
327054.00ms : 0.60;-0.92;0.03;-21.91;-17.15;-88.93
327074.00ms : 0.60;-0.88;0.02;-26.86;-16.66;-88.26
327094.00ms : 0.56;-0.86;0.04;-29.91;-16.36;-86.06
327114.00ms : 0.53;-0.86;0.02;-32.84;-16.60;-84.47
327134.00ms : 0.52;-0.86;0.04;-37.48;-17.03;-84.11
327154.00ms : 0.50;-0.84;0.03;-42.11;-17.70;-83.31
327174.00ms : 0.48;-0.78;0.01;-44.31;-18.07;-79.71
327194.00ms : 0.46;-0.78;0.03;-43.03;-17.15;-76.23
327214.00ms : 0.43;-0.81;0.03;-44.25;-15.26;-74.04
327234.00ms : 0.40;-0.80;0.04;-47.85;-14.77;-72.08
327254.00ms : 0.37;-0.80;0.03;-51.82;-13.73;-69.27
327274.00ms : 0.33;-0.80;0.07;-54.50;-12.51;-66.41
327294.00ms : 0.32;-0.74;0.10;-55.24;-13.24;-63.72
327314.00ms : 0.28;-0.75;0.11;-56.95;-9.40;-62.62
327334.00ms : 0.22;-0.81;0.13;-65.49;-5.62;-62.26
327354.00ms : 0.21;-0.82;0.20;-73.36;-6.35;-61.16
327374.00ms : 0.23;-0.75;0.20;-77.51;-8.30;-62.26
327394.00ms : 0.21;-0.72;0.20;-75.26;-9.16;-60.61
327414.00ms : 0.19;-0.73;0.23;-71.66;-10.68;-59.02
327434.00ms : 0.16;-0.73;0.24;-67.57;-13.55;-58.59
327454.00ms : 0.16;-0.68;0.27;-63.90;-17.40;-60.30
327474.00ms : 0.15;-0.59;0.27;-55.91;-21.48;-58.96
327494.00ms : 0.11;-0.60;0.27;-45.65;-23.86;-56.21
327514.00ms : 0.07;-0.67;0.28;-42.97;-23.86;-56.03
327534.00ms : 0.07;-0.68;0.28;-46.69;-24.41;-57.50
327554.00ms : 0.06;-0.60;0.29;-46.26;-24.96;-56.64
327574.00ms : 0.04;-0.52;0.30;-39.98;-27.65;-52.31
327594.00ms : 0.01;-0.51;0.31;-28.87;-29.60;-47.85
327614.00ms : -0.03;-0.52;0.32;-23.01;-29.42;-42.97
327634.00ms : -0.05;-0.53;0.28;-21.61;-29.24;-43.15
327654.00ms : -0.04;-0.52;0.28;-18.92;-30.09;-42.79
327674.00ms : -0.05;-0.49;0.31;-14.89;-28.93;-38.82
327694.00ms : -0.10;-0.52;0.35;-12.57;-24.90;-34.48
327714.00ms : -0.12;-0.53;0.31;-16.17;-24.48;-33.51
327734.00ms : -0.13;-0.56;0.36;-17.70;-24.96;-34.12
327754.00ms : -0.13;-0.51;0.37;-19.59;-24.48;-37.60
327774.00ms : -0.18;-0.45;0.37;-17.52;-23.38;-37.60
327794.00ms : -0.20;-0.45;0.39;-14.40;-23.19;-35.77
327814.00ms : -0.20;-0.52;0.37;-13.92;-24.48;-35.16
327834.00ms : -0.21;-0.53;0.36;-15.63;-24.84;-36.32
327854.00ms : -0.23;-0.47;0.35;-16.85;-23.44;-34.79
327874.00ms : -0.26;-0.45;0.38;-16.66;-22.09;-32.96
327894.00ms : -0.27;-0.48;0.39;-19.35;-22.46;-32.17
327914.00ms : -0.26;-0.47;0.38;-21.67;-23.80;-32.35
327934.00ms : -0.26;-0.45;0.38;-22.77;-24.60;-31.86
327954.00ms : -0.28;-0.42;0.39;-21.24;-25.63;-29.42
327974.00ms : -0.29;-0.44;0.35;-19.59;-25.70;-26.43
327994.00ms : -0.27;-0.44;0.37;-18.01;-27.71;-24.78
328014.00ms : -0.27;-0.37;0.34;-10.01;-31.49;-22.46
328034.00ms : -0.31;-0.40;0.36;-1.40;-32.17;-20.94
328054.00ms : -0.37;-0.43;0.34;-0.73;-30.76;-17.76
328074.00ms : -0.38;-0.52;0.34;-6.35;-27.34;-13.18
328094.00ms : -0.38;-0.50;0.36;-13.98;-27.04;-16.36
328114.00ms : -0.35;-0.37;0.36;-14.71;-27.22;-16.97
328134.00ms : -0.35;-0.37;0.35;-11.11;-24.66;-14.59
328154.00ms : -0.40;-0.43;0.34;-11.17;-21.61;-12.63
328174.00ms : -0.41;-0.42;0.32;-14.28;-22.46;-14.16
328194.00ms : -0.37;-0.38;0.30;-15.01;-23.93;-13.49
328214.00ms : -0.38;-0.35;0.31;-12.88;-22.58;-12.82
328234.00ms : -0.41;-0.33;0.32;-8.85;-19.53;-8.61
328254.00ms : -0.43;-0.35;0.35;-7.57;-16.91;-7.08
328274.00ms : -0.42;-0.32;0.34;-8.18;-16.17;-7.87
328294.00ms : -0.45;-0.35;0.32;-8.61;-12.45;-2.50
328314.00ms : -0.45;-0.42;0.35;-10.01;-10.50;-0.24
328334.00ms : -0.42;-0.34;0.33;-7.87;-11.11;-3.97
328354.00ms : -0.44;-0.31;0.37;-0.06;-8.61;-1.46
328374.00ms : -0.46;-0.40;0.37;0.67;-9.52;-2.99
328394.00ms : -0.55;-0.49;0.36;-9.03;-6.84;0.55
328414.00ms : -0.51;-0.48;0.29;-17.03;-7.08;-3.72
328434.00ms : -0.46;-0.38;0.31;-19.53;-9.46;-8.61
328454.00ms : -0.47;-0.29;0.31;-17.82;-11.96;-6.84
328474.00ms : -0.50;-0.27;0.30;-13.18;-11.35;-2.56
328494.00ms : -0.52;-0.31;0.21;-10.93;-8.06;1.83
328514.00ms : -0.47;-0.37;0.24;-8.24;-8.36;2.44
328534.00ms : -0.45;-0.26;0.22;-2.93;-10.44;4.09
328554.00ms : -0.48;-0.28;0.21;2.62;-7.20;12.02
328574.00ms : -0.49;-0.38;0.21;1.10;-1.46;12.08
328594.00ms : -0.45;-0.35;0.21;-2.62;1.53;9.95
328614.00ms : -0.43;-0.32;0.24;0.79;3.97;9.22
328634.00ms : -0.50;-0.34;0.23;2.62;8.06;12.76
328654.00ms : -0.52;-0.40;0.23;1.16;11.54;14.71
328674.00ms : -0.47;-0.40;0.25;0.43;13.12;12.15
328694.00ms : -0.45;-0.35;0.30;3.91;14.10;11.96
328714.00ms : -0.48;-0.37;0.31;7.32;16.42;16.42
328734.00ms : -0.48;-0.43;0.33;6.16;15.75;15.75
328754.00ms : -0.44;-0.37;0.32;8.61;12.15;13.67
328774.00ms : -0.41;-0.37;0.33;15.99;11.47;15.14
328794.00ms : -0.41;-0.40;0.32;19.23;12.15;15.38
328814.00ms : -0.40;-0.44;0.33;19.23;12.33;15.44
328834.00ms : -0.39;-0.38;0.32;19.17;12.70;16.11
328854.00ms : -0.39;-0.39;0.32;21.48;15.63;17.46
328874.00ms : -0.38;-0.44;0.31;19.53;18.13;18.49
328894.00ms : -0.38;-0.48;0.32;14.71;20.08;18.49
328914.00ms : -0.36;-0.43;0.34;12.94;18.92;19.78
328934.00ms : -0.36;-0.40;0.37;14.22;19.90;20.14
328954.00ms : -0.35;-0.43;0.34;14.40;22.28;19.65
328974.00ms : -0.31;-0.46;0.33;14.95;20.69;21.12
328994.00ms : -0.31;-0.45;0.32;17.33;20.02;22.09
329014.00ms : -0.32;-0.41;0.31;20.32;22.71;24.05
329034.00ms : -0.32;-0.47;0.33;20.26;23.80;25.82
329054.00ms : -0.33;-0.49;0.35;17.27;24.54;25.39
329074.00ms : -0.28;-0.50;0.33;17.58;24.54;25.45
329094.00ms : -0.26;-0.42;0.34;20.57;25.76;28.99
329114.00ms : -0.25;-0.49;0.33;20.69;28.02;31.25
329134.00ms : -0.25;-0.55;0.33;18.19;26.61;31.07
329154.00ms : -0.24;-0.52;0.32;18.62;25.21;30.88
329174.00ms : -0.21;-0.48;0.31;23.80;25.88;33.33
329194.00ms : -0.19;-0.52;0.29;25.21;26.31;35.89
329214.00ms : -0.16;-0.53;0.28;26.67;24.60;36.56
329234.00ms : -0.14;-0.57;0.27;28.87;26.31;36.74
329254.00ms : -0.14;-0.58;0.30;28.44;30.27;38.39
329274.00ms : -0.15;-0.60;0.30;24.41;31.07;39.43
329294.00ms : -0.12;-0.59;0.31;23.56;30.21;39.55
329314.00ms : -0.07;-0.57;0.29;25.63;26.98;39.43
329334.00ms : -0.04;-0.57;0.28;33.87;26.55;42.97
329354.00ms : -0.06;-0.63;0.31;34.91;29.60;45.65
329374.00ms : -0.05;-0.65;0.34;32.17;29.17;45.53
329394.00ms : -0.02;-0.65;0.34;28.69;25.88;44.62
329414.00ms : 0.01;-0.64;0.30;29.60;23.01;45.53
329434.00ms : 0.02;-0.66;0.31;31.68;23.80;47.97
329454.00ms : 0.02;-0.65;0.32;29.85;25.09;49.68
329474.00ms : 0.04;-0.66;0.32;27.83;23.19;52.12
329494.00ms : 0.08;-0.68;0.28;26.37;20.81;54.99
329514.00ms : 0.12;-0.71;0.25;26.12;22.28;56.34
329534.00ms : 0.15;-0.68;0.24;27.16;25.39;57.86
329554.00ms : 0.13;-0.67;0.27;26.25;26.49;59.39
329574.00ms : 0.15;-0.66;0.25;27.34;22.95;61.40
329594.00ms : 0.19;-0.73;0.20;30.40;20.20;62.38
329614.00ms : 0.21;-0.75;0.18;29.11;22.09;62.13
329634.00ms : 0.24;-0.72;0.20;28.20;22.77;62.74
329654.00ms : 0.26;-0.66;0.19;31.98;19.53;65.00
329674.00ms : 0.30;-0.68;0.18;42.66;17.46;68.48
329694.00ms : 0.28;-0.82;0.17;45.96;21.91;68.42
329714.00ms : 0.26;-0.90;0.19;36.01;24.90;65.19
329734.00ms : 0.27;-0.88;0.24;25.09;24.11;60.85
329754.00ms : 0.33;-0.79;0.22;22.89;21.91;56.52
329774.00ms : 0.38;-0.84;0.21;30.27;18.07;54.57
329794.00ms : 0.33;-0.90;0.19;33.51;16.66;58.11
329814.00ms : 0.31;-0.95;0.18;33.02;15.93;58.59
329834.00ms : 0.35;-0.86;0.20;33.51;10.01;55.97
329854.00ms : 0.40;-0.82;0.15;38.88;6.23;56.15
329874.00ms : 0.42;-0.83;0.14;42.79;5.13;55.60
329894.00ms : 0.39;-0.90;0.12;37.11;6.71;54.08
329914.00ms : 0.40;-0.87;0.13;26.06;7.02;49.68
329934.00ms : 0.45;-0.81;0.11;18.43;7.81;46.39
329954.00ms : 0.49;-0.84;0.07;14.71;11.05;47.36
329974.00ms : 0.48;-0.85;0.06;6.96;14.77;48.71
329994.00ms : 0.48;-0.82;0.08;-3.48;15.99;48.71
330014.00ms : 0.49;-0.72;0.08;-8.18;15.14;48.71
330034.00ms : 0.56;-0.66;0.08;-5.49;14.95;47.85
330054.00ms : 0.59;-0.71;0.05;1.16;17.27;48.52
330074.00ms : 0.56;-0.77;0.04;0.98;19.53;46.33
330094.00ms : 0.54;-0.80;0.03;-3.05;19.96;46.69
330114.00ms : 0.55;-0.74;0.03;-4.64;17.94;47.67
330134.00ms : 0.62;-0.67;0.02;1.16;16.78;48.34
330154.00ms : 0.67;-0.71;0.00;9.89;18.98;46.94
330174.00ms : 0.62;-0.75;-0.02;8.24;19.47;42.24
330194.00ms : 0.59;-0.77;-0.00;2.87;21.73;42.91
330214.00ms : 0.59;-0.76;0.01;-5.07;24.72;40.95
330234.00ms : 0.65;-0.69;0.02;-9.70;26.79;34.42
330254.00ms : 0.70;-0.67;-0.00;-9.34;28.75;29.85
330274.00ms : 0.68;-0.68;-0.04;-8.48;30.82;29.85
330294.00ms : 0.66;-0.73;0.01;-10.38;32.65;31.74
330314.00ms : 0.70;-0.66;-0.00;-13.24;29.05;31.37
330334.00ms : 0.74;-0.58;-0.03;-3.97;24.11;30.52
330354.00ms : 0.74;-0.58;-0.01;8.30;21.42;30.21
330374.00ms : 0.72;-0.61;-0.03;14.40;19.29;32.41
330394.00ms : 0.70;-0.64;-0.02;15.81;18.62;34.12
330414.00ms : 0.74;-0.67;-0.02;13.06;18.01;29.05
330434.00ms : 0.76;-0.60;-0.06;11.90;16.24;26.31
330454.00ms : 0.75;-0.61;-0.05;13.73;17.40;26.18
330474.00ms : 0.73;-0.65;-0.07;9.89;19.29;26.12
330494.00ms : 0.75;-0.64;-0.08;7.75;18.80;23.93
330514.00ms : 0.76;-0.66;-0.06;4.15;18.19;23.01
330534.00ms : 0.79;-0.60;-0.09;6.53;13.06;21.91
330554.00ms : 0.77;-0.55;-0.07;13.85;10.86;24.90
330574.00ms : 0.78;-0.59;-0.08;15.63;13.31;22.34
330594.00ms : 0.80;-0.53;-0.10;13.98;13.49;22.71
330614.00ms : 0.78;-0.58;-0.12;15.93;15.32;25.88
330634.00ms : 0.76;-0.65;-0.10;13.31;16.97;20.14
330654.00ms : 0.76;-0.62;-0.09;5.25;18.98;11.78
330674.00ms : 0.78;-0.56;-0.12;-3.23;21.00;8.61
330694.00ms : 0.80;-0.57;-0.19;-5.55;22.34;12.51
330714.00ms : 0.77;-0.61;-0.14;-1.10;22.89;9.95
330734.00ms : 0.77;-0.59;-0.14;-2.38;20.81;7.87
330754.00ms : 0.83;-0.55;-0.12;-1.53;16.54;6.16
330774.00ms : 0.83;-0.53;-0.14;2.14;16.24;4.58
330794.00ms : 0.87;-0.55;-0.19;3.78;14.77;8.18
330814.00ms : 0.80;-0.59;-0.16;7.39;12.70;7.75
330834.00ms : 0.80;-0.54;-0.14;3.54;10.31;8.85
330854.00ms : 0.84;-0.53;-0.16;4.82;7.63;7.69
330874.00ms : 0.83;-0.51;-0.16;5.07;7.14;9.16
330894.00ms : 0.83;-0.51;-0.17;7.02;7.81;8.61
330914.00ms : 0.81;-0.51;-0.16;5.62;9.89;6.84
330934.00ms : 0.82;-0.51;-0.20;1.16;10.07;6.23
330954.00ms : 0.83;-0.53;-0.20;0.61;10.56;3.30
330974.00ms : 0.81;-0.53;-0.18;0.49;9.64;2.32
330994.00ms : 0.81;-0.52;-0.17;-1.89;11.47;1.83
331014.00ms : 0.83;-0.51;-0.19;-8.85;12.76;1.65
331034.00ms : 0.85;-0.51;-0.19;-12.45;14.22;0.67
331054.00ms : 0.85;-0.49;-0.19;-15.81;15.08;2.20
331074.00ms : 0.86;-0.51;-0.22;-18.62;17.64;1.89
331094.00ms : 0.88;-0.49;-0.20;-22.34;19.35;-1.83
331114.00ms : 0.91;-0.48;-0.22;-24.05;22.34;-5.13
331134.00ms : 0.90;-0.45;-0.23;-21.06;23.56;-6.53
331154.00ms : 0.86;-0.44;-0.26;-13.85;23.56;-5.07
331174.00ms : 0.85;-0.47;-0.26;-9.46;20.08;1.10
331194.00ms : 0.83;-0.52;-0.22;-3.78;13.73;8.85
331214.00ms : 0.82;-0.60;-0.19;-5.31;10.62;8.97
331234.00ms : 0.82;-0.57;-0.18;-10.01;7.51;6.59
331254.00ms : 0.85;-0.53;-0.20;-9.83;4.82;3.23
331274.00ms : 0.83;-0.52;-0.24;-5.80;6.10;0.98
331294.00ms : 0.82;-0.57;-0.20;-5.80;5.07;-1.40
331314.00ms : 0.85;-0.50;-0.25;-9.46;0.24;-0.49
331334.00ms : 0.92;-0.41;-0.29;-6.10;-2.75;4.52
331354.00ms : 0.94;-0.41;-0.27;-0.43;-2.01;9.89
331374.00ms : 0.90;-0.44;-0.25;3.42;-0.92;12.88
331394.00ms : 0.89;-0.47;-0.23;1.40;-1.04;11.23
331414.00ms : 0.89;-0.45;-0.22;0.37;-3.05;9.28
331434.00ms : 0.86;-0.43;-0.20;0.85;-2.32;8.85
331454.00ms : 0.89;-0.45;-0.19;-0.61;-0.98;6.53
331474.00ms : 0.89;-0.42;-0.22;-0.79;-1.34;4.03
331494.00ms : 0.90;-0.39;-0.26;-0.24;-0.12;3.91
331514.00ms : 0.90;-0.42;-0.25;0.92;1.77;1.28
331534.00ms : 0.87;-0.42;-0.26;2.81;0.67;-0.85
331554.00ms : 0.88;-0.39;-0.25;3.91;0.18;-0.55
331574.00ms : 0.90;-0.43;-0.25;2.50;1.28;0.61
331594.00ms : 0.87;-0.46;-0.25;-0.73;2.69;0.92
331614.00ms : 0.82;-0.45;-0.23;-2.56;4.64;0.49
331634.00ms : 0.87;-0.43;-0.21;-4.82;5.13;-2.87
331654.00ms : 0.88;-0.39;-0.18;-5.07;5.13;-3.66
331674.00ms : 0.92;-0.35;-0.20;-2.01;4.88;-3.85
331694.00ms : 0.91;-0.35;-0.21;6.29;6.04;-0.61
331714.00ms : 0.90;-0.38;-0.22;11.29;5.37;-0.37
331734.00ms : 0.89;-0.41;-0.24;10.80;4.15;-0.79
331754.00ms : 0.86;-0.46;-0.29;7.63;6.29;-2.50
331774.00ms : 0.85;-0.47;-0.29;2.69;10.56;-5.13
331794.00ms : 0.85;-0.50;-0.29;-3.48;14.40;-4.39
331814.00ms : 0.87;-0.53;-0.29;-8.06;18.55;-6.65
331834.00ms : 0.88;-0.47;-0.25;-6.04;17.27;-15.01
331854.00ms : 0.89;-0.37;-0.29;-2.81;14.95;-11.72
331874.00ms : 0.88;-0.36;-0.27;7.39;15.20;-7.93
331894.00ms : 0.89;-0.43;-0.28;13.43;15.87;-5.98
331914.00ms : 0.87;-0.48;-0.30;12.76;12.82;-3.48
331934.00ms : 0.86;-0.52;-0.35;10.56;11.66;-0.61
331954.00ms : 0.89;-0.50;-0.35;9.03;11.72;-4.46
331974.00ms : 0.88;-0.49;-0.34;9.03;10.99;-5.43
331994.00ms : 0.88;-0.47;-0.33;7.93;9.83;-6.96
332014.00ms : 0.87;-0.48;-0.39;6.41;8.73;-1.28
332034.00ms : 0.90;-0.54;-0.41;6.35;10.38;0.98
332054.00ms : 0.89;-0.55;-0.38;7.93;9.77;-3.48
332074.00ms : 0.87;-0.53;-0.36;9.70;7.32;-5.86
332094.00ms : 0.88;-0.50;-0.40;8.85;5.74;-3.05
332114.00ms : 0.90;-0.55;-0.44;7.75;6.35;1.22
332134.00ms : 0.89;-0.57;-0.41;8.30;6.29;0.37
332154.00ms : 0.88;-0.57;-0.39;9.22;4.70;-0.79
332174.00ms : 0.87;-0.57;-0.37;8.73;3.11;-1.95
332194.00ms : 0.89;-0.56;-0.40;5.49;1.28;-0.24
332214.00ms : 0.88;-0.58;-0.43;4.33;0.85;2.26
332234.00ms : 0.89;-0.60;-0.42;3.91;0.49;0.98
332254.00ms : 0.88;-0.61;-0.42;2.87;-1.65;0.49
332274.00ms : 0.88;-0.63;-0.42;1.10;-2.62;-0.37
332294.00ms : 0.88;-0.62;-0.42;-2.62;-3.60;-2.81
332314.00ms : 0.91;-0.59;-0.45;-6.90;-6.04;-2.26
332334.00ms : 0.90;-0.60;-0.46;-7.81;-7.51;0.43
332354.00ms : 0.90;-0.61;-0.45;-8.06;-9.52;2.26
332374.00ms : 0.91;-0.62;-0.45;-7.39;-13.79;4.09
332394.00ms : 0.87;-0.60;-0.42;-3.42;-16.91;2.14
332414.00ms : 0.88;-0.56;-0.38;-1.40;-17.82;0.92
332434.00ms : 0.88;-0.54;-0.37;-3.78;-19.17;2.62
332454.00ms : 0.86;-0.50;-0.37;-6.35;-17.52;5.25
332474.00ms : 0.87;-0.49;-0.33;-8.54;-15.69;4.52
332494.00ms : 0.90;-0.47;-0.32;-9.89;-15.75;3.05
332514.00ms : 0.90;-0.44;-0.31;-9.77;-16.05;2.01
332534.00ms : 0.89;-0.39;-0.34;-10.80;-15.08;5.07
332554.00ms : 0.89;-0.44;-0.33;-7.26;-14.59;7.93
332574.00ms : 0.92;-0.47;-0.30;-6.29;-14.77;6.53
332594.00ms : 0.90;-0.43;-0.25;-3.72;-17.33;3.11
332614.00ms : 0.85;-0.41;-0.28;-1.89;-17.15;7.39
332634.00ms : 0.87;-0.42;-0.27;-1.10;-17.58;8.00
332654.00ms : 0.88;-0.42;-0.23;-2.32;-17.33;5.49
332674.00ms : 0.88;-0.39;-0.24;0.79;-20.14;2.50
332694.00ms : 0.83;-0.34;-0.21;4.94;-22.16;5.43
332714.00ms : 0.81;-0.41;-0.21;9.22;-21.30;9.52
332734.00ms : 0.84;-0.45;-0.21;8.97;-20.69;4.88
332754.00ms : 0.86;-0.44;-0.21;6.53;-18.37;-0.06
332774.00ms : 0.92;-0.45;-0.20;6.16;-16.72;-5.86
332794.00ms : 0.91;-0.41;-0.25;4.70;-15.44;-0.67
332814.00ms : 0.85;-0.46;-0.28;5.55;-13.85;4.27
332834.00ms : 0.84;-0.51;-0.25;3.54;-10.74;-0.43
332854.00ms : 0.88;-0.54;-0.25;-6.35;-7.69;-4.52
332874.00ms : 0.89;-0.57;-0.20;-16.36;-4.76;-4.58
332894.00ms : 0.86;-0.55;-0.22;-26.73;-3.78;0.00
332914.00ms : 0.81;-0.58;-0.23;-37.48;-2.14;5.25
332934.00ms : 0.81;-0.63;-0.13;-40.22;-4.21;6.47
332954.00ms : 0.79;-0.57;-0.10;-31.01;-11.05;2.14
332974.00ms : 0.80;-0.54;-0.10;-16.72;-15.20;-4.46
332994.00ms : 0.79;-0.57;-0.12;-5.98;-16.11;-13.92
333014.00ms : 0.74;-0.66;-0.08;-0.06;-16.78;-20.51
333034.00ms : 0.73;-0.75;-0.02;-0.61;-17.40;-33.39
333054.00ms : 0.73;-0.79;-0.01;-5.62;-20.63;-46.45
333074.00ms : 0.74;-0.75;-0.03;-8.30;-24.48;-51.82
333094.00ms : 0.78;-0.72;-0.05;-9.28;-30.09;-57.80
333114.00ms : 0.84;-0.63;-0.05;3.85;-39.25;-54.63
333134.00ms : 0.77;-0.73;0.02;17.58;-45.41;-52.55
333154.00ms : 0.75;-0.80;0.06;19.17;-53.89;-59.69
333174.00ms : 0.78;-0.85;0.01;11.60;-59.02;-66.83
333194.00ms : 0.75;-0.85;0.01;3.78;-60.12;-70.68
333214.00ms : 0.74;-0.85;0.04;-7.75;-60.61;-71.66
333234.00ms : 0.76;-0.87;0.02;-18.74;-59.45;-74.22
333254.00ms : 0.78;-0.82;0.00;-27.71;-58.17;-73.61
333274.00ms : 0.77;-0.82;-0.01;-31.49;-53.59;-72.33
333294.00ms : 0.76;-0.81;-0.02;-34.36;-51.33;-73.43
333314.00ms : 0.75;-0.77;-0.01;-34.55;-49.68;-75.20
333334.00ms : 0.73;-0.76;-0.02;-33.75;-47.97;-76.54
333354.00ms : 0.73;-0.75;-0.02;-32.35;-46.26;-77.70
333374.00ms : 0.71;-0.75;-0.03;-31.01;-44.86;-78.49
333394.00ms : 0.65;-0.73;-0.04;-28.63;-41.56;-78.43
333414.00ms : 0.62;-0.73;-0.05;-27.89;-38.64;-76.66
333434.00ms : 0.62;-0.72;-0.03;-25.51;-38.27;-73.85
333454.00ms : 0.57;-0.76;-0.00;-21.85;-35.46;-71.41
333474.00ms : 0.52;-0.76;0.02;-22.46;-32.23;-70.98
333494.00ms : 0.51;-0.73;0.06;-24.17;-30.64;-69.09
333514.00ms : 0.47;-0.73;0.05;-26.61;-28.69;-67.93
333534.00ms : 0.44;-0.75;0.09;-29.30;-25.33;-67.93
333554.00ms : 0.42;-0.72;0.07;-33.26;-23.50;-68.48
333574.00ms : 0.41;-0.68;0.10;-32.59;-24.29;-64.70
333594.00ms : 0.39;-0.73;0.13;-28.93;-23.99;-64.09
333614.00ms : 0.36;-0.75;0.14;-28.32;-25.33;-63.11
333634.00ms : 0.33;-0.75;0.17;-28.75;-24.84;-61.28
333654.00ms : 0.32;-0.71;0.20;-27.10;-27.10;-60.30
333674.00ms : 0.30;-0.69;0.18;-21.61;-29.17;-59.39
333694.00ms : 0.25;-0.71;0.18;-19.71;-27.77;-58.11
333714.00ms : 0.21;-0.80;0.18;-24.29;-23.19;-57.07
333734.00ms : 0.17;-0.83;0.21;-33.14;-21.12;-57.31
333754.00ms : 0.16;-0.75;0.22;-37.35;-23.01;-56.64
333774.00ms : 0.18;-0.67;0.20;-32.59;-25.51;-54.20
333794.00ms : 0.15;-0.72;0.21;-30.03;-23.32;-52.92
333814.00ms : 0.11;-0.75;0.22;-32.78;-20.32;-52.55
333834.00ms : 0.07;-0.74;0.26;-36.32;-21.24;-53.04
333854.00ms : 0.06;-0.67;0.27;-34.30;-25.45;-51.39
333874.00ms : 0.05;-0.66;0.25;-28.14;-27.10;-50.05
333894.00ms : 0.03;-0.68;0.29;-22.83;-28.50;-49.19
333914.00ms : -0.01;-0.67;0.27;-20.87;-29.30;-46.94
333934.00ms : -0.06;-0.71;0.31;-21.36;-28.26;-45.59
333954.00ms : -0.07;-0.71;0.34;-26.43;-28.81;-48.10
333974.00ms : -0.07;-0.68;0.31;-34.12;-28.63;-48.89
333994.00ms : -0.09;-0.67;0.32;-38.70;-27.83;-47.42
334014.00ms : -0.10;-0.68;0.34;-44.01;-25.39;-48.52
334034.00ms : -0.11;-0.61;0.36;-49.07;-23.56;-49.62
334054.00ms : -0.11;-0.56;0.34;-53.04;-25.51;-49.68
334074.00ms : -0.13;-0.60;0.33;-53.16;-26.67;-47.79
334094.00ms : -0.15;-0.59;0.37;-56.03;-25.63;-45.84
334114.00ms : -0.17;-0.51;0.35;-59.88;-25.09;-44.68
334134.00ms : -0.15;-0.44;0.32;-57.68;-30.27;-40.89
334154.00ms : -0.18;-0.46;0.39;-51.76;-32.65;-36.74
334174.00ms : -0.21;-0.43;0.38;-44.13;-35.28;-35.46
334194.00ms : -0.24;-0.43;0.39;-35.34;-34.85;-34.79
334214.00ms : -0.24;-0.42;0.37;-29.60;-38.02;-33.81
334234.00ms : -0.28;-0.44;0.35;-26.06;-37.66;-29.54
334254.00ms : -0.29;-0.48;0.35;-25.88;-39.55;-29.72
334274.00ms : -0.29;-0.39;0.34;-24.78;-42.72;-30.64
334294.00ms : -0.27;-0.32;0.31;-19.10;-44.56;-29.11
334314.00ms : -0.29;-0.32;0.28;-11.78;-43.09;-23.80
334334.00ms : -0.34;-0.37;0.29;-9.46;-37.78;-16.66
334354.00ms : -0.36;-0.40;0.30;-13.92;-32.78;-18.68
334374.00ms : -0.34;-0.32;0.26;-16.78;-31.01;-17.88
334394.00ms : -0.36;-0.34;0.23;-16.36;-25.82;-9.34
334414.00ms : -0.41;-0.42;0.28;-19.96;-19.47;-4.88
334434.00ms : -0.42;-0.38;0.26;-21.79;-16.42;-2.69
334454.00ms : -0.39;-0.24;0.28;-17.33;-17.40;1.59
334474.00ms : -0.37;-0.24;0.29;-4.09;-17.33;8.73
334494.00ms : -0.37;-0.31;0.30;5.62;-16.78;6.96
334514.00ms : -0.38;-0.43;0.29;9.83;-15.44;0.79
334534.00ms : -0.44;-0.37;0.29;7.75;-11.78;-5.62
334554.00ms : -0.49;-0.35;0.32;6.35;-8.48;-8.97
334574.00ms : -0.48;-0.33;0.34;4.82;-8.54;-12.76
334594.00ms : -0.50;-0.31;0.34;5.49;-8.30;-12.21
334614.00ms : -0.46;-0.34;0.34;4.15;-7.02;-11.78
334634.00ms : -0.45;-0.35;0.32;1.46;-4.09;-11.05
334654.00ms : -0.48;-0.34;0.31;-1.89;-1.77;-8.73
334674.00ms : -0.48;-0.37;0.34;-5.13;-0.67;-6.04
334694.00ms : -0.46;-0.41;0.33;-11.78;-0.31;-5.07
334714.00ms : -0.44;-0.37;0.32;-15.75;1.34;-6.04
334734.00ms : -0.43;-0.27;0.32;-15.01;3.60;-4.64
334754.00ms : -0.43;-0.26;0.34;-11.11;4.39;-1.95
334774.00ms : -0.42;-0.36;0.30;-8.79;3.48;0.43
334794.00ms : -0.45;-0.36;0.28;-8.54;3.66;2.69
334814.00ms : -0.43;-0.28;0.28;-0.31;2.56;2.75
334834.00ms : -0.40;-0.27;0.30;9.95;0.79;8.79
334854.00ms : -0.44;-0.37;0.32;12.94;3.48;11.35
334874.00ms : -0.46;-0.39;0.31;8.30;6.71;10.01
334894.00ms : -0.43;-0.40;0.32;4.64;6.29;8.73
334914.00ms : -0.43;-0.41;0.33;3.78;6.90;7.26
334934.00ms : -0.46;-0.40;0.35;3.72;10.80;7.45
334954.00ms : -0.47;-0.37;0.37;3.05;11.84;8.48
334974.00ms : -0.45;-0.37;0.38;4.76;10.31;9.64
334994.00ms : -0.42;-0.45;0.36;6.35;10.80;11.11
335014.00ms : -0.46;-0.45;0.38;3.54;12.39;6.90
335034.00ms : -0.45;-0.40;0.38;1.16;11.78;7.02
335054.00ms : -0.44;-0.39;0.39;0.31;9.52;8.30
335074.00ms : -0.40;-0.40;0.34;1.95;8.36;8.85
335094.00ms : -0.41;-0.45;0.35;3.36;8.85;7.69
335114.00ms : -0.43;-0.38;0.35;5.55;10.01;8.30
335134.00ms : -0.41;-0.36;0.37;8.73;7.87;9.77
335154.00ms : -0.40;-0.43;0.37;11.35;6.90;8.91
335174.00ms : -0.41;-0.43;0.34;10.50;7.63;9.09
335194.00ms : -0.41;-0.43;0.36;10.13;9.52;7.81
335214.00ms : -0.39;-0.39;0.35;9.58;9.28;7.93
335234.00ms : -0.37;-0.42;0.34;11.60;9.03;10.01
335254.00ms : -0.37;-0.46;0.34;12.02;8.48;10.25
335274.00ms : -0.38;-0.38;0.35;14.47;8.61;10.56
335294.00ms : -0.39;-0.39;0.34;16.48;10.31;9.95
335314.00ms : -0.40;-0.43;0.32;14.04;13.06;13.06
335334.00ms : -0.36;-0.50;0.31;10.25;15.38;15.01
335354.00ms : -0.35;-0.47;0.35;7.93;16.05;12.94
335374.00ms : -0.36;-0.39;0.34;8.73;18.19;13.06
335394.00ms : -0.34;-0.44;0.34;9.46;20.51;14.95
335414.00ms : -0.35;-0.51;0.33;7.02;20.75;12.39
335434.00ms : -0.32;-0.50;0.36;4.46;22.03;14.28
335454.00ms : -0.30;-0.44;0.37;5.43;21.67;13.12
335474.00ms : -0.29;-0.43;0.35;8.67;21.79;13.85
335494.00ms : -0.29;-0.45;0.37;14.28;20.87;16.24
335514.00ms : -0.28;-0.46;0.33;17.82;21.91;16.97
335534.00ms : -0.26;-0.45;0.36;18.49;22.52;17.21
335554.00ms : -0.25;-0.46;0.35;16.97;22.52;16.91
335574.00ms : -0.22;-0.46;0.34;18.68;19.78;18.43
335594.00ms : -0.19;-0.40;0.35;25.39;18.55;19.90
335614.00ms : -0.19;-0.41;0.31;30.15;21.91;23.50
335634.00ms : -0.19;-0.47;0.31;30.27;22.95;26.18
335654.00ms : -0.17;-0.54;0.29;30.52;20.81;28.20
335674.00ms : -0.15;-0.44;0.30;34.36;20.45;32.10
335694.00ms : -0.14;-0.48;0.27;36.25;28.69;34.91
335714.00ms : -0.13;-0.56;0.34;30.52;30.88;36.25
335734.00ms : -0.13;-0.59;0.36;21.42;29.36;35.46
335754.00ms : -0.10;-0.59;0.30;20.57;25.02;38.21
335774.00ms : -0.06;-0.56;0.34;27.53;26.98;40.77
335794.00ms : -0.09;-0.55;0.34;28.08;30.94;41.69
335814.00ms : -0.07;-0.56;0.37;29.60;26.06;44.74
335834.00ms : -0.04;-0.65;0.35;30.94;20.69;45.23
335854.00ms : 0.01;-0.68;0.28;36.07;17.09;45.78
335874.00ms : 0.00;-0.63;0.28;40.10;21.85;46.08
335894.00ms : -0.01;-0.63;0.31;38.45;24.41;48.46
335914.00ms : 0.01;-0.64;0.32;34.79;20.87;48.77
335934.00ms : 0.07;-0.67;0.28;33.69;18.07;49.80
335954.00ms : 0.11;-0.73;0.25;36.38;19.23;50.42
335974.00ms : 0.10;-0.69;0.22;34.73;25.02;50.17
335994.00ms : 0.09;-0.69;0.25;32.84;25.02;52.86
336014.00ms : 0.12;-0.66;0.25;32.78;20.75;54.69
336034.00ms : 0.18;-0.71;0.20;37.11;18.80;56.34
336054.00ms : 0.20;-0.78;0.17;40.04;23.62;57.68
336074.00ms : 0.18;-0.78;0.23;35.58;26.98;57.74
336094.00ms : 0.18;-0.71;0.25;34.42;23.99;58.41
336114.00ms : 0.22;-0.71;0.20;37.84;21.00;59.94
336134.00ms : 0.24;-0.85;0.17;40.10;23.19;59.20
336154.00ms : 0.25;-0.88;0.21;35.03;25.70;57.07
336174.00ms : 0.25;-0.83;0.22;31.13;22.28;57.01
336194.00ms : 0.28;-0.75;0.22;34.06;17.03;59.45
336214.00ms : 0.31;-0.82;0.17;38.27;16.72;59.69
336234.00ms : 0.33;-0.85;0.18;36.44;17.64;57.62
336254.00ms : 0.32;-0.84;0.18;31.07;18.13;55.73
336274.00ms : 0.33;-0.77;0.17;28.26;15.38;54.02
336294.00ms : 0.37;-0.84;0.12;31.19;14.77;53.71
336314.00ms : 0.36;-0.94;0.09;26.49;16.60;49.87
336334.00ms : 0.37;-0.89;0.08;16.72;18.01;46.94
336354.00ms : 0.39;-0.81;0.11;12.94;17.21;46.45
336374.00ms : 0.45;-0.73;0.07;16.30;15.63;46.94
336394.00ms : 0.49;-0.81;0.04;22.83;16.36;48.71
336414.00ms : 0.46;-0.83;0.02;23.68;16.05;49.38
336434.00ms : 0.45;-0.79;0.03;22.46;14.89;48.58
336454.00ms : 0.53;-0.74;0.02;26.37;12.70;48.34
336474.00ms : 0.58;-0.70;-0.01;33.51;12.94;52.37
336494.00ms : 0.52;-0.85;-0.02;34.73;16.78;55.97
336514.00ms : 0.53;-0.81;-0.01;27.22;15.26;52.37
336534.00ms : 0.58;-0.74;-0.01;22.89;16.66;48.83
336554.00ms : 0.62;-0.67;0.00;22.64;17.03;49.19
336574.00ms : 0.64;-0.82;-0.06;26.67;21.85;55.11
336594.00ms : 0.56;-0.90;-0.03;20.32;19.71;54.38
336614.00ms : 0.62;-0.77;-0.04;15.14;13.49;52.73
336634.00ms : 0.66;-0.68;-0.01;19.17;10.25;53.04
336654.00ms : 0.75;-0.57;0.02;26.67;8.97;55.60
336674.00ms : 0.70;-0.72;-0.02;32.96;13.37;59.75
336694.00ms : 0.62;-0.81;-0.00;24.96;10.01;55.91
336714.00ms : 0.61;-0.81;-0.02;12.70;5.43;48.71
336734.00ms : 0.68;-0.73;-0.01;6.71;4.46;39.86
336754.00ms : 0.75;-0.64;-0.04;8.18;5.19;38.70
336774.00ms : 0.67;-0.79;-0.05;10.50;10.31;44.37
336794.00ms : 0.66;-0.81;-0.07;3.48;5.07;42.05
336814.00ms : 0.70;-0.75;-0.09;-0.92;1.59;37.60
336834.00ms : 0.76;-0.71;-0.10;-1.22;4.27;30.70
336854.00ms : 0.80;-0.62;-0.10;0.12;4.58;29.60
336874.00ms : 0.75;-0.63;-0.13;7.26;9.22;36.07
336894.00ms : 0.74;-0.73;-0.13;8.18;11.11;35.89
336914.00ms : 0.73;-0.74;-0.14;-1.53;11.41;30.40
336934.00ms : 0.76;-0.66;-0.13;-10.99;12.63;25.94
336954.00ms : 0.80;-0.57;-0.14;-10.13;14.04;27.10
336974.00ms : 0.78;-0.56;-0.11;-4.64;18.13;32.47
336994.00ms : 0.79;-0.56;-0.12;-4.94;18.19;29.66
337014.00ms : 0.79;-0.57;-0.15;-4.15;19.04;25.45
337034.00ms : 0.78;-0.61;-0.15;-6.53;18.92;24.60
337054.00ms : 0.78;-0.59;-0.14;-7.32;17.40;27.53
337074.00ms : 0.78;-0.59;-0.13;-5.92;19.47;27.16
337094.00ms : 0.83;-0.54;-0.14;-4.39;19.65;20.94
337114.00ms : 0.84;-0.52;-0.18;0.73;17.52;21.61
337134.00ms : 0.78;-0.60;-0.15;3.66;16.54;25.94
337154.00ms : 0.80;-0.66;-0.17;2.87;15.63;21.73
337174.00ms : 0.82;-0.60;-0.14;2.08;13.31;16.54
337194.00ms : 0.85;-0.53;-0.12;3.17;10.74;13.79
337214.00ms : 0.83;-0.53;-0.17;8.67;10.56;13.43
337234.00ms : 0.80;-0.58;-0.15;10.01;10.99;12.08
337254.00ms : 0.80;-0.58;-0.17;6.04;11.66;10.07
337274.00ms : 0.82;-0.55;-0.16;1.34;11.96;5.68
337294.00ms : 0.83;-0.54;-0.18;-0.73;10.07;6.59
337314.00ms : 0.83;-0.54;-0.18;0.85;7.45;8.73
337334.00ms : 0.83;-0.54;-0.17;0.49;5.92;9.40
337354.00ms : 0.86;-0.52;-0.18;-1.46;6.35;6.90
337374.00ms : 0.84;-0.51;-0.18;-2.81;6.90;7.14
337394.00ms : 0.84;-0.52;-0.19;-5.80;8.73;6.35
337414.00ms : 0.87;-0.48;-0.20;-8.30;8.61;4.94
337434.00ms : 0.84;-0.49;-0.22;-9.16;12.15;7.69
337454.00ms : 0.84;-0.53;-0.23;-15.44;16.30;4.15
337474.00ms : 0.87;-0.48;-0.24;-20.02;17.03;0.24
337494.00ms : 0.88;-0.45;-0.24;-18.01;15.93;1.89
337514.00ms : 0.84;-0.45;-0.21;-14.22;13.67;4.64
337534.00ms : 0.85;-0.48;-0.22;-10.74;12.02;2.20
337554.00ms : 0.87;-0.40;-0.21;-1.95;8.91;2.08
337574.00ms : 0.85;-0.47;-0.23;6.16;7.14;5.43
337594.00ms : 0.86;-0.45;-0.19;7.45;3.42;4.27
337614.00ms : 0.92;-0.44;-0.22;10.68;3.05;0.37
337634.00ms : 0.92;-0.45;-0.24;13.06;5.00;2.20
337654.00ms : 0.82;-0.54;-0.25;10.25;8.61;5.62
337674.00ms : 0.82;-0.49;-0.21;2.75;8.54;4.64
337694.00ms : 0.85;-0.47;-0.19;-0.18;8.67;3.78
337714.00ms : 0.82;-0.53;-0.21;-7.51;11.54;-0.49
337734.00ms : 0.84;-0.51;-0.23;-13.43;8.85;-1.34
337754.00ms : 0.88;-0.45;-0.26;-12.21;7.14;0.49
337774.00ms : 0.91;-0.44;-0.23;-4.15;7.20;1.71
337794.00ms : 0.88;-0.48;-0.27;-0.67;6.59;1.10
337814.00ms : 0.85;-0.49;-0.25;-3.54;5.49;0.79
337834.00ms : 0.90;-0.48;-0.27;-9.22;6.47;0.92
337854.00ms : 0.90;-0.50;-0.25;-10.62;7.32;0.18
337874.00ms : 0.88;-0.45;-0.26;-9.89;5.00;2.32
337894.00ms : 0.89;-0.44;-0.27;-8.48;2.81;5.43
337914.00ms : 0.88;-0.46;-0.27;-6.53;0.79;7.87
337934.00ms : 0.88;-0.45;-0.25;-3.36;-0.49;7.75
337954.00ms : 0.88;-0.46;-0.27;-2.81;-1.95;8.48
337974.00ms : 0.89;-0.47;-0.26;-3.17;-1.95;9.16
337994.00ms : 0.91;-0.48;-0.25;-5.19;-0.85;7.93
338014.00ms : 0.90;-0.45;-0.24;-6.53;1.10;6.04
338034.00ms : 0.89;-0.42;-0.22;-8.18;1.65;4.21
338054.00ms : 0.92;-0.41;-0.25;-6.96;0.85;3.17
338074.00ms : 0.91;-0.40;-0.26;-4.64;0.61;3.97
338094.00ms : 0.90;-0.39;-0.25;-0.49;0.31;4.70
338114.00ms : 0.90;-0.39;-0.25;2.08;-0.92;5.19
338134.00ms : 0.91;-0.43;-0.27;2.50;-0.43;4.46
338154.00ms : 0.91;-0.42;-0.28;1.16;-0.98;3.54
338174.00ms : 0.89;-0.41;-0.27;0.98;-0.49;3.78
338194.00ms : 0.90;-0.43;-0.28;2.08;-1.34;2.56
338214.00ms : 0.92;-0.39;-0.27;1.53;-1.34;2.32
338234.00ms : 0.91;-0.39;-0.28;1.95;-1.46;3.91
338254.00ms : 0.89;-0.41;-0.26;1.34;-0.67;3.85
338274.00ms : 0.90;-0.44;-0.25;0.79;-0.67;2.08
338294.00ms : 0.91;-0.42;-0.26;0.98;-2.01;1.10
338314.00ms : 0.91;-0.40;-0.26;2.38;-2.20;1.89
338334.00ms : 0.91;-0.40;-0.26;3.72;-1.71;3.30
338354.00ms : 0.92;-0.40;-0.27;4.09;-2.01;4.27
338374.00ms : 0.93;-0.45;-0.30;3.05;-2.69;4.88
338394.00ms : 0.86;-0.50;-0.29;-0.06;-2.26;4.70
338414.00ms : 0.85;-0.46;-0.25;-3.72;-0.85;1.77
338434.00ms : 0.91;-0.42;-0.23;-6.41;-0.43;-1.59
338454.00ms : 0.92;-0.39;-0.28;-7.26;-0.67;-1.46
338474.00ms : 0.90;-0.37;-0.28;-4.15;-0.37;2.08
338494.00ms : 0.90;-0.38;-0.26;-0.18;-1.04;3.36
338514.00ms : 0.91;-0.38;-0.25;3.17;-1.89;2.44
338534.00ms : 0.91;-0.40;-0.27;4.58;-2.62;2.32
338554.00ms : 0.89;-0.43;-0.27;3.54;-2.01;3.05
338574.00ms : 0.90;-0.43;-0.27;0.98;-1.83;2.38
338594.00ms : 0.91;-0.40;-0.26;0.92;-1.83;1.71
338614.00ms : 0.91;-0.39;-0.25;2.20;-1.83;2.38
338634.00ms : 0.90;-0.42;-0.26;2.69;-1.04;2.93
338654.00ms : 0.90;-0.44;-0.26;1.10;-0.49;2.93
338674.00ms : 0.90;-0.43;-0.25;0.00;-0.37;1.71
338694.00ms : 0.91;-0.40;-0.27;-0.18;-0.85;1.34
338714.00ms : 0.91;-0.39;-0.27;0.61;-0.85;1.65
338734.00ms : 0.91;-0.39;-0.28;2.81;-1.40;2.50
338754.00ms : 0.90;-0.40;-0.28;3.42;-1.59;3.30
338774.00ms : 0.90;-0.40;-0.25;3.23;-1.53;2.56
338794.00ms : 0.91;-0.39;-0.28;3.48;-2.32;1.71
338814.00ms : 0.91;-0.40;-0.28;3.97;-1.77;2.38
338834.00ms : 0.90;-0.41;-0.29;3.78;-1.95;2.81
338854.00ms : 0.91;-0.41;-0.27;3.30;-1.83;2.50
338874.00ms : 0.90;-0.43;-0.27;1.83;-1.40;2.26
338894.00ms : 0.90;-0.44;-0.27;-0.67;-1.28;1.65
338914.00ms : 0.90;-0.42;-0.28;-2.44;-1.04;1.22
338934.00ms : 0.92;-0.42;-0.28;-2.62;-1.28;1.28
338954.00ms : 0.92;-0.43;-0.26;-5.00;-0.18;2.01
338974.00ms : 0.89;-0.44;-0.25;-6.77;-0.98;1.89
338994.00ms : 0.88;-0.44;-0.26;-7.93;-0.12;1.10
339014.00ms : 0.91;-0.40;-0.27;-9.03;0.49;-0.06
339034.00ms : 0.93;-0.36;-0.27;-9.03;0.49;0.31
339054.00ms : 0.92;-0.34;-0.26;-5.62;0.12;2.08
339074.00ms : 0.90;-0.35;-0.26;-1.59;-0.18;2.87
339094.00ms : 0.91;-0.36;-0.23;1.65;-0.85;2.20
339114.00ms : 0.92;-0.36;-0.27;4.52;-2.08;2.01
339134.00ms : 0.91;-0.38;-0.28;6.53;-2.01;3.17
339154.00ms : 0.90;-0.40;-0.27;5.25;-2.14;3.36
339174.00ms : 0.91;-0.40;-0.25;4.52;-1.46;1.59
339194.00ms : 0.91;-0.39;-0.26;3.11;-1.65;1.22
339214.00ms : 0.91;-0.40;-0.28;2.75;-1.40;2.32
339234.00ms : 0.90;-0.41;-0.26;2.20;-0.49;1.46
339254.00ms : 0.91;-0.38;-0.26;0.85;-0.98;1.46
339274.00ms : 0.92;-0.39;-0.27;0.37;-0.73;1.53
339294.00ms : 0.91;-0.40;-0.28;-0.43;-0.24;1.16
339314.00ms : 0.92;-0.38;-0.28;0.55;-1.10;0.98
339334.00ms : 0.92;-0.39;-0.28;1.40;-1.34;1.83
339354.00ms : 0.91;-0.41;-0.26;1.28;-1.59;2.01
339374.00ms : 0.91;-0.41;-0.26;1.22;-1.40;1.04
339394.00ms : 0.91;-0.40;-0.27;0.00;-1.22;0.61
339414.00ms : 0.92;-0.40;-0.28;-0.79;-1.34;0.92
339434.00ms : 0.91;-0.38;-0.27;-0.37;-1.65;0.98
339454.00ms : 0.92;-0.38;-0.27;0.43;-1.71;0.61
339474.00ms : 0.91;-0.39;-0.27;0.18;-0.98;1.10
339494.00ms : 0.92;-0.39;-0.27;-0.55;-1.46;0.79
339514.00ms : 0.92;-0.39;-0.28;-0.31;-2.01;0.55
339534.00ms : 0.91;-0.40;-0.28;-0.18;-2.14;0.79
339554.00ms : 0.90;-0.40;-0.27;-0.55;-1.59;0.49
339574.00ms : 0.92;-0.39;-0.26;-0.92;-1.40;0.24
339594.00ms : 0.91;-0.40;-0.27;-1.04;-1.46;0.67
339614.00ms : 0.91;-0.39;-0.27;-0.73;-1.95;0.92
339634.00ms : 0.91;-0.41;-0.27;-0.55;-1.95;0.92
339654.00ms : 0.91;-0.41;-0.27;-1.16;-1.46;-0.06
339674.00ms : 0.91;-0.38;-0.25;-1.89;-1.22;0.12
339694.00ms : 0.92;-0.38;-0.28;-1.46;-1.53;0.67
339714.00ms : 0.92;-0.39;-0.27;-0.31;-1.71;1.04
339734.00ms : 0.91;-0.39;-0.27;0.24;-1.53;0.00
339754.00ms : 0.91;-0.40;-0.26;-0.49;-1.34;-0.18
339774.00ms : 0.91;-0.39;-0.27;-1.77;-1.10;-0.12
339794.00ms : 0.92;-0.38;-0.28;-1.34;-1.40;0.37
339814.00ms : 0.91;-0.40;-0.27;-0.67;-1.04;0.61
339834.00ms : 0.91;-0.40;-0.27;-0.98;-1.22;-0.18
339854.00ms : 0.91;-0.39;-0.26;-1.53;-1.16;0.06
339874.00ms : 0.91;-0.39;-0.27;-1.89;-0.92;0.43
339894.00ms : 0.92;-0.40;-0.27;-2.50;-0.67;0.43
339914.00ms : 0.91;-0.41;-0.26;-3.60;-0.12;-0.61
339934.00ms : 0.91;-0.40;-0.26;-5.49;-0.43;-1.59
339954.00ms : 0.91;-0.38;-0.28;-5.49;-0.31;-0.55
339974.00ms : 0.92;-0.38;-0.27;-2.93;-0.92;0.43
339994.00ms : 0.91;-0.40;-0.26;-2.01;-0.92;0.55
340014.00ms : 0.90;-0.39;-0.25;-2.56;-0.61;0.31
340034.00ms : 0.91;-0.38;-0.26;-1.65;-0.55;-0.43
340054.00ms : 0.91;-0.38;-0.26;-1.10;-0.67;-0.37
340074.00ms : 0.91;-0.37;-0.27;0.06;-0.79;0.73
340094.00ms : 0.92;-0.38;-0.26;1.65;-1.22;1.22
340114.00ms : 0.91;-0.40;-0.26;2.87;-1.65;0.92
340134.00ms : 0.92;-0.38;-0.26;3.11;-1.89;0.18
340154.00ms : 0.92;-0.39;-0.27;3.42;-1.83;0.43
340174.00ms : 0.91;-0.39;-0.26;3.11;-1.71;0.73
340194.00ms : 0.91;-0.41;-0.27;2.32;-1.34;0.55
340214.00ms : 0.91;-0.41;-0.27;1.53;-1.34;0.06
340234.00ms : 0.91;-0.39;-0.26;1.28;-1.28;-0.18
340254.00ms : 0.91;-0.38;-0.27;2.01;-1.95;0.06
340274.00ms : 0.90;-0.40;-0.27;2.20;-1.16;0.73
340294.00ms : 0.91;-0.40;-0.27;1.22;-1.40;0.61
340314.00ms : 0.92;-0.40;-0.26;1.16;-1.22;0.31
340334.00ms : 0.91;-0.40;-0.26;1.22;-0.92;-0.24
340354.00ms : 0.91;-0.40;-0.28;0.43;-0.73;0.18
340374.00ms : 0.92;-0.39;-0.29;-0.31;-0.79;0.06
340394.00ms : 0.92;-0.39;-0.27;0.06;-0.85;1.04
340414.00ms : 0.91;-0.40;-0.26;-0.06;-1.10;0.37
340434.00ms : 0.91;-0.40;-0.26;-0.12;-0.79;-0.12
340454.00ms : 0.91;-0.40;-0.29;-0.18;-1.28;0.37
340474.00ms : 0.91;-0.39;-0.27;-0.61;-1.10;0.92
340494.00ms : 0.92;-0.39;-0.26;0.00;-1.53;0.73
340514.00ms : 0.92;-0.39;-0.27;0.00;-1.83;0.73
340534.00ms : 0.91;-0.40;-0.28;-0.85;-1.34;2.56
340554.00ms : 0.91;-0.42;-0.27;-2.62;-1.77;1.71
340574.00ms : 0.91;-0.40;-0.26;-2.56;-1.28;0.98
340594.00ms : 0.91;-0.38;-0.25;-3.36;-0.85;0.92
340614.00ms : 0.91;-0.39;-0.27;-3.36;-0.73;1.10
340634.00ms : 0.92;-0.38;-0.27;-2.01;-0.49;0.92
340654.00ms : 0.92;-0.40;-0.27;-0.37;-0.85;0.92
340674.00ms : 0.92;-0.39;-0.27;-0.31;-1.34;0.85
340694.00ms : 0.91;-0.39;-0.27;-0.18;-1.53;0.98
340714.00ms : 0.91;-0.39;-0.26;-0.31;-0.92;0.73
340734.00ms : 0.92;-0.38;-0.27;-0.18;-1.53;-0.12
340754.00ms : 0.91;-0.38;-0.27;0.43;-1.46;0.73
340774.00ms : 0.90;-0.40;-0.26;1.22;-1.77;0.67
340794.00ms : 0.91;-0.40;-0.27;1.28;-1.83;0.85
340814.00ms : 0.91;-0.40;-0.26;0.31;-1.59;0.79
340834.00ms : 0.91;-0.40;-0.26;-0.43;-1.40;0.24
340854.00ms : 0.91;-0.38;-0.27;-0.06;-1.10;0.12
340874.00ms : 0.92;-0.38;-0.27;0.37;-1.46;0.55
340894.00ms : 0.91;-0.39;-0.27;0.92;-1.28;0.85
340914.00ms : 0.91;-0.41;-0.27;0.31;-1.53;1.16
340934.00ms : 0.91;-0.39;-0.26;-0.85;-1.46;1.34
340954.00ms : 0.91;-0.39;-0.26;-1.16;-1.46;0.98
340974.00ms : 0.91;-0.39;-0.27;-0.49;-1.16;1.46
340994.00ms : 0.92;-0.39;-0.25;-0.31;-0.61;1.40
341014.00ms : 0.92;-0.39;-0.26;0.06;-1.46;1.22
341034.00ms : 0.91;-0.39;-0.27;0.49;-1.34;1.71
341054.00ms : 0.91;-0.40;-0.26;0.67;-1.10;1.71
341074.00ms : 0.92;-0.38;-0.27;0.98;-0.98;0.92
341094.00ms : 0.92;-0.39;-0.26;0.79;-0.92;0.79
341114.00ms : 0.91;-0.38;-0.26;0.55;-0.85;0.31
341134.00ms : 0.92;-0.38;-0.27;0.43;-1.10;0.31
341154.00ms : 0.91;-0.40;-0.28;0.00;-0.73;0.85
341174.00ms : 0.92;-0.39;-0.27;-0.61;-0.79;0.24
341194.00ms : 0.91;-0.39;-0.26;0.00;-0.55;-0.55
341214.00ms : 0.92;-0.38;-0.28;0.18;-1.53;0.37
341234.00ms : 0.91;-0.40;-0.27;0.55;-0.79;1.46
341254.00ms : 0.91;-0.39;-0.25;0.18;-1.04;0.31
341274.00ms : 0.92;-0.38;-0.26;0.55;-1.16;0.31
341294.00ms : 0.92;-0.37;-0.28;1.95;-1.34;1.16
341314.00ms : 0.91;-0.40;-0.28;2.56;-1.46;1.46
341334.00ms : 0.91;-0.41;-0.27;1.71;-1.10;0.79
341354.00ms : 0.91;-0.40;-0.27;1.04;-1.28;0.24
341374.00ms : 0.91;-0.39;-0.27;0.18;-0.98;0.31
341394.00ms : 0.92;-0.38;-0.26;-0.12;-0.61;-0.31
341414.00ms : 0.92;-0.39;-0.27;-0.37;-0.37;-0.18
341434.00ms : 0.91;-0.39;-0.27;-0.37;0.06;-0.18
341454.00ms : 0.92;-0.39;-0.28;0.18;-0.79;-1.10
341474.00ms : 0.91;-0.39;-0.28;0.85;-0.49;-0.67
341494.00ms : 0.91;-0.39;-0.27;0.73;-0.24;-0.67
341514.00ms : 0.93;-0.39;-0.28;-1.10;-0.92;-0.98
