46292.00ms : -0.38;-0.87;0.05;-15.44;7.75;26.98
46312.00ms : -0.34;-0.84;0.05;-23.74;1.77;30.15
46332.00ms : -0.26;-0.92;-0.04;-30.76;-4.15;42.30
46352.00ms : -0.31;-0.93;-0.14;-46.20;-2.75;61.40
46372.00ms : -0.32;-1.08;-0.01;-83.50;-6.53;50.23
46392.00ms : -0.24;-1.10;-0.03;-107.36;-11.90;21.79
46412.00ms : -0.24;-1.02;-0.01;-126.59;-10.50;1.04
46432.00ms : -0.26;-0.90;0.09;-137.76;-20.02;-12.45
46452.00ms : -0.30;-0.84;0.03;-147.89;-21.06;-29.48
46472.00ms : -0.16;-0.89;-0.07;-166.44;-5.68;-59.81
46492.00ms : -0.00;-0.77;0.00;-189.33;12.82;-101.07
46512.00ms : 0.01;-0.55;0.04;-190.06;18.31;-125.12
46532.00ms : -0.17;-0.42;0.29;-191.96;-2.56;-141.97
46552.00ms : -0.26;-0.31;0.22;-193.91;-25.57;-156.13
46572.00ms : -0.28;-0.21;0.15;-184.94;-15.14;-163.70
46592.00ms : -0.24;-0.07;0.20;-194.89;-13.31;-170.29
46612.00ms : -0.21;-0.11;0.26;-199.16;-11.54;-182.01
46632.00ms : -0.26;-0.07;0.24;-172.42;-19.65;-195.56
46652.00ms : -0.24;0.23;0.15;-171.81;-15.44;-200.38
46672.00ms : -0.22;0.56;0.26;-187.93;-25.21;-176.57
46692.00ms : -0.38;0.64;0.32;-175.05;-37.96;-140.93
46712.00ms : -0.34;0.53;0.28;-161.25;-48.58;-130.07
46732.00ms : -0.28;0.53;0.24;-152.77;-53.41;-123.72
46752.00ms : -0.29;0.70;0.25;-137.82;-59.88;-110.29
46772.00ms : -0.53;0.80;0.08;-120.18;-57.07;-88.99
46792.00ms : -0.50;0.68;0.11;-128.05;-45.17;-79.35
46812.00ms : -0.40;0.68;0.15;-128.30;-54.50;-81.05
46832.00ms : -0.50;0.55;0.01;-132.08;-59.02;-102.36
46852.00ms : -0.50;0.56;-0.19;-98.33;-25.27;-136.05
46872.00ms : -0.44;0.88;0.01;-81.24;-5.37;-149.23
46892.00ms : -0.42;1.05;0.03;-70.56;-2.81;-148.80
46912.00ms : -0.34;1.14;0.01;-68.42;4.82;-152.89
46932.00ms : -0.38;1.40;0.06;-52.73;14.65;-144.78
46952.00ms : -0.45;1.67;0.22;-11.35;26.61;-103.52
46972.00ms : -0.40;1.71;0.29;24.05;21.00;-48.28
46992.00ms : -0.39;1.65;0.28;69.76;21.79;7.32
47012.00ms : -0.36;1.57;0.31;103.76;13.18;46.26
47032.00ms : -0.39;1.52;0.36;133.54;3.48;83.74
47052.00ms : -0.37;1.44;0.32;158.51;-7.39;120.79
47072.00ms : -0.36;1.29;0.21;170.59;-14.40;149.35
47092.00ms : -0.33;1.16;0.22;178.47;-15.26;172.61
47112.00ms : -0.34;1.15;0.29;202.64;-21.61;198.79
47132.00ms : -0.31;1.09;0.32;212.28;-44.07;232.12
47152.00ms : -0.25;0.99;0.22;213.75;-69.89;269.10
47172.00ms : -0.19;0.65;0.12;213.44;-87.22;295.29
47192.00ms : -0.19;0.46;0.02;208.50;-95.64;302.43
47212.00ms : -0.20;0.37;-0.07;201.35;-84.17;310.06
47232.00ms : -0.22;0.29;0.02;197.20;-74.34;321.96
47252.00ms : -0.19;0.12;0.03;205.93;-82.58;341.74
47272.00ms : -0.08;0.15;0.10;170.65;-111.15;368.84
47292.00ms : -0.05;0.19;0.06;122.92;-140.20;413.94
47312.00ms : 0.04;-0.07;-0.18;109.25;-120.42;460.63
47332.00ms : 0.22;-0.48;-0.29;100.04;-81.42;451.29
47352.00ms : 0.34;-0.73;-0.27;94.12;-33.39;404.11
47372.00ms : 0.32;-0.75;-0.13;103.39;-1.04;351.26
47392.00ms : 0.36;-0.76;-0.10;105.22;14.10;303.53
47412.00ms : 0.39;-0.93;-0.11;105.10;22.40;243.84
47432.00ms : 0.37;-1.03;-0.20;126.77;47.91;182.25
47452.00ms : 0.35;-1.01;-0.22;141.78;68.79;130.98
47472.00ms : 0.29;-1.03;-0.22;131.53;66.59;96.68
47492.00ms : 0.30;-1.07;-0.29;106.14;51.70;77.76
47512.00ms : 0.46;-1.07;-0.36;78.86;41.44;71.23
47532.00ms : 0.48;-1.00;-0.24;76.97;40.95;59.14
47552.00ms : 0.45;-1.06;-0.18;91.92;21.18;43.64
47572.00ms : 0.47;-1.06;-0.36;102.78;10.80;35.71
47592.00ms : 0.39;-1.04;-0.46;80.63;-1.40;44.80
47612.00ms : 0.42;-1.27;-0.58;48.71;-2.69;42.48
47632.00ms : 0.48;-1.40;-0.56;46.88;11.17;10.80
47652.00ms : 0.47;-1.26;-0.51;46.20;25.27;-29.24
47672.00ms : 0.36;-1.03;-0.39;36.50;14.59;-37.96
47692.00ms : 0.42;-1.15;-0.42;11.35;-11.23;-27.59
47712.00ms : 0.48;-1.33;-0.47;-0.18;-19.29;-45.90
47732.00ms : 0.51;-1.26;-0.48;-1.83;-17.46;-80.81
47752.00ms : 0.45;-1.18;-0.49;-9.83;-22.03;-99.12
47772.00ms : 0.36;-1.24;-0.56;-30.27;-29.72;-103.76
47792.00ms : 0.36;-1.45;-0.63;-53.16;-27.65;-128.36
47812.00ms : 0.31;-1.41;-0.56;-71.29;-21.73;-170.41
47832.00ms : 0.11;-1.24;-0.65;-82.52;-22.52;-193.05
47852.00ms : 0.00;-1.22;-0.83;-97.53;10.80;-209.35
47872.00ms : -0.03;-1.22;-0.77;-107.36;61.65;-240.84
47892.00ms : -0.02;-1.23;-0.65;-104.80;106.69;-290.59
47912.00ms : 0.07;-1.08;-0.51;-109.92;139.71;-355.65
47932.00ms : 0.02;-0.65;-0.37;-106.32;164.31;-378.48
47952.00ms : -0.18;-0.34;-0.16;-96.01;171.57;-355.59
47972.00ms : -0.21;-0.14;-0.09;-94.24;179.38;-315.49
47992.00ms : -0.37;-0.10;0.19;-92.35;173.58;-273.32
48012.00ms : -0.47;-0.22;0.20;-89.66;159.85;-245.97
48032.00ms : -0.42;-0.36;0.13;-76.72;162.05;-247.99
48052.00ms : -0.36;-0.30;0.19;-70.01;173.46;-254.15
48072.00ms : -0.39;-0.08;0.27;-69.52;173.10;-249.45
48092.00ms : -0.38;-0.02;0.34;-72.27;169.68;-234.80
48112.00ms : -0.34;-0.06;0.35;-71.41;165.65;-226.50
48132.00ms : -0.27;-0.00;0.38;-65.98;165.77;-227.42
48152.00ms : -0.19;0.14;0.46;-69.27;157.23;-213.56
48172.00ms : -0.11;0.13;0.59;-78.43;119.08;-199.10
48192.00ms : -0.11;0.25;0.48;-87.28;85.63;-177.06
48212.00ms : -0.15;0.22;0.40;-100.46;66.41;-155.70
48232.00ms : -0.16;0.21;0.35;-105.04;66.10;-146.42
48252.00ms : -0.18;0.28;0.37;-100.71;70.43;-139.47
48272.00ms : -0.17;0.42;0.48;-100.16;65.49;-125.12
48292.00ms : -0.17;0.41;0.45;-99.00;57.98;-112.06
48312.00ms : -0.15;0.51;0.41;-90.52;64.03;-103.45
48332.00ms : -0.11;0.64;0.56;-82.15;59.57;-96.80
48352.00ms : -0.15;1.06;0.69;-66.47;38.45;-56.76
48372.00ms : -0.22;1.14;0.80;-34.48;18.31;-1.89
48392.00ms : -0.28;1.04;0.90;-4.88;-9.03;39.18
48412.00ms : -0.23;1.02;0.85;29.91;-41.26;61.77
48432.00ms : -0.24;1.04;0.78;64.39;-65.00;102.05
48452.00ms : -0.31;1.03;0.76;82.40;-97.84;149.60
48472.00ms : -0.34;1.02;0.70;98.45;-124.51;203.80
48492.00ms : -0.30;0.90;0.63;106.99;-148.99;254.46
48512.00ms : -0.25;0.77;0.56;113.40;-166.93;300.78
48532.00ms : -0.18;0.53;0.45;119.08;-178.10;334.66
48552.00ms : -0.13;0.28;0.32;119.93;-179.81;347.35
48572.00ms : -0.14;0.10;0.23;118.90;-178.96;347.72
48592.00ms : -0.15;-0.06;0.13;106.57;-177.49;342.65
48612.00ms : -0.16;-0.27;-0.05;88.32;-162.66;332.21
48632.00ms : -0.21;-0.43;-0.06;72.33;-141.54;315.31
48652.00ms : -0.25;-0.49;-0.02;54.81;-132.75;296.75
48672.00ms : -0.29;-0.44;-0.03;44.43;-129.15;293.58
48692.00ms : -0.28;-0.47;-0.03;29.24;-121.52;298.71
48712.00ms : -0.21;-0.73;-0.10;23.50;-105.90;290.77
48732.00ms : -0.18;-0.90;-0.14;29.17;-77.21;254.46
48752.00ms : -0.16;-1.01;-0.13;39.79;-45.23;207.15
48772.00ms : -0.18;-0.98;-0.09;47.36;-20.20;161.25
48792.00ms : -0.14;-0.96;-0.05;53.47;-6.35;129.76
48812.00ms : -0.14;-1.00;-0.01;45.47;-11.90;106.20
48832.00ms : -0.09;-0.98;-0.06;44.86;-9.70;85.69
48852.00ms : -0.19;-0.91;-0.01;53.16;-12.88;77.94
48872.00ms : -0.28;-0.78;-0.03;59.27;-26.43;77.39
48892.00ms : -0.31;-0.67;-0.13;55.36;-35.58;105.71
48912.00ms : -0.28;-0.69;-0.20;50.42;-40.28;146.18
48932.00ms : -0.14;-0.91;-0.29;48.46;-34.61;167.11
48952.00ms : -0.07;-1.01;-0.31;50.84;-21.97;160.52
48972.00ms : 0.04;-1.10;-0.31;55.18;-6.84;141.91
48992.00ms : 0.13;-1.18;-0.28;56.76;4.33;110.53
49012.00ms : 0.16;-1.17;-0.26;53.59;6.23;85.21
49032.00ms : 0.20;-1.18;-0.29;47.67;8.12;63.05
49052.00ms : 0.24;-1.21;-0.34;32.71;14.34;45.23
49072.00ms : 0.22;-1.26;-0.33;27.53;16.11;25.27
49092.00ms : 0.29;-1.30;-0.40;18.13;22.34;1.16
49112.00ms : 0.27;-1.24;-0.33;10.99;24.84;-17.33
49132.00ms : 0.27;-1.19;-0.29;3.85;11.84;-24.23
49152.00ms : 0.24;-1.18;-0.38;-4.76;1.65;-22.09
49172.00ms : 0.22;-1.36;-0.42;-18.01;-1.53;-36.56
49192.00ms : 0.20;-1.41;-0.50;-33.02;6.59;-71.53
49212.00ms : 0.27;-1.49;-0.52;-42.85;18.13;-111.27
49232.00ms : 0.15;-1.36;-0.59;-55.54;40.04;-144.53
49252.00ms : 0.07;-1.24;-0.52;-77.21;62.62;-174.13
49272.00ms : 0.08;-1.29;-0.50;-90.52;81.67;-205.51
49292.00ms : 0.16;-1.27;-0.41;-85.57;101.20;-245.00
49312.00ms : 0.12;-1.08;-0.39;-100.71;117.61;-265.93
49332.00ms : 0.09;-0.95;-0.26;-101.32;132.57;-282.10
49352.00ms : 0.02;-0.73;-0.14;-93.75;139.28;-287.66
49372.00ms : -0.04;-0.52;-0.01;-79.16;141.30;-273.38
49392.00ms : -0.18;-0.33;0.08;-68.79;137.63;-245.24
49412.00ms : -0.33;-0.21;0.17;-69.34;126.04;-206.67
49432.00ms : -0.40;-0.26;0.23;-77.58;104.49;-181.82
49452.00ms : -0.42;-0.38;0.15;-66.10;104.31;-174.62
49472.00ms : -0.41;-0.45;0.06;-53.10;122.56;-183.17
49492.00ms : -0.29;-0.54;0.11;-47.24;146.79;-203.49
49512.00ms : -0.32;-0.39;0.25;-43.52;147.95;-220.15
49532.00ms : -0.38;-0.19;0.27;-49.38;143.92;-214.60
49552.00ms : -0.38;-0.18;0.29;-49.62;151.31;-207.03
49572.00ms : -0.33;-0.18;0.36;-45.29;159.67;-203.98
49592.00ms : -0.31;-0.08;0.43;-38.57;163.57;-199.52
49612.00ms : -0.29;-0.00;0.47;-31.31;166.38;-189.88
49632.00ms : -0.24;0.04;0.52;-23.44;167.60;-174.93
49652.00ms : -0.19;0.04;0.55;-23.07;164.98;-161.25
49672.00ms : -0.16;0.05;0.58;-16.85;161.56;-149.23
49692.00ms : -0.12;0.06;0.57;-10.93;156.68;-139.16
49712.00ms : -0.08;0.06;0.56;-2.26;156.74;-130.86
49732.00ms : -0.02;0.08;0.57;6.04;153.32;-121.09
49752.00ms : 0.02;0.07;0.54;11.84;150.63;-111.21
49772.00ms : 0.08;-0.03;0.56;18.98;147.89;-110.84
49792.00ms : 0.13;-0.01;0.57;26.79;143.92;-110.11
49812.00ms : 0.19;0.08;0.65;24.35;129.03;-89.11
49832.00ms : 0.25;0.13;0.78;10.31;90.64;-59.81
49852.00ms : 0.22;0.25;0.92;1.77;36.19;-17.21
49872.00ms : 0.25;0.19;0.99;-6.53;-22.52;21.30
49892.00ms : 0.28;0.14;0.91;-0.98;-70.80;51.94
49912.00ms : 0.23;0.14;0.91;7.81;-104.49;73.06
49932.00ms : 0.22;0.06;0.89;15.01;-136.17;83.86
49952.00ms : 0.22;0.14;0.94;23.38;-174.44;98.33
49972.00ms : 0.19;0.25;0.97;24.84;-222.72;127.38
49992.00ms : 0.18;0.30;0.95;24.54;-280.33;167.72
50012.00ms : 0.15;0.32;0.94;19.96;-347.60;213.13
50032.00ms : 0.17;0.27;0.67;21.42;-399.72;258.97
50052.00ms : 0.06;0.20;0.37;33.57;-414.73;307.37
50072.00ms : -0.02;0.06;0.17;33.94;-416.81;356.75
50092.00ms : 0.01;-0.21;-0.01;27.16;-398.80;385.01
50112.00ms : 0.05;-0.48;-0.10;19.90;-365.42;386.54
50132.00ms : 0.04;-0.61;-0.05;19.23;-339.05;378.11
50152.00ms : 0.07;-0.63;0.01;17.03;-326.90;367.07
50172.00ms : 0.01;-0.58;-0.05;18.19;-323.97;369.26
50192.00ms : 0.05;-0.72;-0.36;-0.43;-298.65;374.39
50212.00ms : 0.04;-1.09;-0.50;-2.62;-239.07;339.48
50232.00ms : 0.06;-1.32;-0.60;18.80;-164.98;272.40
50252.00ms : 0.08;-1.48;-0.57;44.56;-92.71;174.56
50272.00ms : 0.00;-1.30;-0.42;67.08;-53.34;88.20
50292.00ms : -0.15;-1.05;-0.39;59.39;-58.65;65.43
50312.00ms : -0.15;-1.14;-0.53;34.48;-81.18;70.92
50332.00ms : -0.16;-1.19;-0.70;20.14;-63.29;81.30
50352.00ms : -0.19;-1.35;-0.60;13.73;-34.73;60.67
50372.00ms : -0.19;-1.33;-0.52;19.96;-12.94;24.05
50392.00ms : -0.20;-1.20;-0.56;26.25;14.40;1.34
50412.00ms : -0.13;-1.30;-0.48;26.55;35.34;-22.22
50432.00ms : -0.14;-1.11;-0.38;25.09;38.27;-37.78
50452.00ms : -0.26;-0.92;-0.38;16.60;28.56;-29.05
50472.00ms : -0.29;-0.95;-0.45;6.47;19.47;-12.76
50492.00ms : -0.28;-1.17;-0.61;-4.58;24.60;-10.19
50512.00ms : -0.23;-1.30;-0.66;-16.05;46.20;-31.92
50532.00ms : -0.21;-1.29;-0.60;-26.37;67.20;-63.72
50552.00ms : -0.24;-1.18;-0.55;-32.10;83.44;-87.40
50572.00ms : -0.28;-1.22;-0.58;-46.14;96.74;-103.76
50592.00ms : -0.24;-1.39;-0.61;-59.14;124.69;-140.14
50612.00ms : -0.23;-1.33;-0.56;-64.94;152.83;-182.98
50632.00ms : -0.32;-1.21;-0.55;-72.08;182.01;-210.57
50652.00ms : -0.23;-1.41;-0.64;-83.07;223.63;-254.76
50672.00ms : -0.05;-1.31;-0.51;-70.37;271.91;-314.03
50692.00ms : 0.01;-0.89;-0.30;-51.82;306.88;-348.94
50712.00ms : 0.03;-0.43;-0.02;-13.06;321.72;-327.03
50732.00ms : -0.22;-0.08;0.19;-4.03;300.66;-267.40
50752.00ms : -0.30;-0.30;0.17;-31.43;267.64;-219.18
50772.00ms : -0.14;-0.68;-0.06;-35.22;272.52;-229.80
50792.00ms : -0.02;-0.68;0.02;-28.50;295.65;-262.76
50812.00ms : 0.02;-0.31;0.24;-23.99;301.33;-269.17
50832.00ms : -0.05;-0.08;0.38;-28.14;287.72;-243.41
50852.00ms : -0.04;-0.09;0.44;-29.72;269.47;-212.40
50872.00ms : -0.02;-0.14;0.48;-37.78;245.36;-186.52
50892.00ms : 0.04;-0.11;0.44;-54.63;225.10;-155.21
50912.00ms : 0.08;-0.10;0.46;-67.93;210.21;-131.04
50932.00ms : 0.21;-0.11;0.45;-63.96;207.52;-121.46
50952.00ms : 0.21;-0.02;0.56;-57.80;200.93;-113.28
50972.00ms : 0.28;-0.08;0.58;-61.95;181.40;-108.22
50992.00ms : 0.34;-0.05;0.58;-67.81;158.75;-102.42
51012.00ms : 0.34;0.11;0.67;-71.35;133.30;-82.58
51032.00ms : 0.31;0.24;0.76;-78.12;93.32;-43.15
51052.00ms : 0.29;0.18;0.76;-86.12;50.11;-9.46
51072.00ms : 0.30;0.11;0.68;-91.25;21.55;4.21
51092.00ms : 0.26;0.14;0.64;-88.50;7.93;9.40
51112.00ms : 0.21;0.25;0.61;-79.22;7.08;17.21
51132.00ms : 0.22;0.29;0.68;-68.85;1.89;24.48
51152.00ms : 0.26;0.35;0.74;-59.51;-14.89;36.01
51172.00ms : 0.22;0.44;0.76;-44.98;-35.46;52.86
51192.00ms : 0.21;0.45;0.82;-29.66;-59.75;67.26
51212.00ms : 0.22;0.45;0.80;-18.37;-85.39;77.15
51232.00ms : 0.12;0.50;0.79;-11.11;-112.67;93.51
51252.00ms : 0.09;0.50;0.76;0.55;-124.02;113.28
51272.00ms : 0.11;0.43;0.77;15.63;-138.43;125.06
51292.00ms : 0.07;0.47;0.83;27.95;-158.14;138.31
51312.00ms : -0.00;0.58;0.81;40.10;-186.77;167.66
51332.00ms : -0.05;0.55;0.72;49.26;-208.07;205.14
51352.00ms : -0.09;0.40;0.54;60.06;-213.13;232.12
51372.00ms : -0.11;0.32;0.51;73.97;-213.56;246.46
51392.00ms : -0.13;0.31;0.49;85.45;-214.36;263.18
51412.00ms : -0.09;0.21;0.43;88.68;-221.80;280.03
51432.00ms : -0.15;0.09;0.30;89.66;-226.75;296.14
51452.00ms : -0.16;-0.08;0.19;82.82;-227.23;305.73
51472.00ms : -0.21;-0.27;0.09;72.51;-221.62;303.34
51492.00ms : -0.23;-0.36;0.02;58.53;-204.77;298.28
51512.00ms : -0.23;-0.40;0.01;51.03;-183.90;298.10
51532.00ms : -0.25;-0.45;0.10;50.78;-172.42;299.93
51552.00ms : -0.23;-0.45;0.06;46.88;-173.71;309.33
51572.00ms : -0.21;-0.55;-0.01;40.65;-168.82;320.68
51592.00ms : -0.13;-0.75;-0.14;34.12;-154.54;316.77
51612.00ms : -0.10;-0.94;-0.24;24.96;-125.73;287.84
51632.00ms : -0.07;-1.02;-0.26;27.16;-94.79;255.49
51652.00ms : -0.05;-1.22;-0.27;32.23;-64.45;199.89
51672.00ms : -0.02;-1.25;-0.31;38.39;-33.26;143.01
51692.00ms : -0.04;-1.30;-0.28;36.19;-9.83;88.50
51712.00ms : -0.03;-1.27;-0.26;32.84;5.62;36.56
51732.00ms : -0.04;-1.21;-0.25;31.01;18.07;5.68
51752.00ms : -0.06;-1.14;-0.12;32.41;19.29;-18.49
51772.00ms : -0.15;-1.00;-0.12;30.27;6.77;-19.17
51792.00ms : -0.19;-0.99;-0.20;26.06;6.23;-6.10
51812.00ms : -0.24;-1.04;-0.21;21.79;2.75;-2.32
51832.00ms : -0.24;-1.00;-0.27;16.48;6.53;1.16
51852.00ms : -0.22;-1.01;-0.24;9.89;8.42;5.25
51872.00ms : -0.16;-1.03;-0.23;3.48;9.22;3.23
51892.00ms : -0.17;-1.00;-0.19;5.25;8.73;-2.93
51912.00ms : -0.17;-0.96;-0.23;5.13;8.97;-3.97
51932.00ms : -0.17;-0.95;-0.17;2.01;8.91;-2.50
51952.00ms : -0.14;-1.04;-0.21;-2.44;3.36;-1.22
51972.00ms : -0.13;-1.16;-0.23;-4.88;7.51;-14.59
51992.00ms : -0.15;-1.14;-0.20;-2.08;13.24;-37.11
52012.00ms : -0.19;-1.09;-0.24;-4.82;16.60;-52.80
52032.00ms : -0.19;-1.16;-0.35;-18.31;26.18;-63.23
52052.00ms : -0.15;-1.29;-0.38;-35.58;39.86;-90.64
52072.00ms : -0.14;-1.33;-0.43;-49.56;58.17;-135.38
52092.00ms : -0.04;-1.50;-0.52;-57.37;96.98;-206.73
52112.00ms : 0.15;-1.44;-0.42;-54.63;143.62;-295.72
52132.00ms : 0.13;-1.04;-0.11;-48.28;158.51;-347.41
52152.00ms : 0.03;-0.76;-0.03;-34.06;149.72;-352.42
52172.00ms : -0.14;-0.44;-0.02;-34.91;143.86;-323.55
52192.00ms : -0.31;-0.40;-0.01;-44.31;144.04;-285.22
52212.00ms : -0.33;-0.56;-0.16;-74.28;143.43;-282.17
52232.00ms : -0.17;-0.76;-0.19;-82.34;171.08;-309.88
52252.00ms : -0.14;-0.42;-0.12;-84.90;194.52;-331.85
52272.00ms : -0.16;-0.07;-0.03;-88.26;220.34;-327.15
52292.00ms : -0.16;0.22;0.19;-88.56;232.60;-311.40
52312.00ms : -0.26;0.49;0.44;-85.69;222.47;-273.62
52332.00ms : -0.34;0.58;0.59;-82.40;187.07;-223.39
52352.00ms : -0.27;0.44;0.51;-83.98;150.39;-171.75
52372.00ms : -0.17;0.33;0.46;-88.50;126.71;-138.67
52392.00ms : -0.23;0.41;0.53;-99.79;105.16;-114.07
52412.00ms : -0.22;0.49;0.54;-104.86;85.94;-85.33
52432.00ms : -0.24;0.42;0.56;-109.19;67.26;-60.73
52452.00ms : -0.25;0.30;0.43;-116.21;55.24;-52.80
52472.00ms : -0.12;0.16;0.29;-123.96;66.35;-74.10
52492.00ms : -0.09;0.43;0.35;-121.83;80.44;-86.18
52512.00ms : -0.10;0.57;0.44;-120.54;70.01;-75.32
52532.00ms : -0.11;0.69;0.40;-119.20;63.23;-65.06
52552.00ms : -0.11;0.73;0.43;-111.57;52.06;-42.97
52572.00ms : -0.16;0.76;0.40;-103.94;36.68;-21.30
52592.00ms : -0.14;0.70;0.31;-94.48;34.00;-2.93
52612.00ms : -0.07;0.64;0.36;-86.55;36.80;4.82
52632.00ms : -0.06;0.71;0.33;-84.72;26.61;18.01
52652.00ms : 0.00;0.66;0.32;-95.21;12.63;24.78
52672.00ms : -0.00;0.70;0.33;-95.03;3.48;18.37
52692.00ms : -0.08;0.88;0.24;-87.40;8.85;13.73
52712.00ms : 0.01;1.06;0.36;-74.22;13.73;16.66
52732.00ms : -0.07;1.34;0.62;-42.60;-5.07;35.95
52752.00ms : -0.13;1.50;0.69;-10.68;-32.29;71.04
52772.00ms : -0.12;1.39;0.62;23.86;-56.21;101.99
52792.00ms : -0.16;1.25;0.45;55.79;-66.96;112.85
52812.00ms : -0.19;1.22;0.42;89.54;-57.68;115.30
52832.00ms : -0.26;1.26;0.50;116.58;-67.08;134.40
52852.00ms : -0.34;1.32;0.51;135.25;-84.23;171.81
52872.00ms : -0.40;1.38;0.55;152.77;-110.11;227.05
52892.00ms : -0.39;1.25;0.44;166.44;-137.45;284.85
52912.00ms : -0.29;0.94;0.20;171.45;-144.35;322.88
52932.00ms : -0.30;0.68;0.09;171.94;-134.70;337.65
52952.00ms : -0.31;0.43;-0.08;166.44;-115.11;336.49
52972.00ms : -0.27;0.23;-0.07;155.40;-92.29;333.74
52992.00ms : -0.32;0.23;0.03;141.36;-86.91;332.34
53012.00ms : -0.33;0.17;0.06;123.84;-92.04;344.60
53032.00ms : -0.25;0.05;0.02;114.01;-94.18;354.37
53052.00ms : -0.17;-0.08;-0.03;104.31;-99.73;366.27
53072.00ms : -0.06;-0.19;-0.10;91.31;-100.52;377.93
53092.00ms : 0.04;-0.34;-0.11;74.22;-94.60;381.59
53112.00ms : 0.15;-0.56;-0.15;60.61;-83.01;373.11
53132.00ms : 0.24;-0.80;-0.09;54.26;-64.03;337.52
53152.00ms : 0.21;-0.90;-0.10;63.84;-46.88;289.61
53172.00ms : 0.22;-0.97;-0.15;65.86;-27.22;241.94
53192.00ms : 0.21;-1.13;-0.15;66.47;-6.16;186.22
53212.00ms : 0.14;-1.19;-0.18;65.67;6.71;127.62
53232.00ms : -0.02;-1.15;-0.32;38.39;20.87;89.11
53252.00ms : -0.11;-1.24;-0.42;-1.53;40.59;63.90
53272.00ms : -0.08;-1.25;-0.36;-34.42;62.93;28.75
53292.00ms : -0.21;-0.94;-0.08;-12.27;85.33;-6.65
53312.00ms : -0.57;-0.33;0.07;2.69;48.40;50.42
53332.00ms : -0.28;-0.53;-0.28;1.28;50.11;139.59
53352.00ms : 0.07;-0.95;-0.15;7.63;72.75;164.73
53372.00ms : 0.38;-1.24;-0.09;14.10;66.59;143.68
53392.00ms : 0.61;-1.42;-0.17;14.53;66.89;95.15
53412.00ms : 0.67;-1.37;-0.14;14.53;68.30;36.07
53432.00ms : 0.68;-1.22;-0.15;14.59;63.54;-7.32
53452.00ms : 0.64;-1.06;-0.14;9.40;50.78;-25.88
53472.00ms : 0.61;-0.96;-0.08;-0.79;28.02;-30.21
53492.00ms : 0.53;-0.98;-0.11;-7.69;3.97;-32.04
53512.00ms : 0.52;-1.06;-0.18;-12.27;-8.12;-43.58
53532.00ms : 0.44;-1.11;-0.20;-21.61;-14.53;-58.41
53552.00ms : 0.42;-1.24;-0.22;-32.96;-19.71;-80.87
53572.00ms : 0.37;-1.30;-0.32;-47.18;-16.78;-105.90
53592.00ms : 0.33;-1.33;-0.28;-61.16;-7.75;-132.93
53612.00ms : 0.25;-1.34;-0.29;-72.51;-4.46;-163.45
53632.00ms : 0.22;-1.36;-0.35;-75.44;16.17;-207.09
53652.00ms : 0.14;-1.23;-0.38;-78.67;41.14;-244.32
53672.00ms : 0.13;-1.11;-0.39;-77.82;75.62;-279.72
53692.00ms : 0.09;-0.87;-0.31;-68.48;111.88;-312.74
53712.00ms : -0.00;-0.44;-0.12;-47.97;142.88;-314.09
53732.00ms : -0.26;-0.05;0.21;-48.46;144.90;-270.63
53752.00ms : -0.48;0.15;0.40;-56.82;122.07;-198.61
53772.00ms : -0.52;0.06;0.60;-69.89;92.47;-123.66
53792.00ms : -0.34;-0.25;0.36;-57.98;57.74;-67.63
53812.00ms : -0.40;-0.46;0.40;-47.67;21.79;-52.73
53832.00ms : -0.42;-0.44;0.35;-39.25;24.11;-45.65
53852.00ms : -0.44;-0.54;0.28;-29.85;23.07;-48.65
53872.00ms : -0.42;-0.56;0.27;-24.60;31.92;-53.28
53892.00ms : -0.41;-0.57;0.24;-23.38;39.06;-63.96
53912.00ms : -0.38;-0.63;0.14;-20.14;60.97;-78.92
53932.00ms : -0.32;-0.70;0.16;-16.54;81.24;-112.24
53952.00ms : -0.26;-0.66;0.19;-22.40;94.36;-142.46
53972.00ms : -0.25;-0.53;0.26;-29.36;95.40;-158.20
53992.00ms : -0.26;-0.43;0.27;-30.88;95.21;-158.08
54012.00ms : -0.26;-0.40;0.32;-31.25;96.50;-159.18
54032.00ms : -0.25;-0.39;0.37;-34.67;94.60;-158.87
54052.00ms : -0.27;-0.39;0.36;-44.07;82.82;-154.17
54072.00ms : -0.30;-0.34;0.36;-58.84;77.88;-149.35
54092.00ms : -0.33;-0.31;0.35;-70.86;73.55;-143.55
54112.00ms : -0.36;-0.26;0.34;-81.12;70.56;-137.63
54132.00ms : -0.38;-0.21;0.30;-93.69;71.84;-130.31
54152.00ms : -0.31;-0.16;0.32;-98.27;79.83;-131.23
54172.00ms : -0.30;-0.03;0.38;-100.46;83.07;-128.17
54192.00ms : -0.26;0.06;0.41;-104.49;75.20;-115.97
54212.00ms : -0.22;0.08;0.41;-109.25;66.65;-102.29
54232.00ms : -0.18;0.11;0.44;-113.65;56.09;-92.53
54252.00ms : -0.17;0.16;0.43;-123.78;45.78;-87.65
54272.00ms : -0.15;0.22;0.37;-130.00;44.56;-80.26
54292.00ms : -0.13;0.26;0.45;-133.97;47.79;-81.05
54312.00ms : -0.08;0.32;0.44;-133.30;43.46;-81.12
54332.00ms : -0.07;0.45;0.47;-127.01;43.82;-75.44
54352.00ms : -0.09;0.58;0.54;-122.38;35.16;-64.64
54372.00ms : -0.05;0.59;0.50;-111.02;29.11;-58.29
54392.00ms : -0.04;0.62;0.49;-95.89;29.42;-60.85
54412.00ms : -0.04;0.71;0.54;-79.35;28.02;-59.27
54432.00ms : -0.07;0.83;0.58;-61.10;20.94;-49.01
54452.00ms : -0.09;0.86;0.60;-43.76;7.87;-30.15
54472.00ms : -0.06;0.82;0.58;-30.15;0.12;-11.41
54492.00ms : -0.02;0.77;0.61;-14.16;-10.07;-2.44
54512.00ms : -0.03;0.89;0.67;1.71;-23.44;11.66
54532.00ms : -0.11;1.05;0.76;23.56;-41.50;39.06
54552.00ms : -0.13;0.96;0.75;48.28;-58.11;68.18
54572.00ms : -0.09;0.86;0.63;69.82;-67.20;83.01
54592.00ms : -0.15;0.94;0.72;90.39;-77.64;103.70
54612.00ms : -0.24;1.02;0.74;109.56;-103.52;137.57
54632.00ms : -0.26;0.93;0.62;130.68;-116.82;169.01
54652.00ms : -0.29;0.95;0.64;153.63;-134.22;204.47
54672.00ms : -0.27;0.86;0.50;161.62;-159.97;255.00
54692.00ms : -0.27;0.62;0.33;163.27;-170.72;291.63
54712.00ms : -0.21;0.45;0.21;161.38;-170.17;318.91
54732.00ms : -0.13;0.23;0.16;147.83;-169.62;339.17
54752.00ms : -0.08;0.05;0.15;127.26;-172.42;347.72
54772.00ms : -0.07;-0.10;0.10;102.84;-172.49;350.52
54792.00ms : -0.03;-0.24;0.08;87.28;-165.89;345.15
54812.00ms : -0.08;-0.23;0.07;77.27;-155.64;343.02
54832.00ms : -0.10;-0.25;0.06;70.62;-146.79;348.75
54852.00ms : -0.09;-0.30;0.05;67.44;-139.77;354.43
54872.00ms : 0.04;-0.52;-0.02;65.98;-129.09;347.47
54892.00ms : 0.09;-0.66;-0.04;77.21;-110.72;318.54
54912.00ms : 0.12;-0.74;-0.10;92.53;-89.23;286.80
54932.00ms : 0.12;-0.86;-0.15;86.43;-77.82;256.77
54952.00ms : 0.17;-0.92;-0.30;77.33;-59.57;236.45
54972.00ms : 0.22;-1.09;-0.32;64.88;-35.40;208.62
54992.00ms : 0.24;-1.20;-0.27;56.15;-24.41;173.65
55012.00ms : 0.28;-1.23;-0.27;52.19;-11.96;138.49
55032.00ms : 0.32;-1.23;-0.25;53.28;4.70;97.47
55052.00ms : 0.25;-1.18;-0.22;61.22;10.74;57.25
55072.00ms : 0.21;-1.06;-0.27;61.22;8.12;40.53
55092.00ms : 0.19;-1.04;-0.29;49.19;0.37;48.16
55112.00ms : 0.23;-1.13;-0.37;39.55;1.34;50.72
55132.00ms : 0.24;-1.18;-0.32;44.43;10.07;33.14
55152.00ms : 0.23;-1.07;-0.31;44.49;14.28;14.89
55172.00ms : 0.21;-1.05;-0.32;31.01;7.14;15.87
55192.00ms : 0.26;-1.15;-0.36;12.45;1.28;22.83
55212.00ms : 0.29;-1.20;-0.33;7.81;-4.21;16.30
55232.00ms : 0.31;-1.23;-0.30;0.43;-11.72;5.92
55252.00ms : 0.25;-1.26;-0.38;-7.32;-20.14;-7.39
55272.00ms : 0.22;-1.31;-0.49;-21.73;-15.26;-26.86
55292.00ms : 0.30;-1.51;-0.63;-28.56;10.38;-60.55
55312.00ms : 0.24;-1.46;-0.55;-35.03;42.91;-108.09
55332.00ms : 0.15;-1.32;-0.50;-45.10;57.92;-141.78
55352.00ms : 0.16;-1.18;-0.50;-58.59;80.81;-160.34
55372.00ms : 0.11;-1.12;-0.35;-76.42;91.92;-167.66
55392.00ms : 0.12;-1.17;-0.30;-86.43;91.43;-184.14
55412.00ms : 0.08;-1.17;-0.34;-90.76;100.89;-208.07
55432.00ms : 0.13;-1.16;-0.40;-102.84;123.47;-241.58
55452.00ms : 0.15;-1.07;-0.34;-99.06;151.06;-274.11
55472.00ms : 0.14;-0.78;-0.21;-86.18;171.39;-293.33
55492.00ms : 0.02;-0.50;-0.01;-71.96;182.13;-291.14
55512.00ms : -0.05;-0.35;0.15;-59.39;177.31;-271.61
55532.00ms : -0.24;-0.31;0.36;-43.70;163.64;-253.23
55552.00ms : -0.22;-0.18;0.35;-50.66;140.08;-210.08
55572.00ms : -0.37;-0.25;0.33;-48.10;111.82;-176.70
55592.00ms : -0.34;-0.44;0.23;-43.64;108.15;-160.46
55612.00ms : -0.34;-0.56;0.18;-39.18;110.23;-169.62
55632.00ms : -0.40;-0.51;0.18;-39.49;117.68;-178.89
55652.00ms : -0.39;-0.49;0.12;-48.10;128.91;-188.72
55672.00ms : -0.31;-0.40;0.22;-48.89;151.06;-200.87
55692.00ms : -0.31;-0.18;0.40;-49.38;146.97;-196.11
55712.00ms : -0.28;-0.16;0.42;-55.97;137.51;-185.67
55732.00ms : -0.22;-0.23;0.39;-56.46;131.53;-181.58
55752.00ms : -0.12;-0.24;0.41;-62.07;130.49;-182.56
55772.00ms : -0.10;-0.11;0.49;-72.33;119.38;-177.00
55792.00ms : -0.13;0.05;0.57;-85.51;94.48;-156.80
55812.00ms : -0.16;0.07;0.54;-98.45;70.86;-135.56
55832.00ms : -0.13;-0.06;0.41;-104.49;59.14;-130.74
55852.00ms : -0.10;-0.02;0.35;-105.29;66.59;-139.04
55872.00ms : -0.12;0.17;0.44;-110.72;61.58;-138.00
55892.00ms : -0.13;0.30;0.50;-117.49;48.77;-120.48
55912.00ms : -0.15;0.29;0.48;-119.87;32.04;-106.93
55932.00ms : -0.17;0.40;0.45;-120.06;26.00;-93.44
55952.00ms : -0.18;0.51;0.51;-114.01;20.08;-74.46
55972.00ms : -0.19;0.63;0.61;-102.23;10.19;-52.25
55992.00ms : -0.20;0.73;0.75;-88.62;-13.06;-32.84
56012.00ms : -0.26;0.91;0.74;-73.79;-38.45;0.43
56032.00ms : -0.34;0.91;0.69;-54.93;-53.10;44.25
56052.00ms : -0.37;0.86;0.62;-30.58;-52.67;80.08
56072.00ms : -0.43;0.78;0.59;-7.08;-47.42;107.79
56092.00ms : -0.42;0.71;0.60;14.53;-44.86;127.99
56112.00ms : -0.44;0.70;0.62;31.92;-49.13;141.11
56132.00ms : -0.44;0.73;0.68;40.16;-62.74;154.54
56152.00ms : -0.49;0.86;0.74;47.55;-86.36;189.51
56172.00ms : -0.47;0.70;0.64;51.27;-106.20;225.65
56192.00ms : -0.42;0.49;0.46;61.65;-107.91;237.18
56212.00ms : -0.41;0.42;0.37;69.89;-102.36;243.29
56232.00ms : -0.40;0.36;0.35;67.57;-102.84;256.77
56252.00ms : -0.39;0.27;0.35;57.68;-113.34;269.17
56272.00ms : -0.33;0.16;0.29;49.99;-122.25;280.82
56292.00ms : -0.38;0.07;0.26;37.54;-130.37;295.35
56312.00ms : -0.37;-0.11;0.24;24.35;-135.93;299.38
56332.00ms : -0.41;-0.26;0.22;12.88;-137.02;287.41
56352.00ms : -0.40;-0.24;0.21;4.21;-133.42;280.58
56372.00ms : -0.36;-0.26;0.21;8.85;-127.38;278.50
56392.00ms : -0.36;-0.26;0.17;14.53;-119.51;284.91
56412.00ms : -0.34;-0.34;0.15;12.57;-116.27;290.77
56432.00ms : -0.26;-0.46;0.08;13.24;-108.76;287.23
56452.00ms : -0.12;-0.60;-0.03;24.96;-85.08;269.29
56472.00ms : -0.08;-0.62;0.03;41.50;-62.62;252.38
56492.00ms : -0.11;-0.60;0.07;48.22;-65.19;243.47
56512.00ms : -0.02;-0.72;-0.02;40.10;-69.76;239.93
56532.00ms : 0.06;-0.90;-0.06;36.25;-64.58;222.05
56552.00ms : 0.11;-0.96;-0.10;31.43;-50.72;191.71
56572.00ms : 0.10;-0.97;-0.01;43.58;-31.37;151.86
56592.00ms : 0.07;-0.89;0.10;60.85;-37.41;120.12
56612.00ms : 0.01;-0.87;0.01;81.36;-51.51;103.88
56632.00ms : -0.01;-0.85;-0.19;87.95;-54.50;102.23
56652.00ms : 0.04;-0.97;-0.33;80.75;-53.04;106.69
56672.00ms : 0.12;-1.13;-0.40;76.60;-43.21;105.22
56692.00ms : 0.14;-1.10;-0.35;82.64;-22.64;89.11
56712.00ms : 0.06;-1.00;-0.22;64.33;-34.36;83.86
56732.00ms : 0.08;-1.11;-0.37;49.26;-55.73;95.21
56752.00ms : 0.14;-1.34;-0.47;24.78;-55.60;88.13
56772.00ms : 0.16;-1.39;-0.51;20.26;-44.19;64.27
56792.00ms : 0.14;-1.28;-0.55;17.09;-24.90;47.00
56812.00ms : 0.16;-1.37;-0.58;2.93;-7.87;32.59
56832.00ms : 0.23;-1.52;-0.63;-7.45;24.35;2.93
56852.00ms : 0.24;-1.51;-0.49;-9.22;41.93;-33.51
56872.00ms : 0.23;-1.41;-0.52;-11.05;61.34;-74.65
56892.00ms : 0.17;-1.25;-0.58;-15.44;89.17;-99.30
56912.00ms : 0.16;-1.17;-0.54;-23.68;120.30;-114.20
56932.00ms : 0.11;-1.14;-0.38;-31.80;131.65;-125.79
56952.00ms : 0.07;-1.16;-0.34;-41.32;129.46;-142.64
56972.00ms : 0.06;-1.20;-0.44;-44.68;140.14;-162.29
56992.00ms : 0.05;-1.18;-0.44;-48.95;162.35;-180.11
57012.00ms : 0.07;-1.18;-0.42;-55.66;187.26;-201.90
57032.00ms : 0.04;-1.10;-0.33;-62.32;200.81;-221.62
57052.00ms : 0.02;-1.01;-0.27;-52.19;216.49;-233.03
57072.00ms : 0.06;-0.99;-0.28;-56.27;227.66;-247.62
57092.00ms : 0.03;-0.82;-0.17;-44.37;243.77;-257.81
57112.00ms : -0.04;-0.63;0.00;-35.71;246.64;-251.77
57132.00ms : -0.12;-0.48;0.11;-28.14;237.79;-234.86
57152.00ms : -0.19;-0.40;0.32;-23.44;211.24;-210.51
57172.00ms : -0.36;-0.34;0.28;-36.62;181.58;-157.78
57192.00ms : -0.30;-0.44;0.25;-40.47;159.73;-132.81
57212.00ms : -0.22;-0.62;0.23;-40.77;147.03;-133.36
57232.00ms : -0.25;-0.61;0.19;-37.11;146.36;-144.04
57252.00ms : -0.24;-0.61;0.17;-33.26;151.86;-150.27
57272.00ms : -0.20;-0.66;0.14;-32.17;160.89;-161.68
57292.00ms : -0.13;-0.65;0.20;-31.80;170.96;-178.16
57312.00ms : -0.12;-0.51;0.33;-38.39;164.00;-184.14
57332.00ms : -0.18;-0.37;0.38;-56.76;141.11;-167.36
57352.00ms : -0.19;-0.36;0.35;-82.34;119.87;-146.42
57372.00ms : -0.15;-0.41;0.36;-101.01;106.26;-135.07
57392.00ms : -0.07;-0.43;0.33;-123.72;92.47;-137.33
57412.00ms : 0.02;-0.39;0.31;-144.65;82.64;-141.91
57432.00ms : 0.04;-0.28;0.39;-157.35;66.53;-141.78
57452.00ms : 0.02;-0.16;0.40;-150.51;41.50;-141.54
57472.00ms : -0.13;0.07;0.38;-152.53;26.92;-137.27
57492.00ms : -0.23;0.23;0.35;-166.81;18.55;-124.21
57512.00ms : -0.27;0.27;0.39;-162.11;20.81;-116.03
57532.00ms : -0.24;0.40;0.41;-153.38;23.25;-109.74
57552.00ms : -0.25;0.53;0.52;-139.77;29.36;-104.55
57572.00ms : -0.26;0.62;0.68;-115.36;20.69;-99.55
57592.00ms : -0.27;0.74;0.68;-91.19;11.54;-86.49
57612.00ms : -0.31;0.84;0.70;-59.33;8.97;-64.21
57632.00ms : -0.33;0.95;0.79;-31.25;1.77;-26.37
57652.00ms : -0.37;1.01;0.84;-6.23;-14.89;23.62
57672.00ms : -0.33;0.89;0.86;11.54;-39.37;69.09
57692.00ms : -0.30;0.82;0.82;31.43;-64.76;107.67
57712.00ms : -0.30;0.71;0.67;42.79;-79.77;139.04
57732.00ms : -0.32;0.66;0.67;55.60;-86.73;163.82
57752.00ms : -0.36;0.73;0.70;64.82;-107.97;198.30
57772.00ms : -0.36;0.75;0.66;67.50;-133.97;247.01
57792.00ms : -0.36;0.67;0.58;71.29;-155.76;293.82
57812.00ms : -0.33;0.50;0.42;74.28;-165.71;328.31
57832.00ms : -0.28;0.23;0.25;72.39;-158.20;343.44
57852.00ms : -0.18;-0.09;0.14;65.12;-137.08;332.34
57872.00ms : -0.18;-0.28;0.11;59.81;-119.38;304.57
57892.00ms : -0.20;-0.39;0.19;50.60;-106.63;273.01
57912.00ms : -0.27;-0.33;0.18;46.20;-103.27;257.87
57932.00ms : -0.29;-0.37;0.15;30.46;-108.15;261.17
57952.00ms : -0.29;-0.52;0.14;23.19;-100.04;249.27
57972.00ms : -0.28;-0.56;0.18;28.08;-92.77;230.71
57992.00ms : -0.29;-0.53;0.19;35.22;-90.33;217.59
58012.00ms : -0.29;-0.55;0.18;42.54;-90.94;209.23
58032.00ms : -0.26;-0.54;0.16;54.69;-88.20;201.23
58052.00ms : -0.24;-0.55;0.16;66.47;-91.25;198.55
58072.00ms : -0.25;-0.47;0.11;72.20;-103.33;209.72
58092.00ms : -0.13;-0.50;0.04;66.04;-116.27;234.01
58112.00ms : 0.00;-0.69;0.01;61.89;-125.00;243.96
58132.00ms : 0.15;-0.91;-0.02;62.99;-127.56;221.86
58152.00ms : 0.11;-0.99;-0.12;66.96;-121.22;186.10
58172.00ms : 0.15;-1.04;-0.20;76.11;-102.66;148.32
58192.00ms : 0.11;-1.17;-0.25;96.98;-83.13;100.77
58212.00ms : -0.02;-1.06;-0.33;106.63;-73.73;62.62
58232.00ms : -0.05;-1.08;-0.48;107.36;-62.01;50.48
58252.00ms : 0.02;-1.23;-0.55;111.57;-30.58;30.46
58272.00ms : 0.02;-1.17;-0.49;122.92;-12.15;0.12
58292.00ms : -0.12;-1.04;-0.50;108.89;-13.85;-12.45
58312.00ms : -0.17;-1.15;-0.61;91.86;-26.79;-2.50
58332.00ms : -0.08;-1.30;-0.78;57.68;-14.65;4.88
58352.00ms : -0.07;-1.40;-0.65;38.70;-7.20;-9.34
58372.00ms : -0.14;-1.20;-0.64;22.71;-8.85;-21.00
58392.00ms : -0.18;-1.14;-0.69;5.25;-1.77;-14.89
58412.00ms : -0.21;-1.22;-0.75;-11.05;11.23;-12.27
58432.00ms : -0.14;-1.32;-0.70;-13.67;32.96;-27.22
58452.00ms : -0.17;-1.27;-0.68;-20.75;47.42;-50.23
58472.00ms : -0.18;-1.23;-0.69;-29.60;68.24;-67.32
58492.00ms : -0.24;-1.16;-0.65;-38.70;89.54;-82.28
58512.00ms : -0.27;-1.19;-0.66;-52.25;105.65;-93.81
58532.00ms : -0.23;-1.22;-0.62;-62.56;126.95;-110.90
58552.00ms : -0.25;-1.14;-0.58;-68.54;143.31;-124.39
58572.00ms : -0.29;-1.10;-0.57;-78.86;159.55;-136.72
58592.00ms : -0.21;-1.16;-0.59;-84.53;189.64;-163.94
58612.00ms : -0.09;-1.16;-0.47;-77.88;224.73;-211.85
58632.00ms : -0.13;-0.91;-0.18;-49.44;229.43;-237.85
58652.00ms : -0.16;-0.62;-0.12;-40.34;222.90;-235.53
58672.00ms : -0.28;-0.45;0.02;-30.52;218.51;-205.44
58692.00ms : -0.33;-0.42;0.16;-26.79;200.50;-179.14
58712.00ms : -0.33;-0.43;0.16;-8.18;187.38;-152.04
58732.00ms : -0.38;-0.50;0.19;7.81;174.68;-138.06
58752.00ms : -0.40;-0.62;0.07;15.14;178.16;-136.29
58772.00ms : -0.38;-0.72;-0.03;15.20;193.42;-152.71
58792.00ms : -0.31;-0.72;0.02;8.67;210.14;-169.92
58812.00ms : -0.25;-0.62;0.10;0.37;213.50;-177.80
58832.00ms : -0.22;-0.54;0.17;-12.08;210.51;-175.35
58852.00ms : -0.18;-0.56;0.23;-23.68;201.78;-170.65
58872.00ms : -0.17;-0.54;0.24;-37.05;194.03;-170.72
58892.00ms : -0.15;-0.43;0.34;-50.48;183.23;-165.89
58912.00ms : -0.15;-0.35;0.40;-65.25;163.94;-155.94
58932.00ms : -0.16;-0.29;0.37;-74.52;148.50;-139.71
58952.00ms : -0.14;-0.34;0.34;-83.07;143.49;-133.06
58972.00ms : -0.12;-0.36;0.33;-93.32;139.83;-138.85
58992.00ms : -0.01;-0.34;0.33;-103.82;139.77;-148.44
59012.00ms : 0.06;-0.25;0.44;-115.97;127.56;-156.19
59032.00ms : 0.08;-0.13;0.47;-132.32;105.35;-158.26
59052.00ms : 0.06;0.05;0.47;-151.31;85.21;-151.73
59072.00ms : 0.03;0.19;0.51;-164.31;65.43;-134.28
59092.00ms : -0.00;0.33;0.54;-169.56;44.92;-114.44
59112.00ms : -0.03;0.43;0.51;-168.82;29.24;-88.81
59132.00ms : -0.06;0.48;0.51;-154.05;24.72;-72.08
59152.00ms : -0.08;0.58;0.53;-125.18;27.47;-64.39
59172.00ms : -0.11;0.70;0.57;-98.69;35.10;-54.14
59192.00ms : -0.14;0.81;0.63;-75.50;39.86;-33.08
59212.00ms : -0.19;0.89;0.64;-59.69;37.84;3.91
59232.00ms : -0.11;0.98;0.79;-57.31;24.23;52.55
59252.00ms : -0.05;0.99;1.00;-39.18;-8.18;100.34
59272.00ms : -0.06;0.91;0.99;-6.41;-47.00;130.68
59292.00ms : -0.06;0.79;0.82;26.12;-66.89;146.42
59312.00ms : -0.07;0.72;0.71;47.97;-78.67;158.02
59332.00ms : -0.13;0.79;0.70;60.18;-94.24;181.09
59352.00ms : -0.15;0.83;0.71;65.67;-115.97;220.58
59372.00ms : -0.19;0.76;0.64;73.97;-141.30;261.05
59392.00ms : -0.20;0.53;0.42;80.75;-147.40;284.79
59412.00ms : -0.17;0.28;0.31;83.44;-140.08;288.45
59432.00ms : -0.17;0.27;0.36;76.78;-143.07;299.80
59452.00ms : -0.15;0.20;0.40;57.92;-157.78;319.58
59472.00ms : -0.17;0.17;0.32;43.15;-170.23;340.27
59492.00ms : -0.17;-0.05;0.34;32.35;-169.25;350.65
59512.00ms : -0.19;-0.14;0.29;32.59;-163.15;342.90
59532.00ms : -0.22;-0.14;0.26;36.87;-153.38;336.85
59552.00ms : -0.20;-0.23;0.25;42.18;-144.71;330.32
59572.00ms : -0.14;-0.37;0.20;51.57;-132.81;315.19
59592.00ms : -0.08;-0.51;0.18;64.45;-122.25;285.22
59612.00ms : -0.09;-0.56;0.15;77.09;-116.58;251.40
59632.00ms : -0.13;-0.53;-0.01;78.37;-112.79;228.76
59652.00ms : -0.18;-0.65;-0.12;65.19;-99.85;223.14
59672.00ms : -0.10;-0.97;-0.18;39.31;-93.69;202.21
59692.00ms : -0.07;-1.25;-0.26;24.05;-73.85;153.87
59712.00ms : -0.14;-1.31;-0.23;22.28;-43.09;97.17
59732.00ms : -0.23;-1.14;-0.19;26.67;-25.45;57.19
59752.00ms : -0.30;-1.15;-0.17;25.94;-22.09;40.59
59772.00ms : -0.28;-1.20;-0.27;21.61;-13.73;24.84
59792.00ms : -0.28;-1.15;-0.23;13.98;-2.14;12.94
59812.00ms : -0.31;-1.04;-0.17;5.19;-1.71;8.48
59832.00ms : -0.26;-1.08;-0.17;4.58;0.49;0.24
59852.00ms : -0.28;-0.98;-0.12;8.12;5.00;-9.16
59872.00ms : -0.26;-0.95;-0.10;8.36;6.16;-18.74
59892.00ms : -0.30;-0.81;-0.07;6.29;4.46;-18.37
59912.00ms : -0.31;-0.85;-0.11;2.62;-4.82;-6.59
59932.00ms : -0.35;-0.89;-0.12;1.89;-4.88;-6.84
59952.00ms : -0.40;-0.89;-0.14;-4.21;-8.73;0.31
59972.00ms : -0.39;-0.94;-0.15;-6.84;-2.62;1.46
59992.00ms : -0.41;-0.92;-0.12;-8.91;-2.81;3.05
60012.00ms : -0.38;-0.96;-0.17;-8.79;0.85;-1.28
60032.00ms : -0.36;-0.98;-0.18;-11.05;6.84;-8.61
60052.00ms : -0.35;-1.00;-0.18;-16.78;14.83;-19.47
60072.00ms : -0.34;-1.07;-0.20;-20.69;24.78;-36.56
60092.00ms : -0.37;-1.17;-0.24;-27.59;40.83;-63.66
60112.00ms : -0.31;-1.24;-0.26;-33.81;66.65;-99.55
60132.00ms : -0.29;-1.18;-0.21;-34.18;93.08;-137.39
60152.00ms : -0.27;-1.08;-0.16;-31.49;118.96;-161.44
60172.00ms : -0.31;-1.01;-0.11;-32.04;129.03;-185.73
60192.00ms : -0.24;-0.93;-0.11;-27.28;152.83;-204.16
60212.00ms : -0.22;-0.78;0.06;-13.55;162.23;-222.11
60232.00ms : -0.23;-0.51;0.15;-6.47;156.07;-216.86
60252.00ms : -0.40;-0.37;0.12;-22.16;134.77;-189.39
60272.00ms : -0.29;-0.64;-0.06;-41.38;142.27;-177.55
60292.00ms : -0.11;-0.74;0.03;-45.10;160.52;-200.32
60312.00ms : -0.07;-0.59;0.20;-48.34;152.16;-220.83
60332.00ms : -0.20;-0.40;0.22;-64.94;130.49;-217.53
60352.00ms : -0.23;-0.46;0.09;-86.30;125.98;-213.75
60372.00ms : -0.21;-0.44;0.11;-96.13;138.18;-225.40
60392.00ms : -0.19;-0.26;0.17;-109.74;145.08;-228.88
60412.00ms : -0.17;-0.13;0.21;-133.54;140.50;-216.00
60432.00ms : -0.14;-0.04;0.19;-165.22;125.79;-202.09
60452.00ms : -0.06;0.05;0.08;-192.50;126.83;-189.70
60472.00ms : 0.01;0.22;0.19;-212.65;130.37;-192.26
60492.00ms : 0.07;0.42;0.25;-223.57;121.09;-183.53
60512.00ms : 0.07;0.62;0.39;-220.09;104.86;-166.81
60532.00ms : 0.05;0.75;0.43;-198.55;85.51;-143.25
60552.00ms : -0.06;0.90;0.44;-179.20;65.67;-108.95
60572.00ms : -0.05;0.95;0.47;-155.58;58.11;-76.48
60592.00ms : -0.06;0.97;0.54;-126.95;48.52;-51.64
60612.00ms : 0.00;0.93;0.55;-104.98;31.25;-35.89
60632.00ms : 0.02;0.98;0.51;-79.10;25.88;-25.82
60652.00ms : 0.01;1.00;0.56;-61.22;16.60;-13.67
60672.00ms : 0.03;1.07;0.55;-45.53;2.69;-0.37
60692.00ms : -0.02;1.01;0.56;-31.92;-12.39;11.11
60712.00ms : -0.02;0.97;0.49;-14.10;-18.43;12.33
60732.00ms : -0.06;1.00;0.54;7.81;-26.37;17.27
60752.00ms : -0.09;1.06;0.53;24.96;-41.69;31.68
60772.00ms : -0.15;1.10;0.55;37.05;-60.18;57.37
60792.00ms : -0.19;1.03;0.53;52.25;-73.24;81.36
60812.00ms : -0.22;0.99;0.47;65.06;-81.36;104.80
60832.00ms : -0.28;1.01;0.51;74.16;-87.77;131.71
60852.00ms : -0.32;1.09;0.56;88.26;-101.62;168.27
60872.00ms : -0.33;0.99;0.48;104.86;-112.18;204.04
60892.00ms : -0.33;0.84;0.39;118.65;-113.28;229.43
60912.00ms : -0.36;0.71;0.30;126.10;-109.62;247.25
60932.00ms : -0.41;0.60;0.21;129.15;-104.92;263.85
60952.00ms : -0.38;0.40;0.17;117.98;-100.46;272.95
60972.00ms : -0.35;0.24;0.13;103.64;-98.08;271.97
60992.00ms : -0.30;0.05;0.10;88.56;-90.76;266.97
61012.00ms : -0.32;-0.12;0.10;72.45;-88.13;252.08
61032.00ms : -0.34;-0.22;0.07;62.87;-76.35;230.16
61052.00ms : -0.42;-0.24;0.12;53.53;-67.44;215.58
61072.00ms : -0.40;-0.34;0.15;47.00;-58.35;198.18
61092.00ms : -0.43;-0.42;0.12;45.41;-51.70;176.33
61112.00ms : -0.42;-0.50;0.13;40.53;-42.18;153.26
61132.00ms : -0.46;-0.53;0.12;36.93;-40.10;128.23
61152.00ms : -0.48;-0.47;0.10;36.25;-31.31;117.80
61172.00ms : -0.51;-0.50;0.15;34.12;-33.08;109.01
61192.00ms : -0.52;-0.47;0.14;33.14;-35.16;107.67
61212.00ms : -0.54;-0.44;0.21;32.78;-42.30;112.61
61232.00ms : -0.56;-0.40;0.19;32.84;-53.83;127.38
61252.00ms : -0.56;-0.49;0.12;30.46;-56.34;140.75
61272.00ms : -0.51;-0.66;0.02;31.98;-49.38;139.83
61292.00ms : -0.46;-0.75;0.01;36.74;-37.35;125.37
61312.00ms : -0.42;-0.70;0.05;39.67;-31.56;113.95
61332.00ms : -0.35;-0.67;0.07;41.50;-35.95;112.30
61352.00ms : -0.45;-0.72;0.22;37.35;-51.33;109.37
61372.00ms : -0.29;-0.72;0.12;48.65;-58.17;108.22
61392.00ms : -0.29;-0.65;0.04;45.41;-71.23;115.97
61412.00ms : -0.30;-0.75;-0.05;36.68;-75.56;117.31
61432.00ms : -0.23;-0.91;-0.13;32.78;-68.54;108.34
61452.00ms : -0.22;-0.97;-0.10;38.88;-62.32;92.47
61472.00ms : -0.23;-0.96;-0.10;46.51;-64.58;79.71
61492.00ms : -0.33;-0.91;-0.16;45.29;-72.88;77.76
61512.00ms : -0.34;-0.94;-0.27;34.00;-75.07;85.39
61532.00ms : -0.32;-1.06;-0.34;26.79;-68.05;89.60
61552.00ms : -0.32;-1.14;-0.40;18.01;-60.91;85.57
61572.00ms : -0.28;-1.26;-0.50;6.65;-43.27;76.48
61592.00ms : -0.29;-1.34;-0.55;-4.82;-12.63;59.63
61612.00ms : -0.23;-1.40;-0.52;-11.29;22.03;36.99
61632.00ms : -0.18;-1.37;-0.46;-12.08;57.31;4.88
61652.00ms : -0.18;-1.33;-0.42;-17.58;83.68;-22.95
61672.00ms : -0.18;-1.37;-0.50;-20.75;113.65;-52.55
61692.00ms : -0.16;-1.36;-0.49;-31.68;152.34;-88.99
61712.00ms : -0.09;-1.36;-0.35;-31.68;178.53;-134.34
61732.00ms : -0.06;-1.35;-0.41;-34.79;204.83;-184.94
61752.00ms : 0.00;-1.31;-0.43;-40.89;237.12;-239.69
61772.00ms : 0.11;-1.25;-0.42;-28.38;284.00;-301.21
61792.00ms : 0.31;-1.11;-0.30;3.85;334.72;-353.70
61812.00ms : 0.35;-0.79;0.01;33.45;361.45;-375.67
61832.00ms : 0.20;-0.31;0.25;25.70;339.84;-338.07
61852.00ms : -0.20;-0.24;0.26;-10.38;278.69;-260.80
61872.00ms : -0.11;-0.62;-0.15;-39.86;273.32;-222.05
61892.00ms : 0.06;-0.83;0.01;-37.66;305.60;-251.53
61912.00ms : 0.13;-0.46;0.24;-24.66;305.36;-255.07
61932.00ms : 0.09;-0.34;0.32;-35.58;280.52;-231.99
61952.00ms : 0.01;-0.17;0.40;-47.30;253.17;-190.49
61972.00ms : -0.03;-0.20;0.40;-57.92;230.90;-156.13
61992.00ms : 0.01;-0.30;0.39;-62.50;214.97;-131.23
62012.00ms : 0.12;-0.38;0.36;-64.45;211.00;-116.58
62032.00ms : 0.15;-0.26;0.42;-62.56;209.47;-102.36
62052.00ms : 0.22;-0.32;0.48;-71.23;198.61;-92.22
62072.00ms : 0.35;-0.41;0.45;-76.23;187.99;-95.09
62092.00ms : 0.34;-0.26;0.55;-81.24;170.84;-96.44
62112.00ms : 0.37;-0.12;0.61;-94.42;138.18;-80.02
62132.00ms : 0.36;-0.03;0.59;-104.19;103.82;-56.40
62152.00ms : 0.38;-0.02;0.61;-110.78;77.15;-36.38
62172.00ms : 0.36;-0.04;0.66;-113.95;46.14;-27.04
62192.00ms : 0.33;0.01;0.60;-115.36;23.86;-19.53
62212.00ms : 0.27;0.06;0.60;-114.93;7.08;-8.73
62232.00ms : 0.22;0.10;0.61;-115.42;-11.11;3.05
62252.00ms : 0.21;0.06;0.52;-120.85;-21.73;13.79
62272.00ms : 0.19;0.10;0.50;-133.73;-30.03;21.73
62292.00ms : 0.15;0.13;0.43;-156.62;-36.38;24.90
62312.00ms : 0.14;0.13;0.36;-168.33;-26.73;16.48
62332.00ms : 0.19;0.25;0.41;-174.50;-18.25;2.44
62352.00ms : 0.16;0.55;0.50;-172.30;-23.68;6.47
62372.00ms : 0.10;0.68;0.59;-164.31;-37.29;11.41
62392.00ms : 0.09;0.78;0.57;-135.99;-41.26;22.16
62412.00ms : 0.09;0.88;0.66;-100.52;-38.88;27.10
62432.00ms : 0.11;1.09;0.81;-61.71;-45.47;49.80
62452.00ms : 0.00;1.14;0.87;-13.49;-63.90;84.35
62472.00ms : 0.01;1.05;0.79;27.53;-78.49;114.93
62492.00ms : -0.02;1.05;0.71;56.03;-88.68;142.52
62512.00ms : -0.09;1.06;0.74;77.58;-105.59;179.14
62532.00ms : -0.08;1.08;0.66;92.71;-129.58;228.27
62552.00ms : -0.10;0.97;0.57;104.68;-146.24;275.45
62572.00ms : -0.12;0.83;0.43;113.65;-155.82;317.57
62592.00ms : -0.08;0.62;0.35;119.51;-156.13;347.60
62612.00ms : -0.03;0.45;0.30;116.15;-160.03;371.64
62632.00ms : -0.01;0.24;0.23;102.66;-160.03;380.80
62652.00ms : 0.05;0.01;0.23;91.86;-151.98;374.27
62672.00ms : 0.00;0.01;0.25;81.73;-151.98;374.02
62692.00ms : -0.01;-0.15;0.20;72.14;-147.71;365.30
62712.00ms : -0.02;-0.29;0.22;73.24;-145.63;343.26
62732.00ms : -0.10;-0.30;0.16;72.75;-141.72;324.16
62752.00ms : -0.10;-0.30;0.12;76.72;-131.84;316.28
62772.00ms : -0.05;-0.42;0.18;73.91;-129.70;310.79
62792.00ms : 0.01;-0.55;0.12;73.61;-136.96;299.99
62812.00ms : 0.01;-0.66;0.13;68.18;-139.71;282.41
62832.00ms : 0.01;-0.78;-0.01;66.04;-136.11;264.10
62852.00ms : 0.02;-0.90;-0.09;51.57;-125.37;239.50
62872.00ms : 0.15;-0.98;-0.15;49.68;-107.97;215.94
62892.00ms : 0.06;-1.10;-0.07;47.97;-103.33;176.03
62912.00ms : 0.08;-1.12;-0.27;57.98;-89.90;135.31
62932.00ms : 0.02;-1.13;-0.33;70.56;-67.26;102.97
62952.00ms : -0.01;-1.18;-0.28;77.94;-50.96;80.93
62972.00ms : -0.03;-1.17;-0.29;88.50;-38.76;59.27
62992.00ms : -0.13;-1.07;-0.31;80.26;-39.12;49.13
63012.00ms : -0.08;-1.19;-0.44;54.44;-34.61;47.73
63032.00ms : -0.02;-1.29;-0.44;52.86;-14.34;37.23
63052.00ms : -0.07;-1.21;-0.34;47.06;-3.97;14.16
63072.00ms : -0.11;-1.12;-0.40;37.17;-4.76;9.22
63092.00ms : -0.13;-1.10;-0.43;16.60;-1.16;16.78
63112.00ms : -0.07;-1.26;-0.48;3.23;1.83;21.00
63132.00ms : -0.06;-1.27;-0.43;-2.32;8.61;2.38
63152.00ms : -0.08;-1.24;-0.48;-4.58;18.19;-17.40
63172.00ms : -0.08;-1.28;-0.50;-12.70;35.46;-34.12
63192.00ms : -0.10;-1.32;-0.52;-20.08;56.52;-57.92
63212.00ms : -0.12;-1.29;-0.49;-25.27;80.63;-83.68
63232.00ms : -0.15;-1.22;-0.44;-33.75;96.07;-100.46
63252.00ms : -0.13;-1.27;-0.45;-48.03;107.12;-113.77
63272.00ms : -0.15;-1.28;-0.39;-58.53;119.63;-139.77
63292.00ms : -0.15;-1.22;-0.44;-70.74;133.24;-166.26
63312.00ms : -0.10;-1.24;-0.49;-85.08;156.13;-196.96
63332.00ms : -0.02;-1.30;-0.50;-84.53;194.03;-244.69
63352.00ms : 0.18;-1.18;-0.41;-82.89;226.44;-300.72
63372.00ms : 0.19;-0.80;-0.15;-81.79;241.52;-324.46
63392.00ms : 0.15;-0.56;0.05;-70.68;236.76;-315.86
63412.00ms : -0.04;-0.42;0.27;-46.94;214.48;-297.73
63432.00ms : -0.18;-0.17;0.20;-65.43;195.62;-251.95
63452.00ms : -0.13;-0.40;0.14;-75.13;184.39;-226.56
63472.00ms : 0.01;-0.70;0.12;-71.29;194.89;-246.64
63492.00ms : 0.12;-0.53;0.19;-58.41;199.77;-278.99
63512.00ms : 0.04;-0.21;0.33;-53.89;189.21;-276.49
63532.00ms : -0.12;-0.06;0.35;-71.59;162.17;-253.85
63552.00ms : -0.18;-0.10;0.23;-93.26;154.30;-234.92
63572.00ms : -0.16;0.03;0.27;-100.95;159.30;-218.20
63592.00ms : -0.07;0.18;0.40;-106.69;154.97;-187.26
63612.00ms : -0.05;0.17;0.57;-119.75;128.30;-159.79
63632.00ms : -0.05;0.09;0.54;-142.88;91.55;-142.70
63652.00ms : 0.03;-0.01;0.37;-154.97;75.93;-149.11
63672.00ms : 0.08;0.17;0.34;-158.33;81.97;-164.25
63692.00ms : 0.12;0.37;0.34;-156.43;86.79;-154.79
63712.00ms : 0.18;0.39;0.38;-159.73;86.91;-149.17
63732.00ms : 0.15;0.53;0.39;-159.67;77.03;-142.52
63752.00ms : 0.13;0.70;0.41;-154.60;66.22;-125.79
63772.00ms : 0.08;0.90;0.49;-143.25;51.45;-90.15
63792.00ms : 0.00;0.95;0.58;-134.28;22.09;-45.41
63812.00ms : 0.01;0.88;0.56;-120.42;-2.38;-12.02
63832.00ms : -0.01;0.88;0.49;-99.91;-13.85;8.06
63852.00ms : -0.07;0.86;0.42;-84.96;-17.94;24.66
63872.00ms : -0.09;0.78;0.31;-85.63;-13.24;30.09
63892.00ms : -0.02;0.76;0.35;-74.16;1.65;15.56
63912.00ms : -0.03;0.92;0.45;-58.11;7.75;6.10
63932.00ms : -0.02;1.00;0.46;-39.98;4.33;6.96
63952.00ms : -0.05;1.03;0.49;-18.86;-0.12;12.45
63972.00ms : -0.05;1.07;0.46;3.48;0.79;21.24
63992.00ms : -0.09;1.06;0.50;20.20;-6.04;35.46
64012.00ms : -0.11;1.03;0.45;28.75;-22.52;54.50
64032.00ms : -0.12;0.93;0.34;32.41;-27.04;74.95
64052.00ms : -0.13;0.81;0.34;38.39;-28.63;91.00
64072.00ms : -0.12;0.71;0.31;47.97;-26.00;92.16
64092.00ms : -0.13;0.77;0.37;55.97;-23.44;95.95
64112.00ms : -0.13;0.86;0.46;62.38;-33.33;110.23
64132.00ms : -0.14;0.91;0.49;66.04;-48.89;132.57
64152.00ms : -0.20;0.92;0.47;71.23;-64.21;156.98
64172.00ms : -0.24;0.88;0.40;80.44;-67.99;180.11
64192.00ms : -0.26;0.87;0.47;90.09;-73.43;198.06
64212.00ms : -0.33;0.90;0.43;100.65;-85.51;225.71
64232.00ms : -0.31;0.85;0.38;106.63;-90.27;262.02
64252.00ms : -0.28;0.75;0.43;109.19;-108.03;297.24
64272.00ms : -0.29;0.69;0.33;105.10;-124.33;336.67
64292.00ms : -0.22;0.38;0.19;100.22;-122.92;361.15
64312.00ms : -0.14;0.11;0.15;100.59;-110.05;355.53
64332.00ms : -0.12;-0.04;0.14;98.27;-101.93;339.05
64352.00ms : -0.16;-0.06;0.19;89.29;-102.17;330.93
64372.00ms : -0.15;-0.08;0.20;79.47;-112.00;333.74
64392.00ms : -0.11;-0.14;0.21;69.34;-123.78;339.60
64412.00ms : -0.03;-0.21;0.18;63.17;-135.44;345.40
64432.00ms : -0.01;-0.33;0.19;58.72;-146.36;348.21
64452.00ms : 0.13;-0.49;0.11;58.84;-151.61;344.42
64472.00ms : 0.17;-0.68;0.01;68.54;-144.35;327.58
64492.00ms : 0.15;-0.83;-0.08;75.56;-132.57;293.21
64512.00ms : 0.10;-0.94;-0.19;65.55;-118.84;256.29
64532.00ms : 0.09;-1.08;-0.29;48.71;-99.49;221.56
64552.00ms : 0.14;-1.26;-0.35;46.14;-67.32;178.65
64572.00ms : 0.12;-1.31;-0.28;60.61;-33.14;120.00
64592.00ms : 0.08;-1.20;-0.21;82.28;-18.01;72.02
64612.00ms : 0.05;-1.07;-0.24;100.16;-6.90;44.98
64632.00ms : -0.01;-1.01;-0.29;104.68;-3.97;45.65
64652.00ms : -0.09;-1.06;-0.38;73.67;-12.82;52.31
64672.00ms : -0.10;-1.27;-0.54;52.80;-12.88;60.06
64692.00ms : -0.03;-1.47;-0.62;30.64;5.13;41.63
64712.00ms : -0.02;-1.52;-0.57;20.39;27.16;4.21
64732.00ms : -0.04;-1.37;-0.52;8.24;45.04;-22.09
64752.00ms : -0.05;-1.31;-0.46;-0.43;53.41;-39.00
64772.00ms : -0.06;-1.29;-0.51;-9.52;65.55;-58.04
64792.00ms : -0.06;-1.27;-0.48;-19.65;82.21;-82.70
64812.00ms : -0.10;-1.21;-0.43;-24.72;92.35;-105.96
64832.00ms : -0.13;-1.20;-0.54;-33.51;110.17;-122.25
64852.00ms : -0.08;-1.27;-0.52;-45.53;140.75;-143.25
64872.00ms : -0.04;-1.30;-0.41;-52.25;161.25;-178.71
64892.00ms : 0.01;-1.23;-0.37;-56.27;177.80;-216.98
64912.00ms : 0.03;-1.15;-0.37;-58.53;191.96;-246.34
64932.00ms : 0.02;-0.94;-0.27;-41.69;203.61;-252.56
64952.00ms : -0.08;-0.71;-0.15;-47.06;206.54;-249.45
64972.00ms : -0.17;-0.63;-0.10;-54.87;202.45;-238.46
64992.00ms : -0.12;-0.63;0.02;-65.00;203.12;-242.43
65012.00ms : -0.20;-0.37;0.18;-51.45;188.35;-228.88
65032.00ms : -0.39;-0.36;0.27;-52.80;163.39;-198.85
65052.00ms : -0.36;-0.51;0.06;-63.84;159.85;-183.96
65072.00ms : -0.20;-0.74;0.06;-56.09;174.87;-204.04
65092.00ms : -0.19;-0.54;0.12;-50.35;184.94;-223.27
65112.00ms : -0.23;-0.32;0.24;-60.06;178.89;-218.32
65132.00ms : -0.27;-0.19;0.24;-63.23;174.13;-200.01
65152.00ms : -0.27;-0.15;0.31;-71.53;170.84;-179.81
65172.00ms : -0.19;-0.10;0.38;-78.25;159.79;-160.64
65192.00ms : -0.13;-0.03;0.47;-79.10;146.73;-138.73
65212.00ms : -0.12;-0.02;0.55;-85.51;119.26;-117.98
65232.00ms : -0.13;-0.04;0.49;-93.02;95.70;-98.63
65252.00ms : -0.13;-0.05;0.43;-103.82;85.02;-88.26
65272.00ms : -0.12;-0.10;0.39;-125.79;77.33;-89.17
65292.00ms : -0.05;-0.13;0.31;-138.06;81.73;-106.69
65312.00ms : 0.02;-0.00;0.34;-144.90;92.71;-125.00
65332.00ms : 0.07;0.09;0.33;-154.36;89.78;-137.45
65352.00ms : 0.14;0.19;0.35;-162.23;85.45;-149.54
65372.00ms : 0.14;0.44;0.46;-168.40;62.56;-144.23
65392.00ms : 0.12;0.65;0.49;-179.26;31.25;-117.68
65412.00ms : 0.04;0.73;0.48;-186.40;-3.30;-92.10
65432.00ms : -0.04;0.80;0.42;-176.76;-18.31;-70.07
65452.00ms : -0.12;0.85;0.41;-149.17;-10.01;-58.41
65472.00ms : -0.13;0.94;0.45;-111.63;11.72;-50.84
65492.00ms : -0.13;1.05;0.58;-75.74;18.25;-37.60
65512.00ms : -0.13;1.15;0.66;-52.80;10.74;-14.04
65532.00ms : -0.16;1.21;0.72;-33.39;-9.34;17.94
65552.00ms : -0.14;1.14;0.66;-11.35;-24.60;44.92
65572.00ms : -0.16;1.05;0.63;11.90;-34.48;62.01
65592.00ms : -0.19;0.97;0.55;30.40;-43.33;79.90
65612.00ms : -0.20;0.89;0.48;43.15;-47.42;95.58
65632.00ms : -0.22;0.96;0.54;53.22;-54.87;115.30
65652.00ms : -0.27;1.10;0.58;64.64;-72.51;153.26
65672.00ms : -0.28;1.09;0.53;79.47;-83.13;198.79
65692.00ms : -0.30;0.98;0.53;96.44;-90.45;233.95
65712.00ms : -0.26;0.84;0.38;115.84;-90.39;257.51
65732.00ms : -0.24;0.73;0.39;125.98;-89.05;273.44
65752.00ms : -0.28;0.73;0.41;127.26;-106.14;300.42
65772.00ms : -0.23;0.50;0.25;121.22;-114.07;323.43
65792.00ms : -0.23;0.27;0.19;113.10;-110.11;328.86
65812.00ms : -0.21;0.06;0.17;106.51;-100.59;313.29
65832.00ms : -0.27;0.01;0.14;101.32;-92.53;303.41
65852.00ms : -0.28;-0.10;0.12;89.42;-82.95;296.57
65872.00ms : -0.26;-0.25;0.13;79.90;-72.27;282.41
65892.00ms : -0.27;-0.29;0.21;77.64;-71.72;264.65
65912.00ms : -0.28;-0.24;0.22;76.29;-76.42;260.99
65932.00ms : -0.21;-0.27;0.24;72.51;-88.44;268.49
65952.00ms : -0.16;-0.24;0.23;71.90;-106.93;281.13
65972.00ms : -0.15;-0.37;0.20;69.46;-121.34;293.82
65992.00ms : -0.07;-0.52;0.05;68.66;-119.81;292.85
66012.00ms : -0.01;-0.65;-0.01;72.08;-108.40;282.47
66032.00ms : 0.03;-0.77;-0.09;70.43;-92.65;260.50
66052.00ms : 0.03;-0.81;-0.13;70.37;-78.12;242.19
66072.00ms : 0.07;-0.92;-0.18;64.51;-67.87;223.88
66092.00ms : 0.12;-1.05;-0.26;59.94;-50.66;193.36
66112.00ms : 0.16;-1.13;-0.30;48.95;-30.82;160.77
66132.00ms : 0.17;-1.21;-0.27;45.96;-15.44;122.01
66152.00ms : 0.19;-1.22;-0.23;46.75;-3.42;86.79
66172.00ms : 0.16;-1.18;-0.24;47.00;4.76;55.36
66192.00ms : 0.13;-1.13;-0.23;44.07;11.60;33.57
66212.00ms : 0.16;-1.12;-0.18;37.90;10.50;21.67
66232.00ms : 0.16;-1.13;-0.15;39.55;0.98;15.81
66252.00ms : 0.08;-1.09;-0.23;35.71;-5.62;12.15
66272.00ms : 0.04;-1.10;-0.33;26.92;-3.91;11.35
66292.00ms : 0.08;-1.16;-0.38;18.98;6.23;9.16
66312.00ms : 0.10;-1.19;-0.32;10.13;11.35;-2.87
66332.00ms : 0.10;-1.17;-0.33;0.92;10.13;-12.94
66352.00ms : 0.08;-1.21;-0.36;-7.39;16.48;-27.16
66372.00ms : 0.06;-1.19;-0.33;-13.73;26.06;-45.90
66392.00ms : 0.04;-1.17;-0.28;-18.92;31.62;-62.01
66412.00ms : 0.01;-1.11;-0.30;-26.18;34.36;-65.49
66432.00ms : 0.01;-1.14;-0.28;-33.51;39.86;-69.89
66452.00ms : -0.02;-1.13;-0.24;-40.28;39.43;-78.98
66472.00ms : -0.02;-1.13;-0.25;-44.68;42.18;-91.37
66492.00ms : -0.07;-1.06;-0.26;-55.79;45.53;-102.66
66512.00ms : -0.05;-1.08;-0.26;-63.84;52.86;-112.00
66532.00ms : -0.04;-1.12;-0.22;-55.18;60.36;-135.38
66552.00ms : -0.02;-1.02;-0.25;-64.94;71.96;-147.22
66572.00ms : -0.02;-1.05;-0.12;-70.13;74.71;-158.02
66592.00ms : -0.06;-0.99;-0.10;-66.65;76.23;-178.16
66612.00ms : -0.07;-0.87;-0.10;-56.58;85.94;-193.05
66632.00ms : -0.16;-0.73;0.01;-56.40;89.36;-194.34
66652.00ms : -0.18;-0.66;0.02;-58.11;87.46;-186.58
66672.00ms : -0.19;-0.64;0.07;-53.41;86.36;-180.18
66692.00ms : -0.28;-0.52;0.14;-56.09;85.33;-175.05
66712.00ms : -0.35;-0.44;0.18;-60.91;73.00;-164.98
66732.00ms : -0.35;-0.44;0.17;-64.64;62.26;-150.27
66752.00ms : -0.37;-0.51;0.18;-67.32;56.64;-146.55
66772.00ms : -0.35;-0.58;0.16;-64.45;56.15;-156.86
66792.00ms : -0.33;-0.55;0.17;-64.94;67.57;-175.17
66812.00ms : -0.34;-0.46;0.23;-64.09;72.02;-189.33
66832.00ms : -0.36;-0.34;0.25;-64.27;72.33;-193.97
66852.00ms : -0.37;-0.30;0.24;-71.17;67.32;-193.97
66872.00ms : -0.34;-0.28;0.21;-78.61;72.57;-199.77
66892.00ms : -0.32;-0.17;0.24;-83.19;73.49;-208.07
66912.00ms : -0.34;-0.05;0.28;-85.08;75.38;-212.65
66932.00ms : -0.34;0.02;0.23;-90.88;80.26;-214.29
66952.00ms : -0.33;0.11;0.26;-95.58;90.82;-212.28
66972.00ms : -0.27;0.21;0.37;-98.14;93.57;-211.43
66992.00ms : -0.23;0.31;0.45;-93.32;92.16;-207.95
67012.00ms : -0.19;0.39;0.49;-87.04;86.43;-204.41
67032.00ms : -0.17;0.51;0.51;-80.93;80.44;-198.55
67052.00ms : -0.22;0.71;0.57;-72.45;72.88;-178.10
67072.00ms : -0.23;0.81;0.65;-60.79;56.52;-144.41
67092.00ms : -0.25;0.81;0.68;-47.18;37.05;-113.34
67112.00ms : -0.27;0.79;0.65;-30.03;21.42;-87.04
67132.00ms : -0.30;0.83;0.63;-15.93;8.36;-59.45
67152.00ms : -0.35;0.86;0.70;-5.19;-10.07;-22.58
67172.00ms : -0.39;0.81;0.66;6.53;-28.56;12.15
67192.00ms : -0.39;0.77;0.67;19.78;-38.15;44.92
67212.00ms : -0.38;0.75;0.67;33.14;-54.08;73.43
67232.00ms : -0.41;0.84;0.74;50.11;-70.80;105.41
67252.00ms : -0.47;0.98;0.75;68.97;-95.58;154.54
67272.00ms : -0.51;0.89;0.64;85.27;-114.87;208.68
67292.00ms : -0.44;0.66;0.46;98.21;-119.26;246.52
67312.00ms : -0.36;0.46;0.38;103.09;-122.92;269.35
67332.00ms : -0.30;0.28;0.31;97.66;-128.48;284.30
67352.00ms : -0.23;0.15;0.28;86.36;-133.42;292.48
67372.00ms : -0.21;0.11;0.33;73.30;-144.90;306.70
67392.00ms : -0.17;-0.02;0.30;60.24;-153.87;317.08
67412.00ms : -0.14;-0.11;0.30;54.99;-161.62;317.26
67432.00ms : -0.20;-0.09;0.29;52.19;-170.53;323.97
67452.00ms : -0.22;-0.09;0.25;47.12;-179.81;337.28
67472.00ms : -0.22;-0.18;0.20;42.36;-184.45;347.23
67492.00ms : -0.23;-0.28;0.03;40.89;-171.20;351.20
67512.00ms : -0.15;-0.53;-0.13;47.79;-132.02;330.57
67532.00ms : -0.10;-0.67;-0.15;66.77;-87.77;288.94
67552.00ms : -0.05;-0.75;-0.14;90.21;-56.15;250.55
67572.00ms : -0.02;-0.79;-0.16;90.03;-41.63;216.19
67592.00ms : -0.05;-0.77;-0.26;85.75;-37.54;204.59
67612.00ms : -0.04;-0.94;-0.31;81.24;-34.85;206.73
67632.00ms : 0.15;-1.20;-0.44;75.50;-18.43;192.87
67652.00ms : 0.20;-1.31;-0.41;77.88;12.02;158.69
67672.00ms : 0.20;-1.32;-0.29;60.24;13.31;123.29
67692.00ms : 0.19;-1.31;-0.25;59.94;0.61;101.01
67712.00ms : 0.17;-1.33;-0.38;57.25;0.31;71.66
67732.00ms : 0.16;-1.32;-0.47;50.05;12.57;37.05
67752.00ms : 0.19;-1.35;-0.52;30.46;23.07;10.38
67772.00ms : 0.24;-1.36;-0.48;7.26;30.46;-12.02
67792.00ms : 0.20;-1.33;-0.36;-5.92;23.93;-34.06
67812.00ms : 0.13;-1.27;-0.40;-15.44;19.96;-53.34
67832.00ms : 0.04;-1.29;-0.41;-26.86;26.25;-70.80
67852.00ms : 0.02;-1.31;-0.40;-37.66;31.19;-84.41
67872.00ms : -0.06;-1.30;-0.43;-52.19;40.41;-98.14
67892.00ms : -0.09;-1.36;-0.49;-68.12;55.36;-119.69
67912.00ms : -0.11;-1.31;-0.50;-85.57;78.06;-146.42
67932.00ms : -0.10;-1.23;-0.45;-90.88;100.59;-174.13
67952.00ms : -0.08;-1.09;-0.42;-95.40;121.40;-201.97
67972.00ms : -0.00;-0.98;-0.38;-88.26;152.47;-223.21
67992.00ms : 0.06;-0.91;-0.25;-79.16;166.87;-248.96
68012.00ms : 0.07;-0.70;-0.13;-74.77;179.57;-257.39
68032.00ms : 0.00;-0.54;0.09;-65.61;168.82;-247.31
68052.00ms : -0.13;-0.43;0.19;-68.66;149.05;-230.47
68072.00ms : -0.17;-0.46;0.19;-71.66;135.93;-212.10
68092.00ms : -0.23;-0.49;0.24;-71.17;128.48;-202.51
68112.00ms : -0.24;-0.52;0.18;-71.59;129.39;-208.92
68132.00ms : -0.24;-0.52;0.17;-72.69;133.06;-214.54
68152.00ms : -0.23;-0.54;0.12;-78.67;137.94;-228.58
68172.00ms : -0.17;-0.53;0.01;-88.01;153.02;-245.85
68192.00ms : -0.10;-0.38;0.10;-101.56;162.60;-258.91
68212.00ms : -0.10;-0.14;0.25;-122.62;150.09;-247.80
68232.00ms : -0.06;-0.06;0.27;-143.74;129.27;-229.00
68252.00ms : -0.04;-0.02;0.27;-158.45;114.01;-215.33
68272.00ms : -0.01;0.06;0.27;-165.22;105.29;-207.15
68292.00ms : 0.05;0.14;0.25;-165.34;103.21;-202.82
68312.00ms : 0.11;0.26;0.28;-151.61;113.71;-206.42
68332.00ms : 0.18;0.45;0.37;-117.74;139.89;-217.59
68352.00ms : 0.27;0.64;0.58;-78.49;152.77;-215.76
68372.00ms : 0.24;0.82;0.66;-62.50;145.14;-195.56
68392.00ms : 0.08;0.82;0.66;-60.91;117.68;-159.61
68412.00ms : 0.12;0.86;0.60;-73.30;88.32;-122.50
68432.00ms : 0.09;0.83;0.67;-64.82;72.27;-87.34
68452.00ms : 0.15;0.67;0.69;-37.78;61.22;-73.55
68472.00ms : 0.13;0.71;0.76;-12.21;48.40;-65.37
68492.00ms : 0.08;0.76;0.77;8.54;28.08;-45.41
68512.00ms : 0.11;0.79;0.70;12.82;16.60;-24.17
68532.00ms : 0.05;0.80;0.81;39.67;18.13;-0.67
68552.00ms : 0.03;0.84;0.96;70.62;0.79;20.81
68572.00ms : 0.01;0.76;1.01;83.98;-38.33;46.02
68592.00ms : 0.04;0.79;0.89;86.73;-80.32;75.74
68612.00ms : 0.06;0.75;0.87;99.61;-103.39;105.96
68632.00ms : 0.06;0.77;1.05;118.29;-143.92;135.86
68652.00ms : 0.02;0.79;0.94;134.46;-193.48;172.36
68672.00ms : -0.01;0.71;0.77;142.15;-226.56;213.01
68692.00ms : -0.02;0.63;0.62;145.94;-246.22;252.20
68712.00ms : -0.01;0.59;0.63;144.35;-258.42;290.28
68732.00ms : 0.04;0.47;0.61;137.21;-285.52;323.67
68752.00ms : 0.13;0.30;0.43;111.15;-312.74;343.51
68772.00ms : 0.19;0.09;0.18;83.74;-316.65;357.73
68792.00ms : 0.17;-0.18;-0.00;64.88;-293.76;357.06
68812.00ms : 0.12;-0.39;-0.06;50.96;-258.24;341.86
68832.00ms : 0.06;-0.52;-0.08;34.06;-227.05;312.26
68852.00ms : -0.02;-0.59;-0.08;25.02;-196.66;289.43
68872.00ms : -0.07;-0.61;-0.05;21.24;-168.21;269.90
68892.00ms : -0.14;-0.56;0.06;31.13;-153.56;265.20
68912.00ms : -0.13;-0.54;0.08;40.83;-148.13;259.64
68932.00ms : -0.08;-0.59;0.08;51.94;-145.63;252.62
68952.00ms : -0.03;-0.58;0.00;68.97;-139.10;247.74
68972.00ms : 0.02;-0.63;-0.06;87.34;-130.19;237.73
68992.00ms : 0.06;-0.71;-0.25;118.16;-101.01;213.13
69012.00ms : 0.14;-0.81;-0.37;146.36;-55.73;173.83
69032.00ms : 0.22;-0.83;-0.32;166.93;-12.70;122.13
69052.00ms : 0.13;-0.77;-0.30;159.67;-10.25;79.41
69072.00ms : 0.05;-0.69;-0.12;152.10;-77.15;88.44
69092.00ms : 0.11;-0.66;-0.22;114.14;-173.46;148.32
69112.00ms : 0.22;-0.85;-0.69;96.25;-216.37;232.48
69132.00ms : 0.36;-1.26;-1.03;65.49;-200.81;257.32
69152.00ms : 0.40;-1.72;-1.20;31.74;-145.57;226.32
69172.00ms : 0.45;-2.03;-1.22;2.62;-85.08;140.44
69192.00ms : 0.48;-2.01;-1.10;-13.98;-16.11;51.15
69212.00ms : 0.48;-1.60;-0.78;-11.78;25.76;-5.49
69232.00ms : 0.42;-1.35;-0.56;-8.42;24.11;-28.44
69252.00ms : 0.36;-1.27;-0.62;-15.32;13.31;-39.25
69272.00ms : 0.34;-1.23;-0.67;-28.08;17.52;-49.56
69292.00ms : 0.32;-1.22;-0.68;-41.26;28.08;-61.77
69312.00ms : 0.26;-1.16;-0.77;-52.73;46.08;-71.66
69332.00ms : 0.23;-1.24;-0.74;-72.57;69.40;-85.94
69352.00ms : 0.17;-1.36;-0.76;-82.46;90.94;-112.98
69372.00ms : 0.15;-1.37;-0.79;-97.23;116.76;-144.35
69392.00ms : 0.15;-1.35;-0.73;-111.88;142.82;-176.64
69412.00ms : 0.12;-1.35;-0.73;-118.96;171.20;-213.20
69432.00ms : 0.22;-1.33;-0.77;-122.44;212.65;-247.56
69452.00ms : 0.32;-1.15;-0.60;-137.08;240.66;-282.41
69472.00ms : 0.34;-0.91;-0.41;-128.30;261.29;-296.14
69492.00ms : 0.25;-0.63;-0.19;-100.77;265.32;-297.36
69512.00ms : 0.13;-0.47;-0.09;-90.39;260.19;-281.43
69532.00ms : 0.06;-0.45;-0.07;-62.99;261.66;-269.53
69552.00ms : -0.02;-0.11;0.03;-36.80;270.02;-257.08
69572.00ms : -0.15;-0.43;-0.09;-38.45;287.29;-213.38
69592.00ms : -0.03;-0.69;-0.11;-30.64;296.26;-228.39
69612.00ms : 0.02;-0.68;-0.13;-16.24;322.45;-236.33
69632.00ms : 0.17;-0.48;0.17;-14.83;333.74;-228.58
69652.00ms : 0.13;-0.33;0.58;-15.26;296.33;-195.19
69672.00ms : 0.01;-0.36;0.49;-18.13;240.84;-161.93
69692.00ms : -0.04;-0.44;0.20;-19.78;233.83;-137.21
69712.00ms : 0.08;-0.52;0.07;-19.17;263.61;-131.71
69732.00ms : 0.25;-0.68;0.29;-38.88;266.91;-128.11
69752.00ms : 0.39;-0.65;0.36;-52.55;254.76;-134.52
69772.00ms : 0.42;-0.44;0.58;-74.22;216.61;-120.48
69792.00ms : 0.37;-0.27;0.63;-101.01;157.04;-82.15
69812.00ms : 0.32;-0.32;0.53;-124.57;108.52;-49.74
69832.00ms : 0.34;-0.46;0.45;-140.38;78.67;-47.85
69852.00ms : 0.30;-0.32;0.41;-162.60;57.43;-54.81
69872.00ms : 0.24;-0.13;0.42;-176.09;41.56;-47.12
69892.00ms : 0.25;-0.08;0.48;-175.11;27.34;-39.55
69912.00ms : 0.26;0.04;0.53;-168.21;9.34;-36.25
69932.00ms : 0.20;0.23;0.59;-155.40;-13.55;-23.32
69952.00ms : 0.09;0.30;0.67;-162.60;-51.82;7.20
69972.00ms : 0.05;0.21;0.50;-165.04;-69.82;33.87
69992.00ms : 0.09;0.03;0.34;-148.99;-46.88;20.32
70012.00ms : 0.11;0.10;0.38;-115.42;3.11;-18.74
70032.00ms : 0.08;0.35;0.67;-86.61;16.17;-36.07
70052.00ms : -0.02;0.50;0.74;-88.07;-16.72;-12.70
70072.00ms : -0.03;0.43;0.61;-120.73;-52.19;25.51
70092.00ms : -0.02;0.27;0.46;-141.11;-66.35;35.71
70112.00ms : -0.01;0.22;0.35;-144.96;-54.63;12.08
70132.00ms : -0.03;0.33;0.38;-153.32;-42.30;-16.78
70152.00ms : 0.04;0.46;0.38;-162.84;-33.20;-40.77
70172.00ms : -0.09;0.76;0.46;-158.33;-31.07;-53.41
70192.00ms : -0.09;1.07;0.50;-133.91;-15.87;-48.95
70212.00ms : -0.07;1.27;0.71;-70.98;4.03;-39.67
70232.00ms : -0.10;1.44;0.88;-9.46;2.93;-5.55
70252.00ms : -0.05;1.38;0.93;34.42;-24.11;40.16
70272.00ms : -0.06;1.31;0.91;67.44;-54.08;75.68
70292.00ms : -0.09;1.18;0.70;100.34;-74.95;105.83
70312.00ms : -0.14;1.07;0.57;121.95;-80.69;133.24
70332.00ms : -0.15;0.92;0.47;130.86;-84.90;158.87
70352.00ms : -0.12;0.72;0.39;144.23;-81.18;169.80
70372.00ms : -0.10;0.78;0.53;150.63;-87.59;182.98
70392.00ms : -0.03;0.90;0.63;148.50;-126.53;224.98
70412.00ms : 0.03;0.93;0.63;140.32;-176.15;286.68
70432.00ms : 0.10;0.69;0.39;122.31;-223.63;350.16
70452.00ms : 0.12;0.35;0.10;106.63;-226.68;391.54
70472.00ms : 0.17;-0.06;-0.05;95.64;-209.29;396.61
70492.00ms : 0.15;-0.34;-0.12;82.46;-181.09;376.53
70512.00ms : 0.04;-0.45;-0.10;63.42;-153.69;347.35
70532.00ms : 0.02;-0.57;0.03;48.34;-135.86;315.86
70552.00ms : 0.00;-0.73;0.07;40.95;-128.36;272.71
70572.00ms : -0.07;-0.77;0.11;37.41;-122.92;229.74
70592.00ms : -0.14;-0.64;0.14;17.27;-129.15;205.44
70612.00ms : -0.16;-0.52;0.15;0.67;-134.77;218.69
70632.00ms : -0.18;-0.48;0.17;-12.70;-146.06;241.82
70652.00ms : -0.19;-0.51;0.11;-17.33;-151.79;259.58
70672.00ms : -0.14;-0.68;0.04;-22.64;-146.97;254.39
70692.00ms : -0.06;-0.83;0.05;-23.13;-134.22;232.06
70712.00ms : -0.09;-0.91;0.11;-12.82;-141.48;200.50
70732.00ms : -0.12;-0.92;-0.04;-17.09;-141.91;178.59
70752.00ms : -0.16;-1.08;-0.16;-1.83;-118.23;155.40
70772.00ms : -0.20;-1.18;-0.28;15.99;-86.67;128.48
70792.00ms : -0.22;-1.23;-0.33;29.54;-49.26;96.19
70812.00ms : -0.26;-1.18;-0.27;29.72;-28.63;76.42
70832.00ms : -0.22;-1.15;-0.24;27.95;-15.75;68.05
70852.00ms : -0.23;-1.07;-0.16;22.95;-12.57;62.81
70872.00ms : -0.20;-1.10;-0.24;13.18;-11.47;62.01
70892.00ms : -0.15;-1.21;-0.30;4.88;2.87;52.67
70912.00ms : -0.13;-1.33;-0.35;-1.83;23.38;28.38
70932.00ms : -0.11;-1.47;-0.45;-6.23;54.93;-12.63
70952.00ms : -0.07;-1.56;-0.42;-11.72;96.62;-62.19
70972.00ms : -0.05;-1.61;-0.35;-14.47;124.15;-118.29
70992.00ms : -0.01;-1.71;-0.37;-21.73;147.77;-178.16
71012.00ms : 0.15;-1.62;-0.43;-37.17;174.19;-237.92
71032.00ms : 0.22;-1.37;-0.27;-41.69;197.39;-293.27
71052.00ms : 0.23;-0.97;-0.15;-43.09;205.57;-325.44
71072.00ms : 0.16;-0.72;-0.07;-43.95;206.60;-326.78
71092.00ms : 0.16;-0.63;-0.00;-42.54;208.56;-322.57
71112.00ms : 0.05;-0.60;0.13;-38.09;201.60;-310.91
71132.00ms : -0.06;-0.25;0.12;-61.28;188.05;-273.80
71152.00ms : -0.04;-0.41;0.20;-71.29;181.76;-255.07
71172.00ms : 0.09;-0.58;0.26;-72.20;178.16;-266.85
71192.00ms : 0.08;-0.43;0.34;-67.20;165.89;-281.49
71212.00ms : 0.00;-0.23;0.29;-82.95;144.84;-273.13
71232.00ms : -0.06;-0.14;0.33;-99.67;131.84;-258.12
71252.00ms : -0.08;-0.14;0.33;-112.37;116.58;-254.33
71272.00ms : -0.06;-0.04;0.30;-126.65;108.46;-250.85
71292.00ms : -0.07;0.10;0.31;-149.84;98.02;-241.15
71312.00ms : -0.02;0.23;0.32;-162.96;92.83;-223.57
71332.00ms : 0.02;0.38;0.47;-166.87;79.10;-201.35
71352.00ms : -0.04;0.57;0.53;-176.33;47.42;-168.52
71372.00ms : -0.06;0.62;0.43;-173.10;29.11;-132.57
71392.00ms : -0.05;0.63;0.44;-156.98;25.09;-108.83
71412.00ms : -0.06;0.70;0.49;-135.74;15.81;-89.05
71432.00ms : -0.11;0.72;0.47;-122.86;1.59;-72.39
71452.00ms : -0.13;0.74;0.41;-108.70;-7.75;-58.17
71472.00ms : -0.17;0.75;0.39;-96.25;-13.06;-47.49
71492.00ms : -0.19;0.74;0.35;-87.95;-17.52;-37.90
71512.00ms : -0.19;0.78;0.33;-83.25;-18.55;-29.79
71532.00ms : -0.16;0.83;0.38;-68.36;-18.98;-27.53
71552.00ms : -0.25;1.09;0.40;-48.40;-24.96;-12.08
71572.00ms : -0.36;1.25;0.46;-36.32;-31.62;24.35
71592.00ms : -0.36;1.21;0.50;-13.12;-40.53;56.34
71612.00ms : -0.35;1.16;0.50;10.86;-49.74;73.97
71632.00ms : -0.43;1.26;0.51;39.06;-60.36;101.32
71652.00ms : -0.51;1.27;0.47;59.57;-70.13;141.97
71672.00ms : -0.53;1.14;0.36;82.03;-69.95;179.81
71692.00ms : -0.50;0.98;0.33;103.33;-63.90;205.99
71712.00ms : -0.48;0.91;0.32;111.39;-70.25;236.88
71732.00ms : -0.46;0.81;0.22;111.45;-72.02;270.26
71752.00ms : -0.45;0.70;0.25;113.10;-69.27;297.85
71772.00ms : -0.41;0.61;0.23;111.45;-77.94;322.94
71792.00ms : -0.34;0.47;0.18;105.47;-85.27;344.24
71812.00ms : -0.30;0.27;0.10;96.44;-86.30;358.70
71832.00ms : -0.24;0.05;0.03;88.56;-78.37;358.46
71852.00ms : -0.16;-0.16;0.02;83.19;-62.62;338.87
71872.00ms : -0.14;-0.21;0.13;76.23;-62.99;329.10
71892.00ms : -0.15;-0.30;0.12;47.97;-78.25;333.74
71912.00ms : -0.14;-0.40;0.11;21.48;-86.85;331.30
71932.00ms : -0.15;-0.51;0.12;2.20;-85.69;315.92
71952.00ms : -0.13;-0.54;0.07;-2.62;-76.72;312.62
71972.00ms : -0.15;-0.60;0.05;2.81;-57.68;301.45
71992.00ms : -0.07;-0.75;0.00;19.29;-32.29;275.27
72012.00ms : 0.01;-0.90;0.01;38.76;-8.85;232.67
72032.00ms : 0.07;-0.95;-0.03;61.46;10.44;192.02
72052.00ms : 0.12;-0.99;0.00;73.73;22.89;158.08
72072.00ms : 0.17;-1.00;0.05;75.01;23.62;126.71
72092.00ms : 0.23;-1.05;0.03;71.96;17.46;98.08
72112.00ms : 0.17;-1.00;-0.03;71.35;12.70;77.82
72132.00ms : 0.13;-1.05;-0.03;70.74;2.99;66.28
72152.00ms : 0.08;-1.07;-0.04;65.12;-14.59;59.20
72172.00ms : 0.10;-1.08;-0.15;56.64;-29.54;65.67
72192.00ms : 0.11;-1.15;-0.17;46.14;-32.29;58.35
72212.00ms : 0.08;-1.17;-0.20;40.41;-34.24;44.07
72232.00ms : 0.13;-1.22;-0.24;22.40;-33.81;23.80
72252.00ms : 0.16;-1.32;-0.18;0.12;-33.81;-2.50
72272.00ms : 0.22;-1.40;-0.16;-14.10;-36.25;-43.64
72292.00ms : 0.11;-1.36;-0.25;-20.94;-30.70;-82.21
72312.00ms : 0.02;-1.42;-0.35;-39.12;-15.20;-117.80
72332.00ms : 0.06;-1.61;-0.42;-52.80;9.46;-171.45
72352.00ms : 0.13;-1.63;-0.51;-56.82;43.58;-245.30
72372.00ms : 0.07;-1.26;-0.38;-64.45;74.04;-302.49
72392.00ms : 0.04;-0.91;-0.23;-67.20;96.62;-330.44
72412.00ms : -0.04;-0.62;-0.05;-62.07;102.17;-322.27
72432.00ms : -0.26;-0.43;0.08;-62.68;87.22;-294.49
72452.00ms : -0.36;-0.49;0.04;-61.28;78.86;-271.36
72472.00ms : -0.39;-0.48;-0.01;-56.15;88.87;-259.40
72492.00ms : -0.37;-0.45;0.06;-52.92;102.23;-260.07
72512.00ms : -0.36;-0.35;0.12;-58.35;103.45;-260.25
72532.00ms : -0.34;-0.34;0.19;-61.65;102.66;-262.82
72552.00ms : -0.36;-0.17;0.20;-64.27;89.60;-260.93
72572.00ms : -0.40;-0.10;0.16;-75.20;85.21;-247.74
72592.00ms : -0.39;-0.05;0.22;-84.23;82.03;-236.76
72612.00ms : -0.40;-0.04;0.24;-91.37;73.30;-234.31
72632.00ms : -0.39;0.03;0.18;-99.12;73.55;-235.47
72652.00ms : -0.36;0.19;0.24;-109.80;78.25;-235.60
72672.00ms : -0.36;0.35;0.31;-117.37;72.63;-221.44
72692.00ms : -0.34;0.45;0.31;-114.62;72.88;-205.69
72712.00ms : -0.28;0.48;0.39;-108.64;67.44;-190.06
72732.00ms : -0.26;0.57;0.39;-91.55;59.14;-181.52
72752.00ms : -0.30;0.70;0.42;-81.18;47.79;-156.01
72772.00ms : -0.28;0.64;0.38;-74.16;32.41;-138.00
72792.00ms : -0.28;0.66;0.35;-63.60;28.32;-128.11
72812.00ms : -0.27;0.67;0.35;-59.39;23.80;-118.16
72832.00ms : -0.25;0.71;0.33;-53.34;22.95;-104.74
72852.00ms : -0.22;0.67;0.31;-49.01;25.33;-101.07
72872.00ms : -0.19;0.75;0.34;-42.18;26.06;-96.98
72892.00ms : -0.20;0.86;0.36;-39.18;21.97;-81.85
72912.00ms : -0.19;0.91;0.44;-32.65;13.49;-64.15
72932.00ms : -0.19;0.94;0.44;-17.27;-0.49;-51.15
72952.00ms : -0.22;1.13;0.46;1.65;-13.37;-29.36
72972.00ms : -0.29;1.35;0.58;19.35;-34.48;22.40
72992.00ms : -0.38;1.35;0.64;35.64;-64.03;83.98
73012.00ms : -0.39;1.17;0.55;56.88;-87.59;139.04
73032.00ms : -0.39;0.96;0.37;82.34;-88.26;169.98
73052.00ms : -0.42;0.91;0.32;99.79;-79.71;194.34
73072.00ms : -0.45;0.94;0.39;106.51;-79.96;225.59
73092.00ms : -0.43;0.95;0.42;106.38;-91.49;265.69
73112.00ms : -0.41;0.84;0.37;98.75;-110.17;304.75
73132.00ms : -0.37;0.62;0.22;86.36;-123.72;335.88
73152.00ms : -0.31;0.38;0.09;72.69;-119.69;352.60
73172.00ms : -0.31;0.20;0.07;62.99;-106.38;354.37
73192.00ms : -0.26;-0.02;0.12;53.22;-99.24;345.89
73212.00ms : -0.24;-0.19;0.15;36.80;-97.53;323.55
73232.00ms : -0.30;-0.24;0.13;23.13;-100.10;306.46
73252.00ms : -0.39;-0.29;0.03;15.26;-85.69;296.87
73272.00ms : -0.40;-0.47;0.06;16.42;-66.77;271.85
73292.00ms : -0.40;-0.51;0.05;30.40;-48.28;244.51
73312.00ms : -0.39;-0.50;0.12;35.34;-45.10;228.15
73332.00ms : -0.39;-0.48;0.10;30.52;-50.42;221.62
73352.00ms : -0.40;-0.53;0.04;26.06;-54.26;226.01
73372.00ms : -0.34;-0.67;-0.03;24.35;-49.87;223.21
73392.00ms : -0.26;-0.83;-0.03;22.58;-41.38;211.36
73412.00ms : -0.20;-0.92;-0.02;22.58;-32.41;187.44
73432.00ms : -0.16;-0.91;0.01;24.60;-24.96;165.41
73452.00ms : -0.14;-0.93;0.02;26.86;-21.36;146.12
73472.00ms : -0.09;-0.98;0.00;31.25;-18.01;119.45
73492.00ms : -0.09;-0.96;-0.03;36.25;-13.55;95.89
73512.00ms : -0.12;-1.01;-0.09;28.02;-12.02;72.94
73532.00ms : -0.04;-1.07;-0.15;19.41;-4.58;55.24
73552.00ms : 0.01;-1.18;-0.03;11.54;-4.76;25.76
73572.00ms : 0.00;-1.23;-0.01;4.76;-16.97;-11.96
73592.00ms : -0.13;-1.29;-0.13;-0.37;-20.02;-42.79
73612.00ms : -0.11;-1.64;-0.40;-17.76;8.00;-98.57
73632.00ms : 0.20;-2.06;-0.39;-27.77;55.05;-217.59
73652.00ms : 0.50;-1.90;-0.29;1.34;113.40;-375.18
73672.00ms : 0.41;-0.98;0.00;27.04;139.16;-462.59
73692.00ms : 0.12;-0.29;0.17;34.85;128.17;-428.34
73712.00ms : -0.31;-0.09;0.20;16.85;83.86;-350.83
73732.00ms : -0.45;-0.40;-0.17;-21.55;58.78;-294.49
73752.00ms : -0.30;-0.78;-0.30;-51.70;80.69;-306.03
73772.00ms : -0.18;-0.72;-0.15;-52.37;102.66;-351.93
73792.00ms : -0.19;-0.32;-0.04;-65.19;107.30;-381.90
73812.00ms : -0.25;0.04;-0.01;-73.49;109.99;-373.17
73832.00ms : -0.29;0.35;-0.02;-79.65;119.75;-343.75
73852.00ms : -0.32;0.46;0.06;-94.97;123.41;-309.02
73872.00ms : -0.26;0.48;0.10;-100.52;127.01;-283.75
73892.00ms : -0.20;0.52;0.16;-105.83;124.15;-266.60
73912.00ms : -0.13;0.64;0.20;-117.49;120.73;-247.07
73932.00ms : -0.10;0.74;0.35;-133.85;96.19;-225.77
73952.00ms : -0.08;0.78;0.36;-143.74;62.74;-218.63
73972.00ms : -0.13;0.91;0.26;-125.31;52.86;-203.37
73992.00ms : -0.15;1.02;0.25;-110.17;53.53;-173.71
74012.00ms : -0.11;1.05;0.29;-102.05;45.29;-144.17
74032.00ms : -0.17;1.10;0.28;-94.30;31.25;-122.56
74052.00ms : -0.15;1.19;0.25;-94.48;20.45;-99.55
74072.00ms : -0.20;1.23;0.31;-76.35;12.76;-76.05
74092.00ms : -0.24;1.24;0.27;-49.44;3.60;-58.11
74112.00ms : -0.26;1.23;0.24;-25.27;6.71;-45.90
74132.00ms : -0.29;1.29;0.31;-9.40;3.66;-28.99
74152.00ms : -0.28;1.25;0.32;8.48;-0.85;-10.93
74172.00ms : -0.30;1.18;0.36;24.96;-4.70;4.88
74192.00ms : -0.26;1.13;0.30;38.39;-10.86;18.07
74212.00ms : -0.30;1.22;0.31;47.91;-13.24;40.65
74232.00ms : -0.34;1.20;0.29;51.94;-22.89;73.36
74252.00ms : -0.29;1.08;0.18;54.69;-22.89;96.62
74272.00ms : -0.31;1.02;0.24;64.45;-25.88;111.82
74292.00ms : -0.31;1.07;0.24;73.97;-31.43;131.16
74312.00ms : -0.34;1.18;0.34;76.90;-47.06;171.26
74332.00ms : -0.35;1.13;0.31;81.18;-65.98;217.77
74352.00ms : -0.36;0.91;0.14;83.31;-67.69;251.89
74372.00ms : -0.34;0.73;0.11;85.08;-55.97;262.82
74392.00ms : -0.37;0.70;0.17;88.62;-46.63;272.77
74412.00ms : -0.40;0.72;0.23;86.98;-48.89;290.89
74432.00ms : -0.40;0.63;0.19;85.75;-53.96;312.74
74452.00ms : -0.30;0.42;0.18;80.14;-55.66;320.92
74472.00ms : -0.30;0.27;0.16;71.17;-63.72;326.42
74492.00ms : -0.30;0.11;0.10;58.65;-66.22;322.81
74512.00ms : -0.31;-0.06;0.06;49.50;-60.00;312.07
74532.00ms : -0.34;-0.16;0.04;39.06;-50.72;301.09
74552.00ms : -0.37;-0.16;0.10;30.33;-45.78;294.80
74572.00ms : -0.35;-0.16;0.20;25.21;-47.55;294.98
74592.00ms : -0.33;-0.08;0.25;23.62;-57.74;307.98
74612.00ms : -0.29;-0.04;0.27;24.11;-67.75;332.15
74632.00ms : -0.19;-0.21;0.22;25.45;-75.26;348.51
74652.00ms : -0.03;-0.50;0.06;39.31;-65.86;337.59
74672.00ms : 0.02;-0.70;-0.01;50.29;-51.03;308.35
74692.00ms : 0.07;-0.84;-0.04;58.17;-35.40;268.25
74712.00ms : 0.10;-0.92;-0.03;67.26;-23.13;226.81
74732.00ms : 0.12;-1.03;-0.02;78.49;-15.26;183.90
74752.00ms : 0.14;-1.17;-0.12;72.33;-6.47;133.79
74772.00ms : 0.13;-1.18;-0.11;72.39;6.41;93.87
74792.00ms : 0.06;-1.25;-0.14;74.58;9.58;58.96
74812.00ms : -0.01;-1.21;-0.24;77.94;15.75;35.10
74832.00ms : -0.07;-1.18;-0.25;73.00;24.66;18.74
74852.00ms : -0.11;-1.22;-0.38;58.72;28.93;15.81
74872.00ms : -0.07;-1.25;-0.41;34.73;45.84;10.62
74892.00ms : -0.03;-1.35;-0.33;19.96;52.80;-6.16
74912.00ms : -0.03;-1.29;-0.30;8.61;59.88;-30.33
74932.00ms : 0.01;-1.25;-0.27;-3.42;65.61;-47.30
74952.00ms : 0.01;-1.34;-0.28;-14.65;71.29;-69.40
74972.00ms : 0.01;-1.39;-0.30;-26.06;81.12;-106.63
74992.00ms : -0.04;-1.32;-0.37;-39.92;94.36;-139.71
75012.00ms : -0.03;-1.44;-0.46;-50.11;122.13;-182.62
75032.00ms : 0.12;-1.37;-0.33;-59.51;145.14;-234.44
75052.00ms : 0.14;-1.10;-0.12;-68.24;147.52;-275.82
75072.00ms : 0.08;-0.65;0.07;-66.10;127.81;-273.62
75092.00ms : -0.00;-0.36;0.24;-63.11;99.37;-234.74
75112.00ms : -0.14;-0.32;0.44;-62.50;50.35;-194.34
75132.00ms : -0.31;-0.24;0.35;-59.39;2.99;-158.26
75152.00ms : -0.47;-0.30;0.08;-60.18;-8.54;-123.72
75172.00ms : -0.52;-0.41;0.08;-55.42;11.90;-112.00
75192.00ms : -0.45;-0.54;0.11;-42.91;25.57;-124.02
75212.00ms : -0.45;-0.49;0.19;-32.41;25.70;-131.84
75232.00ms : -0.59;-0.41;0.18;-34.06;13.06;-124.02
75252.00ms : -0.65;-0.53;0.00;-42.36;11.90;-120.67
75272.00ms : -0.61;-0.62;-0.06;-49.13;33.14;-134.70
75292.00ms : -0.48;-0.60;0.04;-52.80;60.36;-162.48
75312.00ms : -0.41;-0.49;0.21;-53.89;62.99;-184.08
75332.00ms : -0.45;-0.27;0.22;-58.59;56.88;-188.11
75352.00ms : -0.49;-0.27;0.20;-67.57;50.66;-184.81
75372.00ms : -0.40;-0.33;0.13;-69.64;57.98;-203.86
75392.00ms : -0.36;-0.20;0.17;-71.66;65.55;-223.63
75412.00ms : -0.34;-0.10;0.19;-77.82;62.74;-240.84
75432.00ms : -0.36;-0.02;0.12;-86.24;62.50;-258.06
75452.00ms : -0.34;0.11;0.09;-95.34;75.50;-273.56
75472.00ms : -0.30;0.24;0.18;-101.50;80.32;-283.39
75492.00ms : -0.22;0.27;0.17;-101.87;84.29;-293.27
75512.00ms : -0.07;0.32;0.14;-98.21;95.58;-310.49
75532.00ms : 0.01;0.51;0.13;-99.00;107.60;-322.63
75552.00ms : 0.08;0.78;0.21;-108.95;111.88;-323.06
75572.00ms : 0.15;1.08;0.27;-103.39;115.42;-300.11
75592.00ms : 0.13;1.34;0.44;-83.19;112.49;-256.16
75612.00ms : 0.17;1.54;0.58;-61.77;95.58;-194.64
75632.00ms : 0.08;1.65;0.76;-38.70;56.88;-118.04
75652.00ms : 0.04;1.61;0.77;-15.26;11.96;-39.12
75672.00ms : 0.05;1.36;0.68;11.66;-22.28;21.48
75692.00ms : 0.03;1.07;0.59;39.31;-41.38;50.84
75712.00ms : -0.02;0.87;0.46;59.08;-47.85;62.44
75732.00ms : -0.06;0.72;0.33;69.89;-44.98;62.99
75752.00ms : -0.07;0.86;0.33;66.41;-37.05;67.26
75772.00ms : -0.14;1.09;0.52;64.09;-47.49;103.76
75792.00ms : -0.18;1.10;0.57;62.93;-79.16;153.20
75812.00ms : -0.17;0.98;0.43;72.45;-100.89;194.09
75832.00ms : -0.22;0.93;0.39;80.02;-109.37;232.67
75852.00ms : -0.21;0.91;0.39;80.81;-120.67;272.83
75872.00ms : -0.22;0.77;0.36;83.68;-129.52;308.35
75892.00ms : -0.21;0.46;0.20;83.01;-122.50;321.72
75912.00ms : -0.22;0.28;0.22;80.69;-109.56;313.60
75932.00ms : -0.27;0.31;0.27;71.90;-108.58;313.23
75952.00ms : -0.25;0.23;0.28;62.44;-111.27;317.99
75972.00ms : -0.29;0.16;0.23;60.00;-113.10;321.35
75992.00ms : -0.30;0.11;0.21;49.62;-114.62;330.57
76012.00ms : -0.32;0.02;0.21;37.66;-122.13;340.52
76032.00ms : -0.26;-0.08;0.16;29.79;-119.75;343.57
76052.00ms : -0.22;-0.10;0.29;32.29;-120.85;349.43
76072.00ms : -0.19;-0.03;0.38;36.93;-141.72;368.04
76092.00ms : -0.08;-0.11;0.33;44.56;-160.64;392.46
76112.00ms : 0.06;-0.31;0.19;55.36;-164.18;398.38
76132.00ms : 0.09;-0.48;0.05;63.60;-168.46;387.33
76152.00ms : 0.14;-0.70;-0.16;75.26;-152.83;374.45
76172.00ms : 0.19;-1.02;-0.41;60.18;-120.00;338.68
76192.00ms : 0.19;-1.23;-0.49;57.86;-76.60;292.11
76212.00ms : 0.29;-1.53;-0.50;49.32;-39.00;230.53
76232.00ms : 0.26;-1.82;-0.48;38.94;-10.56;143.01
76252.00ms : 0.14;-1.91;-0.52;25.39;14.83;46.26
76272.00ms : 0.13;-1.83;-0.63;9.95;53.96;-48.95
