Monday,January_23_2023_09_15_03
Media: [0.9694066666666781, -0.21727333333333385, -0.4890866666666646, -0.1791200000000006, -1.0374466666666662, -0.2167000000000002]
Mediana: [0.98, -0.2, -0.47, -0.43, -0.61, -1.04]
Varianza: [0.0009990479555555551, 0.013692498622222223, 0.010492699155555556, 11.8652552256, 30.39728768048889, 42.24454291]
Desviacion: [0.031607719872770876, 0.11701495042182526, 0.10243387699172357, 3.4445979773552677, 5.513373529926019, 6.499580210290508]
Monday,January_23_2023_09_15_48
Media: [0.9716133333333435, -0.1988999999999993, -0.4831199999999974, -0.22891999999999924, -0.961593333333334, -0.22970666666666759]
Mediana: [0.98, -0.17, -0.45, -0.37, -0.79, -0.67]
Varianza: [0.0009679304888888884, 0.01560299, 0.0116290656, 11.9290536336, 34.380613127955556, 45.41423551395555]
Desviacion: [0.03111158126628874, 0.1249119289739775, 0.10783814538464578, 3.4538462087359942, 5.863498369399923, 6.739008496355792]
Monday,January_23_2023_09_16_30
Media: [0.9121466666666698, -0.32337333333333296, -0.5250466666666647, -0.12766000000000036, -0.780139999999999, -0.0030599999999997387]
Mediana: [0.96, -0.28, -0.48, -0.52, -0.79, -0.33999999999999997]
Varianza: [0.010121258488888889, 0.04645835395555555, 0.021897531155555556, 39.23030325773333, 82.11063764706667, 142.0886660364]
Desviacion: [0.10060446555143011, 0.21554200044435784, 0.1479781441820229, 6.263409874639638, 9.061492021023176, 11.920095051483441]
Monday,January_23_2023_09_17_15
Media: [0.9011333333333359, -0.3209333333333333, -0.5594133333333294, -0.297286666666667, -0.7077599999999991, -0.04169333333333457]
Mediana: [0.95, -0.29, -0.52, -0.03, -0.67, -0.55]
Varianza: [0.01226684888888889, 0.05548326222222222, 0.025438989155555557, 52.935242704488886, 87.82287471573333, 185.5385477992889]
Desviacion: [0.11075580747251536, 0.2355488531541222, 0.15949604746060497, 7.275660980590621, 9.371385954901939, 13.621253532597096]
Monday,January_23_2023_09_18_19
Media: [0.9575200000000061, -0.2160466666666673, -0.48536000000000096, 0.08933999999999966, -1.236853333333332, -0.02843333333333446]
Mediana: [0.99, -0.135, -0.4, -0.275, -1.04, 0.24]
Varianza: [0.13710158293333333, 0.08679817115555555, 0.0371556704, 507.5633013644, 665.3889910318222, 916.9587568122222]
Desviacion: [0.3702723091635848, 0.294615293485514, 0.19275806182881172, 22.52916557186262, 25.795135026431286, 30.281326866770918]
Monday,January_23_2023_09_20_01
Media: [0.9613000000000079, -0.20499333333333267, -0.48090666666666776, -0.24146666666666677, -1.081399999999998, -0.07231333333333403]
Mediana: [0.99, -0.14, -0.4, -0.21, -1.1, 0.31]
Varianza: [0.3024890433333333, 0.11134339995555555, 0.040866377955555554, 534.4894715822222, 1125.59070564, 1061.8669496484888]
Desviacion: [0.5499900393037435, 0.3336815846814977, 0.20215434191615958, 23.119028344249728, 33.54982422666324, 32.5863000300508]
Monday,January_23_2023_09_38_17
Media: [0.8885200000000137, -0.4235333333333301, -0.2351266666666657, -0.5932933333333327, -1.2146133333333322, 0.266873333333334]
Mediana: [0.89, -0.42, -0.25, -0.79, -1.28, 0.43]
Varianza: [0.0008386096000000007, 0.0016655155555555556, 0.002541250622222222, 34.65057022062222, 6.262175383822222, 11.525349490622222]
Desviacion: [0.028958756879396613, 0.040810728436963185, 0.05041081850379164, 5.88647349612841, 2.5024338919983924, 3.3949005126251084]
Monday,January_23_2023_09_39_02
Media: [0.8856733333333406, -0.4224466666666646, -0.22011333333333233, -0.47070000000000173, -1.1661733333333324, 0.14937333333333347]
Mediana: [0.89, -0.42, -0.24, -0.37, -1.16, 0.55]
Varianza: [0.0007698799555555559, 0.0017042138222222222, 0.0023712538222222224, 32.81193731, 4.699678023288889, 10.327575740622223]
Desviacion: [0.027746710715966964, 0.04128212472998722, 0.048695521582813164, 5.728170502874368, 2.1678740792049913, 3.2136545770543266]
Monday,January_23_2023_09_43_10
Media: [0.4368466666666625, -0.5332733333333319, -0.003453333333333321, -0.4141133333333339, -1.5519733333333325, 0.6459399999999994]
Mediana: [0.725, -0.5, -0.05, 0.61, 0.15, 1.77]
Varianza: [0.2656191898222222, 0.02387121862222222, 0.07044220782222223, 390.1602252804889, 411.5464195726222, 1001.6707273164]
Desviacion: [0.5153825664709879, 0.15450313466794846, 0.26540950966802646, 19.75247390279225, 20.28660690141706, 31.649182095536055]
Monday,January_23_2023_09_43_58
Media: [0.5057266666666633, -0.5212933333333325, -0.035106666666666606, -0.0009066666666660099, -0.9018866666666692, -0.21504666666666603]
Mediana: [0.79, -0.49, -0.1, 0.79, 0.18, 0.61]
Varianza: [0.23726553862222222, 0.02490312728888889, 0.07197632195555556, 384.89817637795556, 403.9745383738222, 1033.951882064489]
Desviacion: [0.4870991055444695, 0.1578072472635173, 0.2682840322411223, 19.61882199261606, 20.09911785063768, 32.15512217461611]
Monday,January_23_2023_09_45_22
Media: [0.6892866666666608, -0.5190533333333344, -0.08788666666666681, -0.23332666666666588, -1.5213200000000036, 0.5045133333333311]
Mediana: [0.86, -0.49, -0.17, -0.37, -1.22, 0.85]
Varianza: [0.09200475782222223, 0.023577237155555555, 0.03803746715555555, 179.49051926662221, 134.53003279093335, 576.4589036964888]
Desviacion: [0.30332286069833614, 0.15354881033585235, 0.19503196444571735, 13.397407184474995, 11.598708238029499, 24.009558590205046]
Monday,January_23_2023_09_46_01
Media: [0.6445999999999966, -0.5485866666666691, -0.0681866666666667, -0.37553333333333316, -1.449860000000003, 0.42655999999999683]
Mediana: [0.82, -0.535, -0.11, -0.67, -1.01, 1.04]
Varianza: [0.10642964, 0.02735493582222222, 0.034661378488888894, 139.58531831555555, 146.41213751373334, 519.3682016330666]
Desviacion: [0.32623555906737084, 0.1653932762303904, 0.1861756656732799, 11.814623071243346, 12.100088326691393, 22.78965119595003]
Monday,January_23_2023_09_47_27
Media: [0.9106000000000142, -0.3209399999999978, -0.19163333333333307, -0.4965466666666667, -1.013180000000002, 0.23283333333333384]
Mediana: [0.91, -0.38, -0.23, -0.31, -1.22, 0.79]
Varianza: [0.0019933733333333333, 0.0191257164, 0.009671265555555556, 821.0822031411556, 155.4702444876, 600.3098483055555]
Desviacion: [0.04464720969258139, 0.13829575698480412, 0.09834259278438594, 28.654531982587947, 12.46877076890902, 24.501221363547483]
Monday,January_23_2023_09_48_06
Media: [0.9064200000000147, -0.3007933333333325, -0.1656866666666665, -0.5043599999999986, -0.890853333333334, 0.3372533333333342]
Mediana: [0.9, -0.38, -0.21, -0.12, -1.4, 0.79]
Varianza: [0.0022452502666666665, 0.022427970622222224, 0.010937328488888889, 762.8441799237333, 134.80783273848888, 607.3900612558223]
Desviacion: [0.0473840718666797, 0.14975970960916765, 0.10458168333359762, 27.619633957091708, 11.6106775314143, 24.645284767188677]
Monday,January_23_2023_09_49_40
Media: [0.879073333333346, -0.2054266666666669, -0.25708666666666635, 2.267419999999993, -2.066826666666664, 0.04700666666666718]
Mediana: [0.91, -0.4, -0.27, 0.43, -0.85, 0.31]
Varianza: [0.013021341288888889, 0.14435175128888889, 0.012521045822222222, 246.8206975436, 246.1337172632889, 1731.2950499066224]
Desviacion: [0.11411109187493076, 0.37993650954980474, 0.11189747907000507, 15.710528238846713, 15.688649312904182, 41.60883379652237]
Monday,January_23_2023_09_50_20
Media: [0.8905666666666772, -0.1333866666666666, -0.2764266666666646, 3.111793333333333, -1.1529799999999983, 0.12817999999999943]
Mediana: [0.91, -0.355, -0.27, 1.22, -0.73, -0.18]
Varianza: [0.009826012222222222, 0.1517418638222222, 0.015333097955555555, 142.85095605062222, 150.59668225293333, 1243.6906944876]
Desviacion: [0.09912624386216912, 0.38954058045628853, 0.12382688704621285, 11.952027277856347, 12.271783988195576, 35.26599912787953]
Monday,January_23_2023_09_59_33
Media: [0.9190800000000192, -0.38101999999999603, -0.3642666666666649, 37.492546666666655, -30.581866666666652, 5.874660000000018]
Mediana: [0.94, -0.32, -0.3, 0.61, -1.77, 0.61]
Varianza: [0.010403686933333331, 0.027821692933333333, 0.03079806222222222, 6257.194508981155, 3500.952061048889, 230.47419341773335]
Desviacion: [0.10199846534793222, 0.16679836010384913, 0.17549376690419013, 79.10243048719272, 59.16884366834364, 15.181376532374571]
Monday,January_23_2023_10_00_18
Media: [0.9402000000000185, -0.3387333333333331, -0.36447333333333154, 40.05223333333331, -26.876133333333318, 4.867859999999996]
Mediana: [0.95, -0.3, -0.3, 0.49, -1.53, 0.73]
Varianza: [0.006380626666666666, 0.022169995555555554, 0.029768989288888888, 7951.304054545555, 3019.6246406488885, 187.5751264204]
Desviacion: [0.07987882489537929, 0.14889592189027728, 0.17253692152373906, 89.17008497554298, 54.95111136864193, 13.695806891906734]
Monday,January_23_2023_09_15_03
Media: [0.9694066666666781, -0.21727333333333385, -0.4890866666666646, -0.1791200000000006, -1.0374466666666662, -0.2167000000000002]
Mediana: [0.98, -0.2, -0.47, -0.43, -0.61, -1.04]
Varianza: [0.0009997144318434508, 0.013701633044251723, 0.010499698954858794, 11.873170672715144, 30.417566057860796, 42.27272472648432]
Desviacion: [0.0316182610502768, 0.11705397491863198, 0.10246803869919047, 3.445746751099846, 5.515212240509045, 6.5017478208928035]
Monday,January_23_2023_09_15_48
Media: [0.9716133333333435, -0.1988999999999993, -0.4831199999999974, -0.22891999999999924, -0.961593333333334, -0.22970666666666759]
Mediana: [0.98, -0.17, -0.45, -0.37, -0.79, -0.67]
Varianza: [0.000968576206359795, 0.015613398932621748, 0.011636823482321548, 11.937011641360908, 34.40354882717367, 45.444531868534575]
Desviacion: [0.03112195698152343, 0.124953587113863, 0.10787410941612241, 3.4549980667665947, 5.865453846649351, 6.741255956313673]
Monday,January_23_2023_09_16_30
Media: [0.9121466666666698, -0.32337333333333296, -0.5250466666666647, -0.12766000000000036, -0.780139999999999, -0.0030599999999997387]
Mediana: [0.96, -0.28, -0.48, -0.52, -0.79, -0.33999999999999997]
Varianza: [0.010128010495886146, 0.04648934685345786, 0.021912139248387814, 39.25647424056037, 82.16541459012676, 142.18345500640427]
Desviacion: [0.10063801715001218, 0.21561388372147527, 0.14802749490681727, 6.265498722413115, 9.064514029451704, 11.924070404287466]
Monday,January_23_2023_09_17_15
Media: [0.9011333333333359, -0.3209333333333333, -0.5594133333333294, -0.297286666666667, -0.7077599999999991, -0.04169333333333457]
Mediana: [0.95, -0.29, -0.52, -0.03, -0.67, -0.55]
Varianza: [0.012275032243718035, 0.05552027573938181, 0.025455959795419168, 52.9705564087614, 87.88146235730487, 185.66232268107626]
Desviacion: [0.1107927445445686, 0.2356274087184719, 0.15954923940720986, 7.278087414201714, 9.374511312986126, 13.62579622191218]
Monday,January_23_2023_09_18_19
Media: [0.9575200000000061, -0.2160466666666673, -0.48536000000000096, 0.08933999999999966, -1.236853333333332, -0.02843333333333446]
Mediana: [0.99, -0.135, -0.4, -0.275, -1.04, 0.24]
Varianza: [0.13719304496330886, 0.08685607520569268, 0.03718045737158106, 507.9019026328219, 665.8328796182344, 917.570470459195]
Desviacion: [0.37039579501299535, 0.29471354771318653, 0.19282234666029002, 22.536679050668088, 25.803737706352436, 30.29142569208645]
Monday,January_23_2023_09_20_01
Media: [0.9613000000000079, -0.20499333333333267, -0.48090666666666776, -0.24146666666666677, -1.081399999999998, -0.07231333333333403]
Mediana: [0.99, -0.14, -0.4, -0.21, -1.1, 0.31]
Varianza: [0.30269083722481654, 0.11141767840782744, 0.040893640382477205, 534.8460356059595, 1126.3416000400266, 1062.5753332039583]
Desviacion: [0.5501734610328061, 0.33379286752090354, 0.20222176040791753, 23.126738542344434, 33.561013096151115, 32.59716756412983]
Monday,January_23_2023_09_38_17
Media: [0.8885200000000137, -0.4235333333333301, -0.2351266666666657, -0.5932933333333327, -1.2146133333333322, 0.266873333333334]
Mediana: [0.89, -0.42, -0.25, -0.79, -1.28, 0.43]
Varianza: [0.0008391690460306878, 0.0016666266399822103, 0.00254294591950189, 34.67368601129642, 6.2663529524571935, 11.533038182744052]
Desviacion: [0.028968414627498825, 0.04082433881867789, 0.05042763051643305, 5.88843663558473, 2.503268453933216, 3.396032712260595]
Monday,January_23_2023_09_39_02
Media: [0.8856733333333406, -0.4224466666666646, -0.22011333333333233, -0.47070000000000173, -1.1661733333333324, 0.14937333333333347]
Mediana: [0.89, -0.42, -0.24, -0.37, -1.16, 0.55]
Varianza: [0.0007703935512563936, 0.0017053507227040249, 0.002372835712697354, 32.833826527685126, 4.702813232110295, 10.334465384211697]
Desviacion: [0.02775596424656138, 0.041295892322409315, 0.048711761543772505, 5.730080848267773, 2.1685970654112525, 3.2147263311535084]
Monday,January_23_2023_09_43_10
Media: [0.4368466666666625, -0.5332733333333319, -0.003453333333333321, -0.4141133333333339, -1.5519733333333325, 0.6459399999999994]
Mediana: [0.725, -0.5, -0.05, 0.61, 0.15, 1.77]
Varianza: [0.26579638741383144, 0.02388714338447854, 0.07048920062263732, 390.42050561756724, 411.8209668838781, 1002.3389532852568]
Desviacion: [0.5155544466046544, 0.15455466147767444, 0.26549802376409004, 19.75906135466883, 20.293372486698164, 31.659737100697107]
Monday,January_23_2023_09_43_58
Media: [0.5057266666666633, -0.5212933333333325, -0.035106666666666606, -0.0009066666666660099, -0.9018866666666692, -0.21504666666666603]
Mediana: [0.79, -0.49, -0.1, 0.79, 0.18, 0.61]
Varianza: [0.23742382116966868, 0.02491974044918835, 0.07202433818100956, 385.1549463421837, 404.24403439675336, 1034.641643159929]
Desviacion: [0.48726155314129665, 0.1578598759951, 0.2683735049907303, 19.625364871568216, 20.10582090830298, 32.16584591084041]
Monday,January_23_2023_09_45_22
Media: [0.6892866666666608, -0.5190533333333344, -0.08788666666666681, -0.23332666666666588, -1.5213200000000036, 0.5045133333333311]
Mediana: [0.86, -0.49, -0.17, -0.37, -1.22, 0.85]
Varianza: [0.09206613524571937, 0.023592965799421838, 0.038062842383811434, 179.61025943958194, 134.61977931047366, 576.8434660071604]
Desviacion: [0.3034240189004809, 0.15360001887832514, 0.19509700762392906, 13.401875221012242, 11.602576408301463, 24.017565780219286]
Monday,January_23_2023_09_46_01
Media: [0.6445999999999966, -0.5485866666666691, -0.0681866666666667, -0.37553333333333316, -1.449860000000003, 0.42655999999999683]
Mediana: [0.82, -0.535, -0.11, -0.67, -1.01, 1.04]
Varianza: [0.1065006404269513, 0.02737318461196353, 0.03468450148988215, 139.67843727373804, 146.50981072088058, 519.7146780851234]
Desviacion: [0.32634435865654443, 0.16544843490333636, 0.1862377552750305, 11.81856324913219, 12.104123707269377, 22.797251546735264]
Monday,January_23_2023_09_47_27
Media: [0.9106000000000142, -0.3209399999999978, -0.19163333333333307, -0.4965466666666667, -1.013180000000002, 0.23283333333333384]
Mediana: [0.91, -0.38, -0.23, -0.31, -1.22, 0.79]
Varianza: [0.001994703135423616, 0.01913847538358906, 0.009677717367133645, 821.6299564454525, 155.57396046124083, 600.7103218534579]
Desviacion: [0.04466209954115028, 0.1383418786325712, 0.09837539004819064, 28.664088271658887, 12.47292910511564, 24.509392523142182]
Monday,January_23_2023_09_48_06
Media: [0.9064200000000147, -0.3007933333333325, -0.1656866666666665, -0.5043599999999986, -0.890853333333334, 0.3372533333333342]
Mediana: [0.9, -0.38, -0.21, -0.12, -1.4, 0.79]
Varianza: [0.002246748098732488, 0.022442932577273738, 0.01094462490549255, 763.3530819783856, 134.89776458154324, 607.795258094552]
Desviacion: [0.04739987445903721, 0.14980965448619704, 0.1046165613346785, 27.628845107575263, 11.614549693446717, 24.653503971941838]
Monday,January_23_2023_09_49_40
Media: [0.879073333333346, -0.2054266666666669, -0.25708666666666635, 2.267419999999993, -2.066826666666664, 0.04700666666666718]
Mediana: [0.91, -0.4, -0.27, 0.43, -0.85, 0.31]
Varianza: [0.013030027974205025, 0.14444804998888147, 0.012529398754725373, 246.98535444656437, 246.29791587387146, 1732.4500165843451]
Desviacion: [0.11414914793464306, 0.3800632184109395, 0.11193479688964185, 15.715767701469895, 15.693881478903537, 41.62271034644843]
Monday,January_23_2023_09_50_20
Media: [0.8905666666666772, -0.1333866666666666, -0.2764266666666646, 3.111793333333333, -1.1529799999999983, 0.12817999999999943]
Mediana: [0.91, -0.355, -0.27, 1.22, -0.73, -0.18]
Varianza: [0.009832567267066933, 0.15184309255058928, 0.015343326840115632, 142.9462535529909, 150.69714701761174, 1244.5203747374248]
Desviacion: [0.09915930247368088, 0.38967049227596035, 0.12386818332451491, 11.956013280060828, 12.27587662929258, 35.27776034185596]
Monday,January_23_2023_09_59_33
Media: [0.9190800000000192, -0.38101999999999603, -0.3642666666666649, 37.492546666666655, -30.581866666666652, 5.874660000000018]
Mediana: [0.94, -0.32, -0.3, 0.61, -1.77, 0.61]
Varianza: [0.01041062735156771, 0.027840253102068044, 0.030818607960862797, 6261.3687548177, 3503.287586106293, 230.6279453813209]
Desviacion: [0.10203248184557558, 0.16685398737239707, 0.17555229409171158, 79.12881115508877, 59.188576483188825, 15.186439522854622]
Monday,January_23_2023_10_00_18
Media: [0.9402000000000185, -0.3387333333333331, -0.36447333333333154, 40.05223333333331, -26.876133333333318, 4.867859999999996]
Mediana: [0.95, -0.3, -0.3, 0.49, -1.53, 0.73]
Varianza: [0.006384883255503669, 0.02218478541249722, 0.02978884852123638, 7956.608460185679, 3021.639066693351, 187.700259927018]
Desviacion: [0.0799054644908824, 0.1489455786940224, 0.1725944626030522, 89.19982320714362, 54.96943756937441, 13.700374444774056]
