30899.00ms : 1.00;-0.19;-0.36;-3.85;-1.95;-7.75
30919.00ms : 0.98;-0.24;-0.34;-6.35;-2.26;-6.29
30939.00ms : 0.93;-0.21;-0.34;-7.81;0.18;-6.77
30959.00ms : 0.96;-0.27;-0.38;-20.20;0.55;1.22
30979.00ms : 0.92;-0.25;-0.35;-26.79;1.28;-0.43
30999.00ms : 0.95;-0.18;-0.39;-29.79;2.38;-1.16
31019.00ms : 1.01;-0.13;-0.39;-24.29;3.11;-7.20
31039.00ms : 1.03;-0.20;-0.36;-17.15;-0.37;-3.66
31059.00ms : 1.02;-0.22;-0.41;-16.78;-2.62;-4.15
31079.00ms : 1.01;-0.18;-0.39;-9.09;-2.26;-7.69
31099.00ms : 0.99;-0.21;-0.38;-5.37;-3.54;-5.80
31119.00ms : 0.94;-0.28;-0.35;-3.91;-4.15;-5.74
31139.00ms : 0.97;-0.28;-0.37;-7.81;-4.94;-5.49
31159.00ms : 0.97;-0.22;-0.37;-8.48;-4.76;-6.71
31179.00ms : 0.98;-0.20;-0.37;-5.74;-3.97;-6.71
31199.00ms : 0.98;-0.20;-0.37;-3.05;-4.46;-8.12
31219.00ms : 0.98;-0.17;-0.37;-2.32;-4.33;-7.32
31239.00ms : 0.97;-0.25;-0.35;-2.69;-4.52;-6.16
31259.00ms : 0.99;-0.25;-0.35;-4.76;-4.88;-9.58
31279.00ms : 0.97;-0.18;-0.32;-6.29;-5.68;-11.54
31299.00ms : 0.96;-0.20;-0.35;-5.37;-5.00;-11.11
31319.00ms : 1.00;-0.22;-0.34;-3.30;-6.65;-10.93
31339.00ms : 0.98;-0.23;-0.36;-1.28;-7.81;-8.61
31359.00ms : 0.95;-0.32;-0.35;-4.15;-6.04;-8.79
31379.00ms : 0.95;-0.37;-0.33;-6.96;-5.74;-12.02
31399.00ms : 0.98;-0.33;-0.33;-11.47;-6.53;-14.71
31419.00ms : 0.97;-0.19;-0.37;-10.25;-7.02;-13.85
31439.00ms : 0.98;-0.21;-0.35;-2.50;-7.63;-12.27
31459.00ms : 0.98;-0.30;-0.32;1.40;-8.91;-13.73
31479.00ms : 0.96;-0.33;-0.32;0.06;-9.95;-13.98
31499.00ms : 0.96;-0.31;-0.32;-0.79;-10.93;-14.04
31519.00ms : 1.03;-0.29;-0.30;-2.32;-11.17;-14.77
31539.00ms : 1.02;-0.30;-0.28;-2.75;-12.39;-18.86
31559.00ms : 0.99;-0.25;-0.29;-2.01;-13.43;-19.78
31579.00ms : 1.11;-0.22;-0.20;4.15;-18.49;-23.93
31599.00ms : 1.18;-0.20;0.06;22.77;-42.30;-34.85
31619.00ms : 1.19;0.02;-0.23;51.39;-51.27;-48.95
31639.00ms : 1.23;0.24;-0.36;74.71;-50.66;-37.72
31659.00ms : 1.19;0.02;-0.31;92.83;-52.31;-34.36
31679.00ms : 1.15;-0.18;-0.34;99.37;-60.55;-40.10
31699.00ms : 1.08;-0.22;-0.35;98.94;-69.46;-46.08
31719.00ms : 1.07;-0.21;-0.45;114.75;-78.37;-49.07
31739.00ms : 1.14;-0.17;-0.56;132.26;-86.24;-45.90
31759.00ms : 1.17;-0.13;-0.58;151.92;-93.08;-40.22
31779.00ms : 1.14;-0.25;-0.60;174.32;-98.39;-33.94
31799.00ms : 1.14;-0.31;-0.63;181.46;-107.73;-28.08
31819.00ms : 1.19;-0.34;-0.77;191.41;-119.87;-15.26
31839.00ms : 1.18;-0.30;-0.83;210.51;-132.75;-2.08
31859.00ms : 1.14;-0.33;-0.87;237.43;-145.08;10.25
31879.00ms : 1.07;-0.39;-0.93;263.31;-156.25;17.70
31899.00ms : 1.00;-0.49;-0.97;279.54;-166.44;21.00
31919.00ms : 0.98;-0.54;-0.98;286.13;-178.47;23.01
31939.00ms : 0.95;-0.58;-1.02;290.65;-189.70;26.79
31959.00ms : 0.84;-0.70;-1.05;289.86;-195.31;25.63
31979.00ms : 0.72;-0.75;-1.03;284.91;-204.35;22.40
31999.00ms : 0.66;-0.76;-1.02;277.65;-214.90;18.55
32019.00ms : 0.62;-0.75;-1.02;268.55;-226.07;12.88
32039.00ms : 0.54;-0.69;-1.02;267.03;-236.08;10.99
32059.00ms : 0.51;-0.71;-1.04;271.97;-243.41;11.05
32079.00ms : 0.49;-0.77;-1.04;275.15;-247.31;9.89
32099.00ms : 0.47;-0.84;-0.98;270.02;-249.45;10.19
32119.00ms : 0.51;-0.94;-0.95;254.33;-249.21;9.58
32139.00ms : 0.55;-0.90;-0.91;238.34;-248.29;10.80
32159.00ms : 0.57;-0.82;-0.89;231.20;-245.00;17.76
32179.00ms : 0.58;-0.80;-0.88;229.00;-238.04;25.15
32199.00ms : 0.66;-0.89;-0.86;222.17;-227.97;26.49
32219.00ms : 0.63;-0.77;-0.76;207.34;-218.93;29.91
32239.00ms : 0.67;-0.76;-0.73;201.48;-211.67;38.39
32259.00ms : 0.71;-0.76;-0.64;195.31;-203.37;34.12
32279.00ms : 0.70;-0.66;-0.59;188.54;-200.38;30.64
32299.00ms : 0.74;-0.64;-0.66;187.19;-200.01;36.25
32319.00ms : 0.78;-0.63;-0.67;187.07;-199.52;36.68
32339.00ms : 0.81;-0.55;-0.65;189.27;-201.17;37.54
32359.00ms : 0.87;-0.60;-0.68;189.58;-197.14;44.19
32379.00ms : 0.85;-0.67;-0.66;188.84;-192.38;51.21
32399.00ms : 0.85;-0.72;-0.71;187.81;-187.93;53.41
32419.00ms : 0.92;-0.64;-0.73;179.32;-187.01;47.79
32439.00ms : 0.94;-0.59;-0.78;174.26;-184.63;54.63
32459.00ms : 0.90;-0.62;-0.71;179.38;-177.67;59.02
32479.00ms : 0.83;-0.80;-0.59;190.80;-164.92;63.11
32499.00ms : 0.75;-0.90;-0.62;176.21;-154.85;53.65
32519.00ms : 0.79;-0.84;-0.63;154.54;-150.15;50.78
32539.00ms : 0.85;-0.69;-0.65;143.49;-142.58;54.08
32559.00ms : 0.80;-0.70;-0.55;145.14;-129.52;56.58
32579.00ms : 0.69;-0.82;-0.49;140.87;-117.07;59.69
32599.00ms : 0.67;-0.95;-0.47;115.78;-107.97;52.00
32619.00ms : 0.75;-0.76;-0.53;92.83;-108.22;50.29
32639.00ms : 0.80;-0.67;-0.60;94.60;-102.36;53.04
32659.00ms : 0.74;-0.73;-0.60;106.32;-92.83;51.82
32679.00ms : 0.71;-0.75;-0.59;109.74;-86.67;42.85
32699.00ms : 0.76;-0.67;-0.60;110.72;-81.12;40.53
32719.00ms : 0.75;-0.76;-0.59;111.63;-71.17;39.73
32739.00ms : 0.68;-0.84;-0.55;105.16;-62.50;36.99
32759.00ms : 0.65;-0.79;-0.53;92.65;-57.31;35.52
32779.00ms : 0.69;-0.72;-0.45;81.73;-53.22;36.19
32799.00ms : 0.72;-0.70;-0.42;75.44;-50.23;36.25
32819.00ms : 0.75;-0.65;-0.42;71.59;-48.71;30.52
32839.00ms : 0.79;-0.53;-0.42;74.95;-53.83;26.73
32859.00ms : 0.83;-0.56;-0.42;88.38;-56.52;26.49
32879.00ms : 0.81;-0.63;-0.41;101.68;-62.81;18.98
32899.00ms : 0.82;-0.55;-0.42;114.26;-70.86;9.58
32919.00ms : 0.85;-0.53;-0.43;127.08;-77.51;6.59
32939.00ms : 0.85;-0.62;-0.43;139.16;-80.51;0.98
32959.00ms : 0.87;-0.60;-0.46;147.40;-85.88;-2.69
32979.00ms : 0.84;-0.56;-0.48;158.39;-89.78;-1.89
32999.00ms : 0.83;-0.58;-0.51;165.10;-91.80;0.61
33019.00ms : 0.80;-0.61;-0.44;163.88;-91.00;0.37
33039.00ms : 0.75;-0.63;-0.42;157.29;-90.03;0.73
33059.00ms : 0.77;-0.62;-0.42;152.10;-90.64;5.13
33079.00ms : 0.84;-0.62;-0.43;151.43;-92.22;12.94
33099.00ms : 0.85;-0.60;-0.40;151.12;-93.38;18.80
33119.00ms : 0.80;-0.64;-0.46;147.89;-93.87;25.21
33139.00ms : 0.78;-0.65;-0.44;141.97;-94.42;27.47
33159.00ms : 0.78;-0.62;-0.46;139.40;-96.62;34.06
33179.00ms : 0.78;-0.66;-0.48;137.70;-95.46;35.95
33199.00ms : 0.78;-0.73;-0.45;132.14;-92.90;34.61
33219.00ms : 0.79;-0.70;-0.46;122.92;-91.74;31.31
33239.00ms : 0.82;-0.64;-0.50;118.29;-90.39;33.26
33259.00ms : 0.80;-0.63;-0.46;117.43;-86.00;29.54
33279.00ms : 0.76;-0.63;-0.45;113.59;-84.05;26.86
33299.00ms : 0.77;-0.64;-0.42;107.97;-82.15;25.15
33319.00ms : 0.82;-0.64;-0.42;101.87;-80.99;24.84
33339.00ms : 0.82;-0.63;-0.40;97.17;-78.25;18.74
33359.00ms : 0.76;-0.58;-0.41;94.42;-75.50;15.56
33379.00ms : 0.76;-0.61;-0.40;94.30;-71.04;14.95
33399.00ms : 0.76;-0.63;-0.41;88.81;-66.65;14.47
33419.00ms : 0.74;-0.60;-0.42;77.64;-62.81;13.61
33439.00ms : 0.73;-0.55;-0.42;68.48;-60.42;15.01
33459.00ms : 0.75;-0.58;-0.43;57.62;-56.27;18.01
33479.00ms : 0.76;-0.62;-0.39;46.75;-51.45;20.57
33499.00ms : 0.78;-0.55;-0.40;32.29;-48.40;21.55
33519.00ms : 0.81;-0.49;-0.39;21.24;-45.10;24.72
33539.00ms : 0.83;-0.48;-0.36;14.71;-40.89;29.72
33559.00ms : 0.84;-0.52;-0.35;6.53;-32.90;31.07
33579.00ms : 0.89;-0.50;-0.41;-5.80;-28.63;28.44
33599.00ms : 0.89;-0.39;-0.40;-9.58;-25.63;29.30
33619.00ms : 0.91;-0.42;-0.33;-8.79;-22.16;32.23
33639.00ms : 0.92;-0.51;-0.32;-10.93;-16.60;29.24
33659.00ms : 0.85;-0.46;-0.32;-15.87;-13.12;21.36
33679.00ms : 0.82;-0.43;-0.35;-15.81;-11.11;22.22
33699.00ms : 0.90;-0.50;-0.27;-14.53;-11.11;26.73
33719.00ms : 0.94;-0.56;-0.24;-14.22;-9.09;20.63
33739.00ms : 0.88;-0.46;-0.38;-13.24;-6.23;11.17
33759.00ms : 0.87;-0.50;-0.17;-17.46;7.32;-6.96
33779.00ms : 0.88;-0.68;-0.23;-16.60;4.33;-17.52
33799.00ms : 0.83;-0.64;-0.14;-28.50;0.00;-7.63
33819.00ms : 0.84;-0.47;-0.20;-37.48;-1.95;12.39
33839.00ms : 0.79;-0.42;-0.25;-30.70;8.42;21.30
33859.00ms : 0.86;-0.53;-0.32;-28.02;13.24;20.14
33879.00ms : 0.95;-0.52;-0.32;-40.16;13.31;15.93
33899.00ms : 0.98;-0.40;-0.28;-48.58;9.77;23.38
33919.00ms : 0.99;-0.22;-0.20;-38.45;6.16;31.19
33939.00ms : 0.97;-0.07;-0.12;-21.97;0.79;33.87
33959.00ms : 0.92;-0.24;-0.14;0.92;-3.91;33.75
33979.00ms : 0.92;-0.34;-0.24;11.35;1.40;21.97
33999.00ms : 1.15;-0.25;-0.27;-0.31;8.00;18.98
34019.00ms : 1.31;-0.22;-0.22;-9.89;7.93;19.59
34039.00ms : 1.01;-0.39;-0.18;3.11;3.72;16.05
34059.00ms : 0.78;-0.52;-0.21;9.70;4.21;11.41
34079.00ms : 0.84;-0.41;-0.30;2.50;5.00;13.92
34099.00ms : 1.01;-0.36;-0.30;-5.68;7.87;17.21
34119.00ms : 0.99;-0.38;-0.28;-8.48;5.80;13.92
34139.00ms : 0.91;-0.33;-0.25;-6.47;5.19;10.86
34159.00ms : 0.92;-0.26;-0.25;-8.12;5.86;11.84
34179.00ms : 0.97;-0.18;-0.28;-6.53;5.92;10.74
34199.00ms : 0.96;-0.21;-0.29;-1.65;6.59;11.66
34219.00ms : 0.92;-0.25;-0.27;0.49;7.93;10.31
34239.00ms : 0.95;-0.25;-0.25;-1.04;8.18;5.92
34259.00ms : 0.98;-0.21;-0.28;-2.75;6.59;2.56
34279.00ms : 1.00;-0.27;-0.28;-1.28;4.39;2.14
34299.00ms : 0.93;-0.31;-0.29;7.14;0.24;2.75
34319.00ms : 0.95;-0.29;-0.29;11.78;1.16;0.24
34339.00ms : 1.00;-0.32;-0.27;10.50;-2.08;0.00
34359.00ms : 0.94;-0.33;-0.28;2.87;-1.59;-1.04
34379.00ms : 0.94;-0.31;-0.29;0.24;-0.49;-1.65
34399.00ms : 0.96;-0.27;-0.31;0.92;0.55;-2.75
34419.00ms : 0.97;-0.26;-0.33;1.71;2.14;-1.10
34439.00ms : 0.94;-0.31;-0.30;2.69;1.77;0.67
34459.00ms : 0.95;-0.31;-0.29;2.01;1.40;0.37
34479.00ms : 0.96;-0.26;-0.28;3.36;1.77;0.00
34499.00ms : 0.96;-0.27;-0.28;3.60;1.40;0.37
34519.00ms : 0.95;-0.27;-0.29;0.85;-0.24;1.95
34539.00ms : 0.96;-0.29;-0.29;0.98;-1.16;1.71
34559.00ms : 0.96;-0.27;-0.28;1.53;-1.16;1.71
34579.00ms : 0.94;-0.28;-0.27;2.26;-0.49;0.73
34599.00ms : 0.95;-0.25;-0.30;3.85;-0.79;-0.12
34619.00ms : 0.97;-0.25;-0.30;4.58;-0.37;0.18
34639.00ms : 0.95;-0.30;-0.29;4.46;-1.10;0.12
34659.00ms : 0.95;-0.29;-0.30;4.58;-1.04;-0.67
34679.00ms : 0.96;-0.31;-0.30;4.76;-1.77;-0.37
34699.00ms : 0.96;-0.32;-0.31;3.72;-2.26;0.18
34719.00ms : 0.95;-0.33;-0.30;2.75;-2.20;0.67
34739.00ms : 0.94;-0.28;-0.25;-6.96;0.43;-1.46
34759.00ms : 0.96;-0.28;-0.29;1.16;-1.83;-0.12
34779.00ms : 0.95;-0.25;-0.29;1.34;-2.69;-0.12
34799.00ms : 0.95;-0.21;-0.28;5.19;-3.48;0.85
34819.00ms : 0.96;-0.23;-0.29;11.29;-3.30;2.01
34839.00ms : 0.94;-0.32;-0.27;12.94;-2.14;2.20
34859.00ms : 0.96;-0.36;-0.28;8.06;-3.60;0.92
34879.00ms : 0.95;-0.33;-0.30;4.39;-4.33;0.43
34899.00ms : 0.97;-0.26;-0.30;1.59;-4.88;1.46
34919.00ms : 0.94;-0.29;-0.29;3.23;-3.17;1.53
34939.00ms : 0.95;-0.31;-0.28;4.70;-3.72;1.04
34959.00ms : 0.96;-0.30;-0.30;5.68;-5.43;0.92
34979.00ms : 0.95;-0.30;-0.30;6.59;-4.27;0.00
34999.00ms : 0.94;-0.29;-0.27;6.10;-3.85;0.18
35019.00ms : 0.94;-0.31;-0.28;4.70;-2.44;0.18
35039.00ms : 0.96;-0.31;-0.28;1.04;-3.17;-0.12
35059.00ms : 0.95;-0.29;-0.29;1.10;-3.97;0.06
35079.00ms : 0.94;-0.29;-0.28;2.62;-2.50;-0.06
35099.00ms : 0.94;-0.31;-0.28;2.56;-2.20;0.00
35119.00ms : 0.95;-0.32;-0.29;2.38;-2.44;0.37
35139.00ms : 0.94;-0.32;-0.29;2.01;-1.40;0.12
35159.00ms : 0.93;-0.31;-0.27;-1.16;0.06;-1.28
35179.00ms : 0.94;-0.30;-0.27;-2.01;0.55;-1.04
35199.00ms : 0.95;-0.28;-0.28;-1.95;0.67;-0.73
35219.00ms : 0.95;-0.29;-0.28;-0.31;-0.12;-0.24
35239.00ms : 0.95;-0.30;-0.28;-0.12;-0.18;0.55
35259.00ms : 0.95;-0.30;-0.29;-0.24;-0.55;0.31
35279.00ms : 0.94;-0.31;-0.27;-0.61;-0.12;1.40
35299.00ms : 0.95;-0.32;-0.28;-1.53;-0.49;1.46
35319.00ms : 0.95;-0.30;-0.29;-2.32;-1.40;1.22
35339.00ms : 0.95;-0.27;-0.29;-1.28;-0.61;0.06
35359.00ms : 0.95;-0.28;-0.28;-0.43;0.49;0.92
35379.00ms : 0.95;-0.29;-0.29;0.18;0.06;0.73
35399.00ms : 0.95;-0.31;-0.30;-0.73;0.55;0.37
35419.00ms : 0.94;-0.31;-0.29;-1.89;0.31;-0.31
35439.00ms : 0.95;-0.30;-0.30;-2.56;0.79;0.00
35459.00ms : 0.95;-0.31;-0.29;-2.50;0.43;0.37
35479.00ms : 0.96;-0.29;-0.29;-1.95;-0.49;0.18
35499.00ms : 0.95;-0.28;-0.29;-1.04;0.18;0.37
35519.00ms : 0.95;-0.28;-0.29;-1.04;0.85;-0.37
35539.00ms : 0.95;-0.29;-0.28;-1.95;0.98;-0.31
35559.00ms : 0.96;-0.30;-0.29;-2.26;0.37;-0.18
35579.00ms : 0.95;-0.29;-0.29;-1.89;0.06;-0.12
35599.00ms : 0.95;-0.29;-0.31;-0.92;0.37;0.12
35619.00ms : 0.96;-0.31;-0.29;-0.55;-0.12;0.24
35639.00ms : 0.95;-0.31;-0.29;-1.34;-0.12;-0.18
35659.00ms : 0.95;-0.31;-0.28;-2.20;-0.31;0.06
35679.00ms : 0.96;-0.29;-0.31;-2.38;-1.04;0.49
35699.00ms : 0.95;-0.29;-0.30;-2.44;-0.43;0.18
35719.00ms : 0.95;-0.30;-0.29;-2.26;-0.18;-0.18
35739.00ms : 0.96;-0.29;-0.29;-2.93;-0.92;-0.92
35759.00ms : 0.95;-0.28;-0.30;-1.77;-0.67;-0.61
35779.00ms : 0.95;-0.28;-0.30;-0.24;-0.79;0.00
35799.00ms : 0.94;-0.29;-0.29;0.61;-0.43;-0.43
35819.00ms : 0.95;-0.29;-0.29;0.85;-0.73;-0.85
35839.00ms : 0.95;-0.29;-0.28;-0.06;-1.10;-0.98
35859.00ms : 0.95;-0.29;-0.30;0.24;-0.85;-1.16
35879.00ms : 0.96;-0.30;-0.31;-0.24;-1.10;-0.85
35899.00ms : 0.94;-0.32;-0.29;-0.37;-1.40;-1.04
35919.00ms : 0.95;-0.30;-0.30;-0.49;-1.83;-1.83
35939.00ms : 0.96;-0.29;-0.30;-0.12;-1.53;-1.22
35959.00ms : 0.95;-0.31;-0.29;0.18;-1.53;-0.67
35979.00ms : 0.95;-0.30;-0.29;0.12;-1.83;-1.28
35999.00ms : 0.95;-0.29;-0.30;0.49;-1.53;-1.65
36019.00ms : 0.95;-0.29;-0.29;0.92;-1.71;-1.53
36039.00ms : 0.94;-0.28;-0.30;0.98;-1.59;-1.77
36059.00ms : 0.96;-0.28;-0.29;3.05;-0.73;-3.17
36079.00ms : 0.97;-0.27;-0.27;6.23;-0.06;-7.57
36099.00ms : 0.95;-0.29;-0.30;5.25;0.61;-9.28
36119.00ms : 0.91;-0.34;-0.30;1.59;0.61;-4.76
36139.00ms : 0.92;-0.37;-0.31;-2.14;0.31;-2.81
36159.00ms : 0.97;-0.34;-0.29;-4.46;-0.73;-3.60
36179.00ms : 0.95;-0.32;-0.31;-2.38;-1.89;-2.81
36199.00ms : 0.94;-0.32;-0.31;-0.98;-1.65;-0.98
36219.00ms : 0.94;-0.34;-0.29;-1.53;-1.46;0.43
36239.00ms : 0.94;-0.35;-0.29;-2.69;-1.59;-0.37
36259.00ms : 0.94;-0.32;-0.31;-3.36;-2.01;-0.31
36279.00ms : 0.94;-0.29;-0.31;-2.20;-1.59;0.73
36299.00ms : 0.94;-0.31;-0.29;-0.73;-1.34;1.34
36319.00ms : 0.94;-0.32;-0.28;-0.37;-1.28;0.92
36339.00ms : 0.94;-0.31;-0.29;-0.67;-1.89;0.55
36359.00ms : 0.96;-0.28;-0.31;1.95;-1.77;1.28
36379.00ms : 0.95;-0.31;-0.30;4.94;-1.83;2.14
36399.00ms : 0.93;-0.37;-0.29;3.17;-1.53;2.14
36419.00ms : 0.93;-0.38;-0.29;-1.95;-1.34;1.77
36439.00ms : 0.96;-0.34;-0.30;-5.49;-1.83;0.98
36459.00ms : 0.95;-0.32;-0.30;-5.62;-1.53;0.79
36479.00ms : 0.95;-0.32;-0.29;-4.58;-1.28;1.22
36499.00ms : 0.94;-0.31;-0.29;-4.58;-1.10;0.92
36519.00ms : 0.94;-0.29;-0.30;-3.42;-1.04;0.85
36539.00ms : 0.95;-0.29;-0.29;-2.14;-0.79;1.16
36559.00ms : 0.95;-0.32;-0.29;-1.71;-1.28;1.10
36579.00ms : 0.94;-0.32;-0.29;-1.77;-1.22;0.98
36599.00ms : 0.93;-0.31;-0.29;-2.44;-0.85;0.49
36619.00ms : 0.94;-0.29;-0.29;-2.32;-0.79;0.49
36639.00ms : 0.95;-0.30;-0.30;-1.22;-1.22;1.10
36659.00ms : 0.94;-0.32;-0.30;-0.24;-1.04;1.46
36679.00ms : 0.94;-0.33;-0.28;-1.59;-0.85;0.67
36699.00ms : 0.95;-0.30;-0.29;-3.72;-0.92;-0.43
36719.00ms : 0.96;-0.29;-0.29;-3.11;-1.04;0.24
36739.00ms : 0.95;-0.30;-0.29;-1.22;-1.22;0.79
36759.00ms : 0.94;-0.31;-0.29;0.43;-1.34;0.24
36779.00ms : 0.95;-0.31;-0.30;0.06;-1.77;0.24
36799.00ms : 0.95;-0.31;-0.29;-1.22;-1.40;0.43
36819.00ms : 0.94;-0.31;-0.29;-1.04;-1.34;0.31
36839.00ms : 0.95;-0.31;-0.29;-0.92;-1.53;-0.18
36859.00ms : 0.95;-0.30;-0.28;-1.53;-2.50;-0.12
36879.00ms : 0.95;-0.29;-0.29;-2.69;-2.01;0.06
36899.00ms : 0.95;-0.30;-0.29;-4.09;-2.93;-0.31
36919.00ms : 0.95;-0.30;-0.30;-2.75;-2.50;-0.43
36939.00ms : 0.95;-0.31;-0.30;-1.10;-2.26;0.00
36959.00ms : 0.94;-0.32;-0.29;0.00;-2.32;-1.04
36979.00ms : 0.94;-0.31;-0.30;-0.92;-2.50;-1.04
36999.00ms : 0.94;-0.32;-0.29;-1.59;-2.38;-1.34
37019.00ms : 0.95;-0.32;-0.29;-2.99;-2.56;-1.22
37039.00ms : 0.95;-0.30;-0.28;-2.08;-3.42;-1.83
37059.00ms : 0.95;-0.30;-0.30;-2.26;-3.60;-1.34
37079.00ms : 0.93;-0.33;-0.29;-2.08;-3.05;-0.98
37099.00ms : 0.94;-0.33;-0.27;-4.33;-3.48;-2.14
37119.00ms : 0.96;-0.29;-0.28;-5.74;-3.91;-4.09
37139.00ms : 0.95;-0.29;-0.30;-3.17;-4.39;-4.39
37159.00ms : 0.94;-0.34;-0.29;-1.46;-4.52;-3.42
37179.00ms : 0.95;-0.35;-0.28;-1.77;-5.31;-5.55
37199.00ms : 0.97;-0.29;-0.32;-1.83;-5.68;-8.24
37219.00ms : 0.97;-0.32;-0.30;-1.65;-5.00;-7.75
37239.00ms : 0.93;-0.37;-0.26;-1.10;-5.86;-8.12
37259.00ms : 0.95;-0.33;-0.26;0.37;-6.47;-10.80
37279.00ms : 0.99;-0.26;-0.25;2.32;-6.29;-14.04
37299.00ms : 0.98;-0.20;-0.25;5.19;-7.75;-17.88
37319.00ms : 1.01;-0.20;-0.22;9.46;-6.59;-20.69
37339.00ms : 1.15;-0.25;-0.18;13.12;-8.00;-31.62
37359.00ms : 1.23;-0.14;-0.22;12.57;-12.27;-47.73
37379.00ms : 1.20;-0.02;-0.27;8.18;-19.90;-51.94
37399.00ms : 1.20;0.07;-0.30;35.83;-34.24;-45.72
37419.00ms : 1.13;0.10;-0.34;85.82;-44.13;-36.93
37439.00ms : 1.04;-0.06;-0.41;126.28;-46.81;-31.01
37459.00ms : 1.10;-0.20;-0.46;149.78;-56.52;-19.53
37479.00ms : 1.14;-0.28;-0.54;178.47;-71.72;-15.14
37499.00ms : 1.24;-0.16;-0.65;216.13;-87.65;-7.08
37519.00ms : 1.23;-0.08;-0.74;245.79;-96.56;2.08
37539.00ms : 1.09;-0.24;-0.68;260.44;-105.90;5.07
37559.00ms : 1.15;-0.32;-0.67;256.71;-121.83;4.70
37579.00ms : 1.19;-0.37;-0.67;252.01;-140.38;1.59
37599.00ms : 1.15;-0.38;-0.73;254.70;-161.13;3.11
37619.00ms : 1.11;-0.32;-0.83;270.26;-183.35;9.46
37639.00ms : 1.04;-0.33;-0.93;294.98;-203.31;13.37
37659.00ms : 0.90;-0.40;-1.04;319.03;-222.11;13.98
37679.00ms : 0.86;-0.52;-1.10;333.31;-236.63;10.38
37699.00ms : 0.84;-0.62;-1.11;330.02;-247.92;2.99
37719.00ms : 0.76;-0.67;-1.15;318.36;-257.93;-5.98
37739.00ms : 0.70;-0.65;-1.16;308.53;-264.77;-9.70
37759.00ms : 0.65;-0.65;-1.14;301.21;-265.32;-6.10
37779.00ms : 0.55;-0.75;-1.10;292.05;-256.90;-6.77
37799.00ms : 0.44;-0.85;-1.00;270.63;-246.46;-10.50
37819.00ms : 0.43;-0.95;-0.91;242.43;-235.78;-6.65
37839.00ms : 0.55;-0.94;-0.87;214.29;-231.87;-1.16
37859.00ms : 0.68;-0.74;-0.87;206.24;-230.47;4.46
37879.00ms : 0.70;-0.65;-0.87;210.02;-224.55;12.08
37899.00ms : 0.64;-0.79;-0.92;217.77;-209.47;17.52
37919.00ms : 0.55;-0.92;-0.84;207.15;-189.82;13.85
37939.00ms : 0.54;-0.87;-0.83;193.05;-176.21;23.13
37959.00ms : 0.59;-0.90;-0.74;179.38;-153.75;29.05
37979.00ms : 0.60;-0.90;-0.54;156.01;-136.96;28.50
37999.00ms : 0.60;-0.86;-0.43;140.99;-126.53;31.92
38019.00ms : 0.67;-0.82;-0.36;127.99;-124.08;33.14
38039.00ms : 0.71;-0.77;-0.30;125.79;-125.37;31.25
38059.00ms : 0.70;-0.79;-0.30;136.78;-129.39;36.50
38079.00ms : 0.71;-0.83;-0.36;142.27;-136.96;39.06
38099.00ms : 0.72;-0.80;-0.39;139.16;-143.37;35.22
38119.00ms : 0.67;-0.76;-0.44;135.01;-143.86;32.84
38139.00ms : 0.66;-0.81;-0.48;130.00;-139.95;28.20
38159.00ms : 0.73;-0.69;-0.57;124.88;-139.28;27.16
38179.00ms : 0.74;-0.62;-0.58;126.16;-132.39;27.47
38199.00ms : 0.73;-0.66;-0.59;133.79;-126.04;32.23
38219.00ms : 0.73;-0.82;-0.53;130.31;-114.01;31.25
38239.00ms : 0.65;-0.82;-0.44;114.87;-103.15;24.66
38259.00ms : 0.65;-0.76;-0.39;101.32;-92.71;25.21
38279.00ms : 0.71;-0.77;-0.38;92.10;-87.22;28.56
38299.00ms : 0.72;-0.80;-0.33;88.01;-80.69;21.30
38319.00ms : 0.66;-0.77;-0.37;78.74;-77.88;17.64
38339.00ms : 0.66;-0.70;-0.44;73.85;-77.27;22.28
38359.00ms : 0.77;-0.82;-0.59;69.52;-75.87;24.29
38379.00ms : 0.75;-0.74;-0.48;58.41;-70.80;7.81
38399.00ms : 0.68;-0.62;-0.48;50.90;-64.82;6.77
38419.00ms : 0.71;-0.61;-0.69;40.71;-43.64;4.70
38439.00ms : 0.80;-0.61;-0.47;54.14;-48.95;9.46
38459.00ms : 0.81;-0.61;-0.46;60.24;-44.37;8.36
38479.00ms : 0.76;-0.62;-0.46;64.45;-41.69;10.01
38499.00ms : 0.71;-0.60;-0.51;65.55;-37.90;17.03
38519.00ms : 0.79;-0.64;-0.46;57.19;-33.33;23.56
38539.00ms : 0.99;-0.31;-0.30;45.10;-31.01;19.10
38559.00ms : 0.84;-0.52;-0.37;51.33;-40.10;21.85
38579.00ms : 0.89;-0.43;-0.21;64.03;-52.92;27.59
38599.00ms : 0.91;-0.54;-0.21;78.49;-57.74;26.00
38619.00ms : 0.97;-0.59;-0.09;97.84;-75.99;18.07
38639.00ms : 0.96;-0.60;-0.23;116.70;-91.98;4.52
38659.00ms : 0.88;-0.58;-0.39;119.51;-98.88;0.61
38679.00ms : 0.83;-0.55;-0.44;125.92;-97.90;1.59
38699.00ms : 0.79;-0.54;-0.52;130.62;-94.18;6.47
38719.00ms : 0.81;-0.55;-0.50;131.41;-93.81;15.56
38739.00ms : 0.81;-0.66;-0.49;129.52;-93.14;19.17
38759.00ms : 0.76;-0.74;-0.50;122.68;-93.69;19.65
38779.00ms : 0.79;-0.71;-0.49;114.87;-97.23;22.40
38799.00ms : 0.83;-0.65;-0.47;113.53;-98.02;16.66
38819.00ms : 0.80;-0.61;-0.47;115.17;-99.91;14.77
38839.00ms : 0.78;-0.61;-0.47;117.19;-99.18;15.81
38859.00ms : 0.81;-0.60;-0.47;122.56;-101.01;17.15
38879.00ms : 0.82;-0.62;-0.50;131.04;-102.66;17.40
38899.00ms : 0.79;-0.64;-0.53;134.89;-101.38;17.70
38919.00ms : 0.79;-0.67;-0.52;127.69;-100.77;17.88
38939.00ms : 0.83;-0.73;-0.47;116.09;-100.10;17.40
38959.00ms : 0.83;-0.70;-0.42;104.43;-99.49;12.39
38979.00ms : 0.77;-0.63;-0.40;96.98;-98.27;9.95
38999.00ms : 0.76;-0.52;-0.42;99.37;-100.22;14.47
39019.00ms : 0.80;-0.49;-0.42;108.95;-104.13;20.26
39039.00ms : 0.79;-0.53;-0.41;119.20;-105.16;19.90
39059.00ms : 0.77;-0.59;-0.42;122.19;-106.32;21.85
39079.00ms : 0.79;-0.57;-0.43;117.19;-107.24;23.68
39099.00ms : 0.80;-0.59;-0.41;113.22;-105.16;25.02
39119.00ms : 0.77;-0.59;-0.39;109.13;-102.72;26.18
39139.00ms : 0.78;-0.57;-0.41;105.96;-100.22;28.56
39159.00ms : 0.78;-0.53;-0.40;100.40;-97.17;33.45
39179.00ms : 0.74;-0.55;-0.39;92.16;-91.25;35.58
39199.00ms : 0.74;-0.62;-0.38;79.10;-85.14;41.26
39219.00ms : 0.81;-0.64;-0.40;60.36;-79.35;41.26
39239.00ms : 0.83;-0.62;-0.38;44.56;-72.20;41.44
39259.00ms : 0.76;-0.68;-0.38;28.38;-60.42;43.46
39279.00ms : 0.72;-0.66;-0.37;6.59;-52.98;50.35
39299.00ms : 0.77;-0.51;-0.37;-7.08;-50.48;59.33
39319.00ms : 0.81;-0.45;-0.47;-5.31;-39.61;62.81
39339.00ms : 0.86;-0.51;-0.47;-9.70;-30.88;70.01
39359.00ms : 0.84;-0.48;-0.38;-15.63;-31.19;72.94
39379.00ms : 0.84;-0.31;-0.53;-16.36;-25.88;75.44
39399.00ms : 0.87;-0.51;-0.38;-16.97;6.90;50.35
39419.00ms : 0.96;-1.22;-0.59;-22.03;24.17;2.75
39439.00ms : 0.70;-1.05;-0.02;-31.31;4.21;-15.44
39459.00ms : 0.50;-0.62;-0.11;-42.24;-18.19;22.28
39479.00ms : 0.69;-0.18;-0.11;6.96;-17.27;36.56
39499.00ms : 0.97;-0.02;-0.10;30.52;-17.76;43.95
39519.00ms : 1.23;-0.25;-0.28;48.89;-9.64;23.86
39539.00ms : 1.15;-0.35;-0.41;36.93;-6.04;21.85
39559.00ms : 0.86;-0.37;-0.31;18.92;7.08;43.82
39579.00ms : 1.33;-0.11;0.08;1.65;15.56;43.88
39599.00ms : 1.63;-0.34;0.23;13.79;6.71;12.51
39619.00ms : 0.82;-0.34;-0.31;24.96;-5.00;3.05
39639.00ms : 0.48;-0.28;-0.55;29.42;7.39;32.29
39659.00ms : 0.85;-0.45;-0.30;35.46;16.05;31.25
39679.00ms : 1.12;-0.56;-0.14;22.46;13.49;9.64
39699.00ms : 1.00;-0.34;-0.20;-1.59;5.25;5.80
39719.00ms : 0.83;-0.21;-0.28;-7.81;7.93;8.24
39739.00ms : 0.92;-0.23;-0.33;1.65;12.02;11.17
39759.00ms : 0.99;-0.23;-0.31;5.80;12.33;8.85
39779.00ms : 0.97;-0.35;-0.28;6.90;10.07;6.35
39799.00ms : 0.96;-0.39;-0.26;3.17;8.24;6.84
39819.00ms : 0.96;-0.43;-0.34;4.46;5.00;7.20
39839.00ms : 0.96;-0.35;-0.34;0.49;5.43;7.45
39859.00ms : 0.93;-0.25;-0.30;-1.59;5.13;6.23
39879.00ms : 0.96;-0.23;-0.24;0.24;5.98;3.97
39899.00ms : 0.99;-0.35;-0.31;4.39;4.64;6.41
39919.00ms : 0.94;-0.39;-0.38;5.07;2.14;6.16
39939.00ms : 0.92;-0.29;-0.34;-4.33;4.15;5.19
39959.00ms : 0.92;-0.20;-0.25;-5.62;6.53;3.05
39979.00ms : 0.99;-0.26;-0.23;-3.72;6.65;2.50
39999.00ms : 0.97;-0.34;-0.29;0.79;4.39;0.18
40019.00ms : 0.93;-0.33;-0.34;0.67;4.52;-1.16
40039.00ms : 0.94;-0.36;-0.34;-6.29;6.23;1.40
40059.00ms : 0.96;-0.35;-0.33;-15.08;5.86;1.16
40079.00ms : 0.97;-0.33;-0.29;-14.95;4.21;-0.12
40099.00ms : 0.97;-0.22;-0.31;-7.39;3.17;-2.38
40119.00ms : 0.95;-0.17;-0.32;-1.65;4.52;-0.55
40139.00ms : 0.96;-0.22;-0.33;-1.89;5.37;2.50
40159.00ms : 0.96;-0.34;-0.31;-4.27;5.25;3.42
40179.00ms : 0.96;-0.35;-0.28;-6.53;3.85;-1.04
40199.00ms : 0.96;-0.27;-0.32;-6.77;3.05;-2.14
40219.00ms : 0.95;-0.27;-0.33;-5.80;4.27;0.24
40239.00ms : 0.97;-0.34;-0.32;-5.25;2.87;2.56
40259.00ms : 0.98;-0.34;-0.34;-4.27;-0.06;1.59
40279.00ms : 0.96;-0.29;-0.34;-2.44;-1.28;0.85
40299.00ms : 0.94;-0.25;-0.31;0.49;-1.04;0.92
40319.00ms : 0.96;-0.22;-0.32;4.03;-0.85;1.59
40339.00ms : 0.97;-0.26;-0.32;6.29;-0.85;1.89
40359.00ms : 0.95;-0.28;-0.31;5.74;-0.43;0.24
40379.00ms : 0.95;-0.30;-0.32;3.60;-1.10;-0.55
40399.00ms : 0.95;-0.29;-0.32;3.97;-0.98;-1.59
40419.00ms : 0.97;-0.29;-0.33;5.68;-1.71;-0.92
40439.00ms : 0.98;-0.32;-0.35;7.75;-2.81;0.06
40459.00ms : 0.94;-0.32;-0.31;7.02;-1.16;-0.67
40479.00ms : 0.94;-0.34;-0.30;1.83;-1.65;-0.67
40499.00ms : 0.96;-0.32;-0.32;-3.23;-2.14;-1.46
40519.00ms : 0.96;-0.32;-0.35;-2.81;-2.69;-0.79
40539.00ms : 0.94;-0.27;-0.32;-0.49;-2.26;-1.16
40559.00ms : 0.94;-0.19;-0.28;-1.40;0.37;-1.89
40579.00ms : 0.97;-0.26;-0.30;-4.09;2.26;0.37
40599.00ms : 1.02;-0.35;-0.34;-8.67;-0.43;0.98
40619.00ms : 1.03;-0.34;-0.27;-14.04;0.92;-5.74
40639.00ms : 0.97;-0.36;-0.31;-27.40;-2.99;-15.14
40659.00ms : 0.86;-0.31;-0.45;-33.57;-4.09;-9.46
40679.00ms : 0.87;-0.31;-0.39;-28.99;-4.94;0.92
40699.00ms : 1.02;-0.29;-0.32;-9.58;-5.49;-4.21
40719.00ms : 0.98;-0.25;-0.27;1.34;-5.49;-7.20
40739.00ms : 0.86;-0.23;-0.28;9.03;-6.35;-5.00
40759.00ms : 0.93;-0.24;-0.33;13.85;-5.43;-1.95
40779.00ms : 1.00;-0.29;-0.30;21.79;-6.41;-2.50
40799.00ms : 0.97;-0.31;-0.31;27.83;-6.65;-4.52
40819.00ms : 0.95;-0.36;-0.34;30.40;-6.47;-1.22
40839.00ms : 0.95;-0.43;-0.32;24.29;-6.23;2.26
40859.00ms : 0.94;-0.49;-0.29;8.36;-5.80;1.10
40879.00ms : 0.93;-0.42;-0.27;-4.15;-7.08;-2.32
40899.00ms : 0.93;-0.29;-0.31;-3.72;-7.63;-3.36
40919.00ms : 0.95;-0.28;-0.31;0.12;-6.29;0.43
40939.00ms : 0.93;-0.32;-0.28;0.67;-5.62;1.16
40959.00ms : 0.94;-0.32;-0.28;-1.83;-5.31;-0.24
40979.00ms : 0.95;-0.30;-0.29;-0.37;-5.49;-0.85
40999.00ms : 0.94;-0.30;-0.30;2.50;-5.25;-0.06
41019.00ms : 0.94;-0.35;-0.31;4.21;-5.25;1.95
41039.00ms : 0.93;-0.37;-0.29;2.81;-4.58;2.38
41059.00ms : 0.95;-0.34;-0.28;1.59;-5.37;1.10
41079.00ms : 0.95;-0.32;-0.29;1.95;-5.74;1.95
41099.00ms : 0.94;-0.34;-0.28;-0.61;-6.90;3.97
41119.00ms : 0.92;-0.33;-0.26;-4.03;-5.37;1.71
41139.00ms : 0.95;-0.30;-0.29;-4.03;-4.76;1.89
41159.00ms : 0.96;-0.36;-0.31;-2.87;-5.98;4.09
41179.00ms : 0.93;-0.37;-0.30;-1.04;-6.04;2.87
41199.00ms : 0.93;-0.33;-0.27;-3.05;-4.52;0.92
41219.00ms : 0.95;-0.30;-0.27;-6.41;-3.60;1.22
41239.00ms : 0.94;-0.32;-0.26;-7.39;-3.11;1.95
41259.00ms : 0.93;-0.32;-0.28;-5.98;-2.93;1.65
41279.00ms : 0.95;-0.32;-0.27;-4.88;-1.40;-0.37
41299.00ms : 0.94;-0.26;-0.27;-6.10;-0.73;-1.83
41319.00ms : 0.94;-0.28;-0.27;-5.98;0.24;0.37
41339.00ms : 0.93;-0.32;-0.28;-3.05;-0.79;2.32
41359.00ms : 0.95;-0.31;-0.27;0.43;-0.98;-0.24
41379.00ms : 0.95;-0.30;-0.29;3.48;-0.18;-0.31
41399.00ms : 0.92;-0.34;-0.27;2.62;0.24;2.62
41419.00ms : 0.93;-0.35;-0.25;0.85;-0.24;1.77
41439.00ms : 0.98;-0.31;-0.28;0.37;-1.28;0.92
41459.00ms : 0.95;-0.33;-0.28;0.61;0.00;1.59
41479.00ms : 0.91;-0.35;-0.25;-4.33;2.01;1.71
41499.00ms : 0.93;-0.35;-0.26;-7.26;1.04;1.89
41519.00ms : 0.94;-0.27;-0.29;-6.53;0.18;0.37
41539.00ms : 0.95;-0.29;-0.28;-6.16;1.46;0.67
41559.00ms : 0.93;-0.33;-0.26;-8.30;1.71;0.37
41579.00ms : 0.93;-0.30;-0.26;-10.07;0.79;-0.98
41599.00ms : 0.93;-0.24;-0.27;-6.04;-0.31;-1.65
41619.00ms : 0.96;-0.18;-0.30;3.17;-0.37;-0.43
41639.00ms : 0.96;-0.28;-0.30;9.22;1.16;2.26
41659.00ms : 0.93;-0.40;-0.28;6.41;0.92;2.14
41679.00ms : 0.95;-0.39;-0.29;1.40;-0.67;-0.92
41699.00ms : 0.95;-0.30;-0.30;-0.24;-0.98;-2.56
41719.00ms : 0.96;-0.28;-0.31;1.28;0.24;-0.43
41739.00ms : 0.95;-0.35;-0.29;0.18;0.24;0.61
41759.00ms : 0.94;-0.37;-0.30;-2.62;-0.73;0.24
41779.00ms : 0.93;-0.35;-0.29;-5.07;-1.95;-1.34
41799.00ms : 0.95;-0.24;-0.29;-3.05;-1.95;-1.65
41819.00ms : 0.96;-0.26;-0.29;0.61;-0.85;0.61
41839.00ms : 0.94;-0.32;-0.27;0.92;-0.67;-0.06
41859.00ms : 0.93;-0.32;-0.28;-0.24;-1.28;-1.34
41879.00ms : 0.95;-0.29;-0.30;0.79;-1.59;-1.59
41899.00ms : 0.95;-0.31;-0.30;3.17;-1.22;-0.12
41919.00ms : 0.94;-0.34;-0.28;3.91;-1.46;0.55
41939.00ms : 0.93;-0.36;-0.26;2.50;-1.04;0.00
41959.00ms : 0.94;-0.34;-0.27;-0.18;-1.34;0.12
41979.00ms : 0.94;-0.35;-0.28;-1.95;-1.28;0.43
41999.00ms : 0.94;-0.34;-0.28;-2.50;-1.77;0.00
42019.00ms : 0.94;-0.31;-0.29;-1.77;-1.53;0.24
42039.00ms : 0.93;-0.31;-0.28;-0.43;-1.04;0.61
42059.00ms : 0.93;-0.32;-0.28;-0.49;-1.10;0.43
42079.00ms : 0.95;-0.29;-0.28;-0.18;-1.34;0.37
42099.00ms : 0.95;-0.30;-0.29;2.26;-1.53;0.61
42119.00ms : 0.94;-0.30;-0.29;2.93;-0.92;0.37
42139.00ms : 0.94;-0.30;-0.26;1.71;-1.16;-0.24
42159.00ms : 0.95;-0.32;-0.27;1.53;-1.40;0.31
42179.00ms : 0.94;-0.34;-0.28;1.40;-0.92;0.12
42199.00ms : 0.94;-0.33;-0.29;0.18;-1.59;-0.67
42219.00ms : 0.94;-0.32;-0.29;-0.67;-1.28;-0.37
42239.00ms : 0.95;-0.32;-0.29;-0.18;-1.59;0.00
42259.00ms : 0.94;-0.32;-0.28;-0.37;-1.28;-0.12
42279.00ms : 0.94;-0.31;-0.28;-0.98;-2.08;-0.12
42299.00ms : 0.94;-0.33;-0.28;-1.71;-1.34;-0.12
42319.00ms : 0.94;-0.34;-0.28;-2.50;-1.40;-0.49
42339.00ms : 0.94;-0.32;-0.29;-2.32;-1.77;0.12
42359.00ms : 0.95;-0.31;-0.27;-0.67;-1.53;0.43
42379.00ms : 0.94;-0.31;-0.29;0.00;-1.40;0.18
42399.00ms : 0.94;-0.31;-0.28;-0.49;-0.55;-0.24
42419.00ms : 0.96;-0.32;-0.28;-1.46;-1.22;0.12
42439.00ms : 0.93;-0.33;-0.28;-1.04;-0.92;0.06
42459.00ms : 0.94;-0.33;-0.28;0.24;-1.59;0.12
42479.00ms : 0.94;-0.31;-0.28;1.16;-0.98;0.00
42499.00ms : 0.95;-0.30;-0.28;1.40;-0.98;0.18
42519.00ms : 0.95;-0.31;-0.28;2.08;-1.04;0.85
42539.00ms : 0.94;-0.33;-0.29;3.11;-0.92;0.92
42559.00ms : 0.94;-0.32;-0.29;3.11;-0.79;1.16
42579.00ms : 0.93;-0.33;-0.27;2.14;-0.31;0.92
42599.00ms : 0.94;-0.33;-0.28;1.16;0.06;0.55
42619.00ms : 0.94;-0.32;-0.29;0.37;0.18;0.85
42639.00ms : 0.94;-0.32;-0.29;0.85;-0.31;1.22
42659.00ms : 0.94;-0.32;-0.29;1.40;0.24;2.01
42679.00ms : 0.94;-0.34;-0.28;1.59;0.24;1.83
42699.00ms : 0.94;-0.32;-0.28;1.10;0.43;1.10
42719.00ms : 0.95;-0.31;-0.29;0.37;0.18;1.71
42739.00ms : 0.94;-0.32;-0.30;0.24;0.24;1.65
42759.00ms : 0.94;-0.33;-0.28;-0.49;0.12;1.83
42779.00ms : 0.94;-0.32;-0.29;-0.67;0.00;1.28
42799.00ms : 0.94;-0.31;-0.29;-0.12;0.37;1.34
42819.00ms : 0.94;-0.31;-0.30;0.49;0.24;1.89
42839.00ms : 0.95;-0.32;-0.29;0.06;0.18;1.59
42859.00ms : 0.95;-0.31;-0.30;-0.37;-0.31;0.79
42879.00ms : 0.94;-0.30;-0.31;0.61;-0.31;0.79
42899.00ms : 0.94;-0.29;-0.29;1.40;-0.37;0.85
42919.00ms : 0.95;-0.32;-0.29;1.89;-0.73;1.22
42939.00ms : 0.95;-0.32;-0.29;1.53;-0.92;0.61
42959.00ms : 0.94;-0.31;-0.29;1.40;-0.55;0.18
42979.00ms : 0.95;-0.30;-0.29;1.16;-0.61;0.18
42999.00ms : 0.95;-0.31;-0.30;0.55;-0.98;0.61
43019.00ms : 0.94;-0.33;-0.29;0.24;-1.16;0.67
43039.00ms : 0.95;-0.33;-0.29;0.37;-1.10;0.12
43059.00ms : 0.94;-0.32;-0.29;0.00;-0.98;-0.06
43079.00ms : 0.95;-0.30;-0.30;-0.49;-0.85;0.00
43099.00ms : 0.95;-0.32;-0.30;-0.73;-0.79;0.55
43119.00ms : 0.94;-0.34;-0.29;-0.79;-0.98;0.55
43139.00ms : 0.94;-0.32;-0.28;-0.79;-0.61;-0.43
43159.00ms : 0.95;-0.30;-0.29;-0.55;-0.73;-0.18
43179.00ms : 0.95;-0.32;-0.29;-0.98;-0.37;0.55
43199.00ms : 0.94;-0.33;-0.30;-1.46;-0.24;0.73
43219.00ms : 0.94;-0.33;-0.29;-2.44;0.24;-0.73
43239.00ms : 0.95;-0.31;-0.29;-4.15;0.85;-0.73
43259.00ms : 0.95;-0.32;-0.29;-4.88;0.24;0.00
43279.00ms : 0.94;-0.32;-0.30;-4.27;0.12;0.12
43299.00ms : 0.94;-0.32;-0.30;-2.75;-0.43;0.00
43319.00ms : 0.94;-0.28;-0.29;-1.16;0.00;0.00
43339.00ms : 0.95;-0.29;-0.29;0.73;-0.18;0.73
43359.00ms : 0.95;-0.32;-0.30;1.28;-0.67;0.85
43379.00ms : 0.94;-0.32;-0.29;0.92;-0.73;0.49
43399.00ms : 0.95;-0.31;-0.30;0.79;-0.73;0.24
43419.00ms : 0.95;-0.31;-0.30;-0.24;-0.67;0.24
43439.00ms : 0.94;-0.32;-0.30;-0.67;-0.85;0.24
43459.00ms : 0.93;-0.32;-0.29;-0.85;-0.49;-0.06
43479.00ms : 0.95;-0.31;-0.28;-1.40;-0.43;0.18
43499.00ms : 0.96;-0.31;-0.29;-2.32;-0.73;-0.31
43519.00ms : 0.95;-0.31;-0.30;-1.71;-0.67;-0.92
43539.00ms : 0.94;-0.33;-0.30;-1.59;-0.85;0.06
43559.00ms : 0.95;-0.33;-0.31;-2.62;-0.61;-0.18
43579.00ms : 0.94;-0.32;-0.29;-3.66;-0.92;-1.10
43599.00ms : 0.96;-0.29;-0.30;-3.23;-1.34;-1.10
43619.00ms : 0.95;-0.30;-0.30;-2.14;-1.46;-0.24
43639.00ms : 0.94;-0.33;-0.30;-2.56;-1.65;-0.18
43659.00ms : 0.94;-0.32;-0.29;-2.20;-1.89;-1.16
43679.00ms : 0.95;-0.30;-0.30;-1.22;-2.01;-1.04
43699.00ms : 0.95;-0.31;-0.29;-0.12;-1.71;-0.79
43719.00ms : 0.95;-0.30;-0.30;0.24;-1.77;-0.92
43739.00ms : 0.94;-0.31;-0.29;-0.06;-1.53;-1.71
43759.00ms : 0.94;-0.32;-0.29;-0.98;-1.95;-2.08
43779.00ms : 0.95;-0.31;-0.30;-1.71;-1.89;-2.38
43799.00ms : 0.94;-0.31;-0.29;-0.98;-2.01;-2.56
43819.00ms : 0.95;-0.31;-0.30;-1.16;-2.32;-2.50
43839.00ms : 0.95;-0.32;-0.29;-1.40;-2.32;-2.69
43859.00ms : 0.95;-0.33;-0.30;-1.53;-3.23;-3.11
43879.00ms : 0.94;-0.32;-0.30;-0.73;-3.36;-2.87
43899.00ms : 0.94;-0.32;-0.29;-0.49;-3.97;-3.17
43919.00ms : 0.94;-0.32;-0.29;-0.37;-3.91;-3.36
43939.00ms : 0.94;-0.32;-0.30;-0.18;-3.85;-3.60
43959.00ms : 0.94;-0.34;-0.30;-1.10;-3.97;-3.17
43979.00ms : 0.94;-0.34;-0.28;-1.10;-4.64;-3.85
43999.00ms : 0.94;-0.33;-0.29;-1.34;-4.39;-3.66
44019.00ms : 0.94;-0.34;-0.29;-2.81;-4.21;-4.27
44039.00ms : 0.94;-0.33;-0.29;-4.58;-4.15;-5.19
44059.00ms : 0.94;-0.32;-0.27;-4.39;-4.15;-5.80
44079.00ms : 0.94;-0.31;-0.28;-1.65;-4.94;-5.92
44099.00ms : 0.95;-0.33;-0.30;0.92;-5.00;-7.14
44119.00ms : 0.95;-0.36;-0.31;0.00;-4.64;-8.42
44139.00ms : 0.93;-0.39;-0.27;-2.50;-5.13;-9.64
44159.00ms : 0.95;-0.36;-0.24;-5.92;-6.53;-10.86
44179.00ms : 0.97;-0.33;-0.27;-7.08;-7.63;-11.47
44199.00ms : 0.95;-0.34;-0.27;-2.38;-6.90;-13.92
44219.00ms : 0.96;-0.35;-0.27;-1.28;-8.67;-15.20
44239.00ms : 0.99;-0.32;-0.25;2.14;-10.62;-14.65
44259.00ms : 1.03;-0.29;-0.21;8.97;-11.96;-17.52
44279.00ms : 1.07;-0.26;-0.17;19.04;-14.34;-20.39
44299.00ms : 1.20;-0.15;-0.06;23.62;-20.57;-25.15
44319.00ms : 1.24;-0.24;-0.19;34.85;-24.54;-36.44
44339.00ms : 1.21;0.08;-0.33;32.04;-19.71;-39.98
44359.00ms : 1.20;0.13;-0.35;71.35;-29.54;-27.89
44379.00ms : 1.13;0.11;-0.43;114.99;-43.21;-16.78
44399.00ms : 0.92;-0.22;-0.41;152.71;-51.33;-11.66
44419.00ms : 1.02;-0.32;-0.43;181.64;-70.50;-5.98
44439.00ms : 1.28;-0.06;-0.57;225.65;-97.90;6.90
44459.00ms : 1.24;0.12;-0.65;276.37;-112.49;16.42
44479.00ms : 1.08;-0.13;-0.61;295.29;-117.55;16.48
44499.00ms : 1.14;-0.28;-0.54;284.06;-132.51;12.82
44519.00ms : 1.17;-0.30;-0.57;273.74;-150.76;5.62
44539.00ms : 1.15;-0.22;-0.65;268.07;-169.74;8.42
44559.00ms : 1.12;-0.20;-0.78;278.14;-185.85;12.33
44579.00ms : 1.08;-0.21;-0.93;294.92;-202.51;18.01
44599.00ms : 1.03;-0.34;-1.03;310.36;-216.13;22.22
44619.00ms : 0.95;-0.50;-1.09;315.86;-225.95;20.87
44639.00ms : 0.89;-0.63;-1.12;312.99;-234.13;15.69
44659.00ms : 0.83;-0.62;-1.16;300.23;-241.76;12.63
44679.00ms : 0.71;-0.64;-1.15;285.28;-236.45;9.77
44699.00ms : 0.61;-0.70;-1.04;267.52;-227.91;9.28
44719.00ms : 0.67;-0.77;-1.00;252.75;-220.46;9.52
44739.00ms : 0.71;-0.69;-0.93;238.46;-212.10;4.82
44759.00ms : 0.68;-0.61;-0.88;231.26;-204.59;3.78
44779.00ms : 0.73;-0.62;-0.82;232.24;-197.45;13.06
44799.00ms : 0.82;-0.66;-0.79;231.38;-194.40;19.53
44819.00ms : 0.76;-0.62;-0.73;228.09;-190.25;18.68
44839.00ms : 0.69;-0.61;-0.71;221.19;-186.04;23.07
44859.00ms : 0.74;-0.70;-0.69;212.83;-179.93;32.04
44879.00ms : 0.81;-0.75;-0.69;202.21;-176.21;37.48
44899.00ms : 0.80;-0.74;-0.60;194.09;-172.73;40.65
44919.00ms : 0.77;-0.69;-0.57;187.74;-169.25;40.59
44939.00ms : 0.74;-0.64;-0.53;184.08;-164.92;43.09
44959.00ms : 0.78;-0.68;-0.55;179.26;-159.12;42.60
44979.00ms : 0.84;-0.70;-0.55;172.55;-155.58;40.95
44999.00ms : 0.89;-0.71;-0.58;169.56;-155.76;43.76
45019.00ms : 0.85;-0.70;-0.60;171.57;-154.60;44.49
45039.00ms : 0.82;-0.70;-0.59;175.78;-149.54;44.01
45059.00ms : 0.79;-0.73;-0.57;174.38;-145.39;43.03
45079.00ms : 0.78;-0.76;-0.53;168.64;-138.73;40.28
45099.00ms : 0.79;-0.72;-0.56;159.61;-135.99;38.02
45119.00ms : 0.77;-0.66;-0.55;158.75;-134.16;37.11
45139.00ms : 0.77;-0.68;-0.55;159.36;-131.77;38.39
45159.00ms : 0.76;-0.70;-0.53;155.46;-127.56;36.50
45179.00ms : 0.76;-0.68;-0.50;148.50;-121.15;34.91
45199.00ms : 0.77;-0.69;-0.46;140.08;-113.34;34.73
45219.00ms : 0.73;-0.74;-0.46;129.15;-105.41;32.04
45239.00ms : 0.73;-0.72;-0.43;114.38;-99.30;28.20
45259.00ms : 0.78;-0.61;-0.40;105.77;-97.41;31.68
45279.00ms : 0.77;-0.57;-0.37;113.22;-95.64;30.76
45299.00ms : 0.73;-0.56;-0.37;121.64;-93.87;29.11
45319.00ms : 0.78;-0.69;-0.43;124.76;-93.38;26.98
45339.00ms : 0.75;-0.61;-0.36;97.17;-77.03;25.82
45359.00ms : 0.77;-0.73;-0.68;105.83;-79.71;18.01
45379.00ms : 0.77;-0.60;-0.61;104.86;-80.32;11.05
45399.00ms : 0.78;-0.44;-0.55;103.76;-79.47;13.85
45419.00ms : 0.82;-0.48;-0.57;115.91;-76.17;19.96
45439.00ms : 0.80;-0.60;-0.55;119.57;-63.72;14.95
45459.00ms : 0.83;-0.61;-0.40;124.39;-76.42;17.27
45479.00ms : 0.84;-0.70;-0.63;124.82;-81.05;14.53
45499.00ms : 0.81;-0.73;-0.68;115.78;-67.57;6.41
45519.00ms : 0.81;-0.68;-0.35;110.78;-65.49;6.10
45539.00ms : 0.78;-0.77;-0.35;103.58;-62.01;4.21
45559.00ms : 0.79;-0.71;-0.38;91.92;-64.70;-0.06
45579.00ms : 0.82;-0.56;-0.40;87.16;-67.69;1.28
45599.00ms : 0.84;-0.49;-0.43;90.52;-67.20;7.39
45619.00ms : 0.84;-0.48;-0.36;97.47;-64.64;13.18
45639.00ms : 0.83;-0.57;-0.33;101.99;-67.14;13.85
45659.00ms : 0.85;-0.65;-0.29;102.17;-70.86;11.47
45679.00ms : 0.83;-0.63;-0.33;101.62;-73.67;4.52
45699.00ms : 0.78;-0.57;-0.39;98.14;-71.66;5.31
45719.00ms : 0.80;-0.59;-0.47;94.67;-68.42;9.95
45739.00ms : 0.85;-0.59;-0.44;93.26;-67.75;12.88
45759.00ms : 0.83;-0.55;-0.42;99.73;-66.22;11.60
45779.00ms : 0.79;-0.66;-0.44;101.75;-64.33;13.79
45799.00ms : 0.79;-0.65;-0.48;95.89;-63.17;14.40
45819.00ms : 0.81;-0.65;-0.44;88.38;-63.90;15.44
45839.00ms : 0.80;-0.71;-0.39;82.15;-64.03;13.31
45859.00ms : 0.82;-0.73;-0.40;75.68;-67.14;8.00
45879.00ms : 0.81;-0.66;-0.41;70.07;-69.58;5.13
45899.00ms : 0.83;-0.60;-0.39;65.73;-69.95;5.98
45919.00ms : 0.83;-0.52;-0.44;67.38;-70.80;9.16
45939.00ms : 0.81;-0.47;-0.46;73.18;-69.95;13.79
45959.00ms : 0.81;-0.51;-0.48;79.35;-70.13;19.96
45979.00ms : 0.81;-0.57;-0.43;81.12;-70.62;20.63
45999.00ms : 0.83;-0.61;-0.42;81.60;-71.66;21.30
46019.00ms : 0.82;-0.61;-0.47;76.05;-71.84;21.73
46039.00ms : 0.83;-0.59;-0.48;71.35;-72.14;24.29
46059.00ms : 0.84;-0.58;-0.46;66.83;-70.37;27.47
46079.00ms : 0.84;-0.55;-0.40;66.28;-69.27;29.05
46099.00ms : 0.87;-0.51;-0.43;69.82;-69.46;29.79
46119.00ms : 0.88;-0.47;-0.44;76.90;-71.11;31.92
46139.00ms : 0.87;-0.43;-0.43;86.55;-71.96;31.19
46159.00ms : 0.87;-0.52;-0.41;91.43;-69.58;31.43
46179.00ms : 0.81;-0.56;-0.38;85.63;-64.94;28.81
46199.00ms : 0.81;-0.57;-0.39;71.53;-62.38;29.85
46219.00ms : 0.85;-0.58;-0.40;61.65;-60.18;29.42
46239.00ms : 0.91;-0.52;-0.38;55.42;-56.95;26.55
46259.00ms : 0.87;-0.51;-0.38;55.42;-52.25;22.03
46279.00ms : 0.84;-0.47;-0.41;55.54;-48.89;21.06
46299.00ms : 0.83;-0.45;-0.41;53.22;-43.82;21.18
46319.00ms : 0.80;-0.53;-0.38;51.45;-39.79;22.58
46339.00ms : 0.80;-0.60;-0.35;40.47;-34.24;22.46
46359.00ms : 0.79;-0.64;-0.31;25.15;-30.58;19.29
46379.00ms : 0.72;-0.52;-0.33;9.70;-29.36;16.36
46399.00ms : 0.77;-0.46;-0.34;4.27;-26.31;21.12
46419.00ms : 0.83;-0.55;-0.31;2.26;-25.88;24.84
46439.00ms : 0.82;-0.53;-0.32;0.18;-21.79;20.32
46459.00ms : 0.75;-0.51;-0.35;-5.92;-18.19;21.12
46479.00ms : 0.81;-0.52;-0.41;-8.30;-14.71;28.81
46499.00ms : 0.91;-0.49;-0.33;-18.86;-13.85;35.46
46519.00ms : 0.96;-0.61;-0.37;-30.21;13.37;12.02
46539.00ms : 0.91;-0.71;-0.34;-35.64;20.51;-11.47
46559.00ms : 0.78;-0.79;-0.22;-30.40;17.64;-17.09
46579.00ms : 0.80;-0.67;-0.11;-38.70;2.75;2.56
46599.00ms : 0.89;-0.52;-0.26;-34.79;1.10;15.99
46619.00ms : 0.89;-0.46;-0.28;-23.50;5.31;15.99
46639.00ms : 0.88;-0.49;-0.30;-14.77;8.61;10.93
46659.00ms : 0.86;-0.50;-0.27;-22.71;11.90;10.68
46679.00ms : 0.92;-0.47;-0.20;-39.25;10.13;11.47
46699.00ms : 0.95;-0.24;-0.26;-38.88;5.98;14.10
46719.00ms : 0.97;-0.12;-0.32;-15.01;8.12;19.65
46739.00ms : 1.03;-0.16;-0.34;8.85;8.06;29.24
46759.00ms : 0.99;-0.40;-0.29;17.27;9.09;29.48
46779.00ms : 0.88;-0.50;-0.23;10.19;8.36;24.60
46799.00ms : 0.85;-0.47;-0.21;-6.71;8.85;23.68
46819.00ms : 0.87;-0.42;-0.25;-15.14;7.87;22.71
46839.00ms : 0.97;-0.30;-0.28;-10.68;8.06;19.04
46859.00ms : 1.11;-0.22;-0.23;2.62;9.95;15.26
46879.00ms : 1.09;-0.22;-0.22;12.21;8.54;14.83
46899.00ms : 0.95;-0.35;-0.24;15.08;7.08;16.60
46919.00ms : 0.90;-0.45;-0.29;12.08;6.84;16.42
46939.00ms : 0.92;-0.41;-0.32;11.90;4.88;13.12
46959.00ms : 0.95;-0.34;-0.33;15.08;6.04;11.96
46979.00ms : 0.96;-0.36;-0.29;11.66;5.19;14.10
46999.00ms : 0.94;-0.37;-0.28;5.13;3.60;12.63
47019.00ms : 0.93;-0.33;-0.29;3.78;5.00;9.34
47039.00ms : 0.95;-0.27;-0.32;3.05;5.98;7.08
47059.00ms : 0.98;-0.27;-0.34;3.78;6.29;9.95
47079.00ms : 0.96;-0.29;-0.31;2.56;5.55;10.25
47099.00ms : 0.95;-0.29;-0.28;3.42;5.55;6.59
47119.00ms : 0.96;-0.27;-0.31;4.88;5.13;4.15
47139.00ms : 0.96;-0.29;-0.34;3.23;4.27;5.31
47159.00ms : 0.96;-0.30;-0.34;3.66;3.48;4.88
47179.00ms : 0.97;-0.29;-0.33;4.70;3.66;3.91
47199.00ms : 0.94;-0.29;-0.31;4.15;3.85;3.54
47219.00ms : 0.95;-0.31;-0.33;1.65;2.99;2.99
47239.00ms : 0.98;-0.31;-0.35;-1.71;0.92;2.56
47259.00ms : 0.96;-0.30;-0.34;-1.71;1.10;2.38
47279.00ms : 0.94;-0.31;-0.32;-1.04;1.04;2.62
47299.00ms : 0.97;-0.31;-0.32;-0.73;-0.24;1.28
47319.00ms : 0.98;-0.31;-0.34;-1.10;-1.16;1.53
47339.00ms : 0.96;-0.30;-0.36;-1.95;-2.08;1.28
47359.00ms : 0.95;-0.29;-0.33;-2.62;-0.92;0.73
47379.00ms : 0.96;-0.28;-0.32;-1.59;-1.53;-0.67
47399.00ms : 0.97;-0.27;-0.33;-0.06;-1.83;-0.37
47419.00ms : 0.97;-0.30;-0.34;2.38;-2.75;1.28
47439.00ms : 0.94;-0.31;-0.32;4.03;-2.38;0.00
47459.00ms : 0.95;-0.28;-0.32;3.91;-2.20;-1.40
47479.00ms : 0.97;-0.30;-0.34;3.60;-1.83;-0.43
47499.00ms : 0.96;-0.33;-0.33;2.44;-2.81;0.00
47519.00ms : 0.95;-0.32;-0.32;1.89;-3.11;-0.67
47539.00ms : 0.96;-0.28;-0.32;2.26;-3.05;-1.89
47559.00ms : 0.96;-0.28;-0.34;2.44;-2.81;-1.40
47579.00ms : 0.95;-0.33;-0.33;2.32;-2.69;0.06
47599.00ms : 0.95;-0.34;-0.31;1.46;-3.42;-0.79
47619.00ms : 0.96;-0.31;-0.32;0.67;-3.97;-1.28
47639.00ms : 0.95;-0.28;-0.32;0.06;-3.23;-1.28
47659.00ms : 0.95;-0.31;-0.31;0.61;-3.05;0.00
47679.00ms : 0.93;-0.34;-0.30;0.18;-2.87;-0.85
47699.00ms : 0.96;-0.30;-0.31;0.18;-3.78;-1.95
47719.00ms : 0.95;-0.28;-0.33;1.89;-2.99;-1.53
47739.00ms : 0.94;-0.30;-0.33;1.65;-2.44;-0.79
47759.00ms : 0.95;-0.33;-0.31;0.73;-1.95;-0.61
47779.00ms : 0.95;-0.32;-0.31;0.55;-2.26;-1.59
47799.00ms : 0.95;-0.29;-0.32;-0.12;-1.83;-1.95
47819.00ms : 0.95;-0.32;-0.32;-1.40;-1.16;-1.10
47839.00ms : 0.95;-0.33;-0.32;-1.65;-1.71;-0.98
47859.00ms : 0.95;-0.33;-0.32;-1.28;-1.77;-1.59
47879.00ms : 0.95;-0.30;-0.32;-0.18;-2.08;-1.95
47899.00ms : 0.95;-0.30;-0.33;-0.18;-1.95;-0.73
47919.00ms : 0.94;-0.33;-0.32;-1.16;-2.08;-0.31
47939.00ms : 0.95;-0.32;-0.32;-1.40;-2.38;-0.43
47959.00ms : 0.95;-0.32;-0.31;-1.10;-2.62;-0.18
47979.00ms : 0.94;-0.32;-0.32;-1.28;-2.38;-0.18
47999.00ms : 0.94;-0.31;-0.32;-1.34;-2.20;0.06
48019.00ms : 0.94;-0.30;-0.31;-0.49;-1.59;-0.06
48039.00ms : 0.95;-0.31;-0.31;0.06;-2.01;0.24
48059.00ms : 0.95;-0.32;-0.31;0.85;-2.08;0.79
48079.00ms : 0.95;-0.35;-0.31;0.00;-1.89;1.04
48099.00ms : 0.94;-0.35;-0.31;-1.40;-1.89;1.04
48119.00ms : 0.95;-0.32;-0.31;-1.77;-1.89;0.55
48139.00ms : 0.96;-0.30;-0.32;-1.89;-2.38;0.55
48159.00ms : 0.95;-0.32;-0.31;-2.99;-1.77;1.34
48179.00ms : 0.94;-0.32;-0.31;-3.60;-2.50;0.55
48199.00ms : 0.95;-0.31;-0.32;-4.15;-2.14;0.00
48219.00ms : 0.96;-0.30;-0.32;-3.78;-2.50;0.61
48239.00ms : 0.95;-0.31;-0.31;-3.05;-2.56;0.73
48259.00ms : 0.94;-0.32;-0.30;-2.75;-2.32;0.37
48279.00ms : 0.95;-0.30;-0.31;-3.30;-2.38;-0.12
48299.00ms : 0.95;-0.29;-0.30;-3.48;-2.08;-0.55
48319.00ms : 0.95;-0.30;-0.30;-2.75;-3.11;-0.31
48339.00ms : 0.95;-0.30;-0.32;-1.22;-3.05;0.18
48359.00ms : 0.95;-0.31;-0.31;-0.61;-2.93;-0.24
48379.00ms : 0.95;-0.32;-0.30;-0.98;-2.81;-0.43
48399.00ms : 0.95;-0.30;-0.30;-1.28;-3.11;-0.79
48419.00ms : 0.96;-0.29;-0.30;0.18;-3.42;-0.67
48439.00ms : 0.95;-0.31;-0.31;2.20;-3.97;-0.12
48459.00ms : 0.94;-0.33;-0.30;2.08;-3.42;-0.24
48479.00ms : 0.95;-0.31;-0.30;1.71;-3.48;-0.73
48499.00ms : 0.95;-0.30;-0.30;0.92;-3.54;-0.67
48519.00ms : 0.94;-0.31;-0.30;0.92;-3.30;0.31
48539.00ms : 0.93;-0.34;-0.29;0.31;-2.87;-0.06
48559.00ms : 0.95;-0.32;-0.29;-0.79;-2.81;-0.79
48579.00ms : 0.95;-0.30;-0.30;-0.79;-3.05;-0.79
48599.00ms : 0.94;-0.32;-0.30;1.16;-2.62;0.06
48619.00ms : 0.94;-0.33;-0.30;1.34;-2.56;0.43
48639.00ms : 0.94;-0.33;-0.29;0.43;-2.50;0.00
48659.00ms : 0.94;-0.32;-0.29;-0.18;-2.14;-0.06
48679.00ms : 0.94;-0.31;-0.29;0.73;-1.95;0.37
48699.00ms : 0.94;-0.31;-0.30;2.26;-1.83;0.67
48719.00ms : 0.94;-0.31;-0.30;3.11;-1.59;0.79
48739.00ms : 0.94;-0.32;-0.30;2.44;-1.34;0.73
48759.00ms : 0.95;-0.34;-0.30;1.04;-1.10;0.92
48779.00ms : 0.93;-0.35;-0.30;-1.59;-0.85;0.55
48799.00ms : 0.94;-0.33;-0.29;-3.97;-0.73;0.18
48819.00ms : 0.95;-0.31;-0.29;-4.58;-1.53;0.12
48839.00ms : 0.94;-0.29;-0.30;-2.08;-1.46;0.73
48859.00ms : 0.94;-0.31;-0.30;-0.06;-1.16;0.79
48879.00ms : 0.94;-0.32;-0.30;0.31;-1.10;0.92
48899.00ms : 0.94;-0.33;-0.30;-0.55;-1.22;0.61
48919.00ms : 0.95;-0.32;-0.30;-1.16;-1.22;0.61
48939.00ms : 0.94;-0.31;-0.29;-0.79;-0.98;0.43
48959.00ms : 0.95;-0.30;-0.30;-0.31;-1.04;0.24
48979.00ms : 0.95;-0.31;-0.30;0.00;-1.22;0.92
48999.00ms : 0.94;-0.33;-0.29;-0.12;-0.92;0.85
49019.00ms : 0.94;-0.33;-0.29;-1.22;-0.49;0.37
49039.00ms : 0.95;-0.31;-0.29;-1.10;-0.67;0.31
49059.00ms : 0.95;-0.29;-0.30;-0.37;-0.98;0.43
49079.00ms : 0.94;-0.30;-0.30;0.61;-0.98;0.61
49099.00ms : 0.94;-0.31;-0.30;0.12;-0.43;0.24
49119.00ms : 0.95;-0.31;-0.29;-0.12;-0.67;-0.24
49139.00ms : 0.95;-0.31;-0.31;0.24;-1.28;-0.43
49159.00ms : 0.94;-0.33;-0.30;0.92;-1.46;0.24
49179.00ms : 0.94;-0.34;-0.29;0.24;-1.71;0.55
49199.00ms : 0.96;-0.32;-0.30;2.93;-2.62;0.43
49219.00ms : 0.97;-0.31;-0.28;3.11;-0.43;-1.95
49239.00ms : 0.95;-0.32;-0.30;-1.46;-0.85;-4.39
49259.00ms : 0.90;-0.31;-0.29;-2.75;-1.46;-1.46
49279.00ms : 0.93;-0.32;-0.31;-1.16;-1.04;1.40
49299.00ms : 0.96;-0.34;-0.30;0.67;-1.04;0.43
49319.00ms : 0.95;-0.34;-0.30;-0.31;-1.22;0.06
49339.00ms : 0.93;-0.34;-0.30;-2.01;-1.04;0.73
49359.00ms : 0.94;-0.31;-0.30;-3.72;-1.22;0.98
49379.00ms : 0.95;-0.31;-0.29;-3.66;-0.98;1.10
49399.00ms : 0.94;-0.32;-0.29;-2.99;-0.79;0.61
49419.00ms : 0.94;-0.32;-0.30;-3.11;-0.98;0.92
49439.00ms : 0.94;-0.31;-0.30;-2.69;-0.92;1.28
49459.00ms : 0.95;-0.31;-0.30;-2.38;-0.55;1.40
49479.00ms : 0.94;-0.31;-0.29;-1.46;-0.67;0.73
49499.00ms : 0.95;-0.30;-0.30;-1.28;-0.49;0.43
49519.00ms : 0.95;-0.30;-0.30;-1.89;-0.67;0.43
49539.00ms : 0.94;-0.31;-0.29;-1.46;-0.67;0.31
49559.00ms : 0.95;-0.33;-0.30;-1.65;-0.79;0.24
49579.00ms : 0.94;-0.32;-0.29;-2.08;-0.67;0.37
49599.00ms : 0.95;-0.31;-0.30;-1.34;-0.98;0.31
49619.00ms : 0.95;-0.31;-0.29;-0.55;-0.79;0.55
49639.00ms : 0.95;-0.32;-0.29;-0.43;-0.85;0.49
49659.00ms : 0.94;-0.33;-0.30;-0.92;-0.98;0.31
49679.00ms : 0.94;-0.32;-0.29;-1.28;-0.85;0.12
49699.00ms : 0.94;-0.30;-0.30;-1.22;-0.67;0.12
49719.00ms : 0.95;-0.30;-0.30;-0.79;-1.04;0.43
49739.00ms : 0.94;-0.32;-0.29;0.12;-1.28;0.37
49759.00ms : 0.94;-0.33;-0.30;-0.06;-1.04;0.43
49779.00ms : 0.95;-0.32;-0.29;-1.34;-0.98;0.18
49799.00ms : 0.95;-0.31;-0.29;-1.10;-0.43;-0.31
49819.00ms : 0.95;-0.30;-0.30;-1.04;-0.73;-0.37
49839.00ms : 0.95;-0.32;-0.30;-0.79;-1.04;0.55
49859.00ms : 0.94;-0.33;-0.29;-0.43;-1.22;0.49
49879.00ms : 0.94;-0.32;-0.30;-0.55;-1.28;0.12
49899.00ms : 0.95;-0.31;-0.29;-0.43;-1.04;0.43
49919.00ms : 0.94;-0.31;-0.30;0.06;-1.22;0.43
49939.00ms : 0.94;-0.30;-0.30;0.31;-1.10;0.73
49959.00ms : 0.95;-0.29;-0.30;1.28;-0.92;0.43
49979.00ms : 0.95;-0.30;-0.29;1.77;-0.61;0.55
49999.00ms : 0.95;-0.34;-0.29;0.37;-0.85;1.34
50019.00ms : 0.94;-0.37;-0.28;-1.40;-1.10;0.55
50039.00ms : 0.93;-0.34;-0.30;-3.85;-1.40;-0.12
50059.00ms : 0.95;-0.31;-0.30;-3.30;-1.40;0.43
50079.00ms : 0.96;-0.30;-0.29;-1.53;-1.34;0.92
50099.00ms : 0.95;-0.32;-0.29;-1.40;-0.98;0.73
50119.00ms : 0.94;-0.32;-0.30;-2.08;-0.73;0.43
50139.00ms : 0.95;-0.29;-0.31;-2.20;-0.49;-0.12
50159.00ms : 0.95;-0.29;-0.30;-1.04;-0.49;0.55
50179.00ms : 0.94;-0.30;-0.30;0.67;-0.98;0.92
50199.00ms : 0.95;-0.33;-0.29;0.79;-0.55;0.31
50219.00ms : 0.95;-0.33;-0.30;-0.43;-0.67;0.24
50239.00ms : 0.95;-0.32;-0.29;-0.92;-0.98;0.24
50259.00ms : 0.95;-0.31;-0.30;-0.55;-1.22;0.18
50279.00ms : 0.95;-0.31;-0.30;-0.18;-1.16;0.49
50299.00ms : 0.94;-0.33;-0.30;-0.67;-1.16;0.24
50319.00ms : 0.94;-0.32;-0.29;-1.71;-0.73;0.06
50339.00ms : 0.95;-0.31;-0.30;-3.36;-0.85;-0.12
50359.00ms : 0.94;-0.31;-0.30;-2.81;-1.16;-0.31
50379.00ms : 0.95;-0.30;-0.30;-1.34;-1.10;0.18
50399.00ms : 0.94;-0.30;-0.29;-0.24;-1.10;-0.37
50419.00ms : 0.95;-0.30;-0.30;-0.31;-1.16;-0.55
50439.00ms : 0.95;-0.31;-0.30;-0.06;-1.16;-0.61
50459.00ms : 0.95;-0.32;-0.31;-0.18;-1.65;-0.73
50479.00ms : 0.95;-0.32;-0.30;-0.06;-1.53;-0.85
50499.00ms : 0.94;-0.32;-0.30;-0.12;-1.22;-0.67
50519.00ms : 0.94;-0.31;-0.30;-0.55;-1.71;-0.79
50539.00ms : 0.95;-0.32;-0.30;-1.40;-1.46;-0.92
50559.00ms : 0.94;-0.33;-0.30;-1.59;-1.65;-0.67
50579.00ms : 0.95;-0.33;-0.29;-2.38;-1.71;-0.85
50599.00ms : 0.95;-0.31;-0.29;-2.50;-1.95;-1.28
50619.00ms : 0.94;-0.32;-0.29;-1.95;-1.77;-0.55
50639.00ms : 0.95;-0.33;-0.29;-2.01;-2.14;-0.49
50659.00ms : 0.95;-0.32;-0.29;-1.10;-2.44;-0.67
50679.00ms : 0.94;-0.31;-0.29;0.06;-2.20;-0.43
50699.00ms : 0.94;-0.32;-0.30;0.18;-2.14;-0.24
50719.00ms : 0.96;-0.33;-0.30;-1.16;-2.62;-0.12
50739.00ms : 0.94;-0.34;-0.30;-1.89;-2.56;-0.37
50759.00ms : 0.93;-0.34;-0.27;-3.30;-2.50;-0.61
50779.00ms : 0.93;-0.33;-0.28;-3.85;-2.01;0.18
50799.00ms : 0.94;-0.31;-0.29;-4.09;-2.32;-0.12
50819.00ms : 0.93;-0.29;-0.28;-2.69;-1.53;-0.12
50839.00ms : 0.94;-0.30;-0.28;-1.83;-0.92;-0.12
50859.00ms : 0.94;-0.32;-0.28;-1.89;-0.67;-0.61
50879.00ms : 0.95;-0.31;-0.29;-1.89;-0.92;-0.43
50899.00ms : 0.94;-0.31;-0.28;-1.16;-0.43;-0.37
50919.00ms : 0.93;-0.32;-0.28;-0.67;-0.43;-0.43
50939.00ms : 0.93;-0.33;-0.28;-1.16;-0.55;0.12
50959.00ms : 0.95;-0.33;-0.29;-1.77;-0.67;0.37
50979.00ms : 0.94;-0.32;-0.28;-1.10;-0.79;-0.06
50999.00ms : 0.94;-0.32;-0.28;-0.12;-0.92;0.31
51019.00ms : 0.94;-0.31;-0.30;0.37;-0.85;0.43
51039.00ms : 0.94;-0.33;-0.29;-0.18;-1.04;0.67
51059.00ms : 0.94;-0.34;-0.28;-0.12;-1.16;0.92
51079.00ms : 0.94;-0.33;-0.29;-0.18;-1.34;0.37
51099.00ms : 0.94;-0.31;-0.29;-0.12;-1.40;0.85
51119.00ms : 0.94;-0.31;-0.29;0.18;-1.34;0.55
51139.00ms : 0.95;-0.31;-0.29;0.31;-1.59;0.37
51159.00ms : 0.95;-0.32;-0.29;-0.31;-1.46;0.31
51179.00ms : 0.94;-0.32;-0.29;-0.98;-1.59;-0.12
51199.00ms : 0.94;-0.32;-0.29;-0.92;-1.83;0.37
51219.00ms : 0.95;-0.31;-0.28;-0.49;-1.53;0.31
51239.00ms : 0.94;-0.32;-0.28;-0.06;-1.40;-0.06
51259.00ms : 0.94;-0.32;-0.29;-0.92;-2.08;0.00
51279.00ms : 0.94;-0.32;-0.29;-0.12;-2.08;-0.31
51299.00ms : 0.94;-0.33;-0.29;-0.73;-1.53;-0.43
51319.00ms : 0.95;-0.33;-0.28;-2.26;-1.65;-0.31
51339.00ms : 0.93;-0.33;-0.28;-3.11;-1.22;-0.73
51359.00ms : 0.94;-0.32;-0.29;-3.54;-1.77;-0.61
51379.00ms : 0.94;-0.33;-0.28;-4.52;-1.28;-0.61
51399.00ms : 0.94;-0.33;-0.28;-4.64;-0.85;-1.28
51419.00ms : 0.95;-0.31;-0.29;-5.07;-1.53;-1.40
51439.00ms : 0.94;-0.32;-0.28;-3.48;-0.92;-1.40
51459.00ms : 0.95;-0.31;-0.29;-2.20;-1.34;-1.16
51479.00ms : 0.94;-0.33;-0.29;-0.79;-1.10;-1.10
51499.00ms : 0.94;-0.34;-0.27;-1.28;-1.46;-1.22
51519.00ms : 0.95;-0.32;-0.28;-1.34;-2.01;-1.40
51539.00ms : 0.94;-0.32;-0.28;-0.73;-2.20;-1.22
51559.00ms : 0.93;-0.33;-0.28;-0.31;-1.71;-1.34
51579.00ms : 0.95;-0.33;-0.28;-1.59;-1.83;-1.16
51599.00ms : 0.96;-0.32;-0.29;-2.20;-2.38;-2.38
51619.00ms : 0.93;-0.31;-0.28;-1.22;-2.99;-2.99
51639.00ms : 0.92;-0.32;-0.28;-1.28;-2.14;-2.20
51659.00ms : 0.96;-0.32;-0.29;-2.08;-2.56;-2.62
51679.00ms : 0.96;-0.31;-0.28;-1.65;-3.66;-3.78
51699.00ms : 0.93;-0.32;-0.28;-0.92;-3.54;-4.64
51719.00ms : 0.93;-0.32;-0.28;-0.18;-3.72;-3.97
51739.00ms : 0.98;-0.31;-0.29;0.61;-5.25;-3.97
51759.00ms : 0.96;-0.35;-0.29;2.38;-6.47;-6.10
51779.00ms : 0.95;-0.35;-0.26;1.65;-6.90;-5.25
51799.00ms : 0.96;-0.35;-0.25;-1.04;-8.42;-6.71
51819.00ms : 0.98;-0.26;-0.26;-1.16;-10.80;-9.03
51839.00ms : 1.01;-0.23;-0.27;7.57;-11.47;-11.05
51859.00ms : 1.09;-0.18;-0.19;18.13;-16.48;-14.59
51879.00ms : 1.19;-0.17;-0.22;33.57;-21.24;-23.44
51899.00ms : 1.27;-0.06;-0.38;40.41;-22.89;-29.11
51919.00ms : 1.18;0.09;-0.44;51.39;-13.55;-28.56
51939.00ms : 1.12;0.19;-0.39;98.33;-25.63;-21.12
51959.00ms : 1.11;0.01;-0.36;124.33;-31.37;-23.50
51979.00ms : 1.18;-0.20;-0.38;141.11;-42.66;-25.94
51999.00ms : 1.26;-0.09;-0.46;178.71;-67.87;-20.14
52019.00ms : 1.40;0.33;-0.71;257.63;-99.67;-1.10
52039.00ms : 1.19;0.16;-0.72;319.15;-117.19;16.91
52059.00ms : 1.03;-0.22;-0.56;333.56;-136.90;23.68
52079.00ms : 1.21;-0.39;-0.47;315.61;-163.02;13.67
52099.00ms : 1.16;-0.30;-0.60;302.25;-192.38;2.81
52119.00ms : 1.09;-0.29;-0.81;305.05;-207.64;10.19
52139.00ms : 1.05;-0.30;-0.93;312.26;-220.34;18.07
52159.00ms : 1.03;-0.28;-1.09;321.72;-232.30;22.52
52179.00ms : 0.97;-0.31;-1.12;320.56;-233.15;22.77
52199.00ms : 0.90;-0.35;-1.16;315.37;-238.83;28.08
52219.00ms : 0.96;-0.40;-1.24;312.01;-242.07;37.96
52239.00ms : 0.95;-0.44;-1.24;312.74;-242.37;39.37
52259.00ms : 0.79;-0.46;-1.18;308.84;-236.02;35.46
52279.00ms : 0.82;-0.59;-1.21;300.60;-229.74;38.27
52299.00ms : 0.97;-0.51;-1.12;290.47;-224.98;42.97
52319.00ms : 0.98;-0.49;-1.08;290.77;-218.38;45.53
52339.00ms : 0.85;-0.54;-1.03;288.51;-211.67;51.09
52359.00ms : 0.87;-0.63;-0.98;280.58;-209.35;64.58
52379.00ms : 0.93;-0.73;-0.95;273.32;-207.15;66.41
52399.00ms : 0.92;-0.64;-0.91;263.18;-205.63;60.18
52419.00ms : 0.92;-0.61;-0.92;258.36;-206.18;66.77
52439.00ms : 0.93;-0.63;-0.92;257.26;-206.05;66.96
52459.00ms : 0.88;-0.63;-0.93;251.16;-195.98;61.52
52479.00ms : 0.82;-0.68;-0.94;244.26;-184.57;59.33
52499.00ms : 0.82;-0.74;-0.91;237.12;-171.39;59.45
52519.00ms : 0.84;-0.73;-0.89;235.29;-165.89;59.39
52539.00ms : 0.86;-0.68;-0.90;233.34;-159.18;61.40
52559.00ms : 0.86;-0.75;-0.85;234.86;-149.60;63.11
52579.00ms : 0.82;-0.83;-0.74;229.55;-138.98;61.71
52599.00ms : 0.73;-0.83;-0.70;225.04;-128.23;58.23
52619.00ms : 0.70;-0.81;-0.60;208.80;-123.54;58.35
52639.00ms : 0.85;-0.94;-0.19;200.26;-152.16;57.01
52659.00ms : 0.83;-0.82;-0.56;211.18;-144.78;6.84
52679.00ms : 0.67;-0.63;-0.56;199.89;-138.67;4.64
52699.00ms : 0.66;-0.54;-0.49;201.23;-131.16;17.64
52719.00ms : 0.77;-0.59;-0.61;201.23;-126.71;15.87
52739.00ms : 0.75;-0.72;-0.72;196.29;-130.86;25.63
52759.00ms : 0.77;-0.67;-0.53;188.23;-135.07;30.52
52779.00ms : 0.84;-0.62;-0.47;185.61;-130.00;34.85
52799.00ms : 0.89;-0.49;-0.44;191.59;-127.01;27.10
52819.00ms : 0.86;-0.48;-0.51;201.35;-126.59;19.17
52839.00ms : 0.78;-0.60;-0.44;203.86;-121.64;14.10
52859.00ms : 0.82;-0.63;-0.48;193.12;-119.08;8.42
52879.00ms : 0.90;-0.46;-0.51;184.51;-115.30;7.14
52899.00ms : 0.90;-0.36;-0.63;183.72;-112.37;11.47
52919.00ms : 0.89;-0.43;-0.62;191.47;-107.91;19.47
52939.00ms : 0.89;-0.57;-0.59;192.81;-105.35;17.33
52959.00ms : 0.88;-0.56;-0.63;191.22;-106.87;14.77
52979.00ms : 0.85;-0.50;-0.66;197.75;-103.94;17.52
52999.00ms : 0.85;-0.64;-0.54;204.10;-98.51;17.52
53019.00ms : 0.85;-0.80;-0.48;193.91;-100.16;12.27
53039.00ms : 0.80;-0.68;-0.50;180.05;-103.58;8.91
53059.00ms : 0.78;-0.74;-0.51;165.65;-100.46;9.03
53079.00ms : 0.81;-0.73;-0.58;152.53;-100.04;11.60
53099.00ms : 0.85;-0.60;-0.58;141.42;-102.72;15.44
53119.00ms : 0.84;-0.50;-0.64;135.74;-103.09;15.50
53139.00ms : 0.81;-0.48;-0.67;134.70;-98.45;16.72
53159.00ms : 0.79;-0.48;-0.67;133.61;-91.25;21.97
53179.00ms : 0.83;-0.54;-0.70;134.64;-85.27;24.72
53199.00ms : 0.85;-0.62;-0.70;128.72;-79.53;22.64
53219.00ms : 0.81;-0.64;-0.68;113.40;-73.97;18.55
53239.00ms : 0.81;-0.67;-0.71;102.36;-70.31;19.90
53259.00ms : 0.83;-0.59;-0.66;93.51;-65.19;21.12
53279.00ms : 0.86;-0.65;-0.66;87.34;-62.32;20.14
53299.00ms : 0.83;-0.67;-0.60;77.51;-54.87;14.71
53319.00ms : 0.82;-0.59;-0.57;67.87;-52.37;14.34
53339.00ms : 0.81;-0.55;-0.59;65.25;-48.16;13.85
53359.00ms : 0.83;-0.65;-0.50;59.88;-44.98;14.59
53379.00ms : 0.86;-0.70;-0.46;50.42;-46.20;13.92
53399.00ms : 0.83;-0.62;-0.46;43.46;-47.91;14.28
53419.00ms : 0.80;-0.49;-0.45;41.32;-45.41;15.63
53439.00ms : 0.80;-0.58;-0.42;39.18;-39.31;15.63
53459.00ms : 0.81;-0.62;-0.37;28.08;-36.01;13.00
53479.00ms : 0.86;-0.53;-0.42;19.78;-37.96;11.84
53499.00ms : 0.90;-0.46;-0.44;21.00;-39.12;16.42
53519.00ms : 0.86;-0.44;-0.43;19.17;-36.62;18.68
53539.00ms : 0.84;-0.53;-0.34;13.31;-31.31;21.85
53559.00ms : 0.86;-0.58;-0.34;2.26;-34.18;26.98
53579.00ms : 0.88;-0.50;-0.38;-4.52;-34.73;25.21
53599.00ms : 0.88;-0.47;-0.43;-5.68;-31.98;26.37
53619.00ms : 0.86;-0.51;-0.40;-9.95;-26.43;25.51
53639.00ms : 0.88;-0.53;-0.35;-16.17;-24.90;23.01
53659.00ms : 0.92;-0.55;-0.36;-24.96;-22.28;14.71
53679.00ms : 0.87;-0.49;-0.33;-29.48;-17.82;7.69
53699.00ms : 0.83;-0.48;-0.36;-34.85;-11.96;4.21
53719.00ms : 0.86;-0.49;-0.36;-42.72;-5.92;-0.24
53739.00ms : 0.89;-0.43;-0.35;-46.63;-3.23;-1.22
53759.00ms : 0.89;-0.43;-0.34;-46.57;-3.17;-1.34
53779.00ms : 0.87;-0.41;-0.31;-44.43;-4.21;-4.15
53799.00ms : 0.86;-0.42;-0.26;-43.09;-3.30;-1.16
53819.00ms : 0.88;-0.42;-0.24;-39.79;-4.76;1.95
53839.00ms : 0.89;-0.41;-0.28;-34.91;-8.67;1.53
53859.00ms : 0.89;-0.36;-0.30;-32.04;-9.40;-1.59
53879.00ms : 0.87;-0.41;-0.23;-35.83;-3.60;-3.60
53899.00ms : 0.87;-0.52;-0.21;-46.75;1.71;-6.71
53919.00ms : 0.84;-0.50;-0.28;-56.34;4.70;-14.65
53939.00ms : 0.82;-0.43;-0.29;-63.72;8.54;-22.28
53959.00ms : 0.79;-0.42;-0.28;-58.84;13.12;-16.11
53979.00ms : 0.89;-0.50;-0.30;-70.13;14.16;-9.09
53999.00ms : 0.84;-0.54;-0.12;-85.57;13.55;-4.82
54019.00ms : 0.91;-0.45;-0.30;-91.55;21.97;-12.82
54039.00ms : 0.96;-0.31;-0.29;-80.51;22.09;-9.34
54059.00ms : 1.03;-0.10;-0.37;-56.03;14.28;2.87
54079.00ms : 1.08;-0.18;-0.32;-39.92;14.71;8.06
54099.00ms : 0.98;-0.20;-0.25;-21.79;17.82;7.39
54119.00ms : 0.93;-0.17;-0.24;-13.79;17.94;12.45
54139.00ms : 0.99;-0.33;-0.23;-7.57;16.05;11.29
54159.00ms : 0.99;-0.38;-0.19;-0.31;13.24;9.52
54179.00ms : 1.00;-0.41;-0.26;-1.65;12.51;10.86
54199.00ms : 0.96;-0.44;-0.28;-9.40;11.90;10.25
54219.00ms : 0.90;-0.38;-0.27;-17.27;9.03;15.01
54239.00ms : 0.97;-0.27;-0.23;-12.51;4.33;14.65
54259.00ms : 1.00;-0.23;-0.25;0.06;0.79;14.95
54279.00ms : 0.92;-0.28;-0.30;15.75;0.24;17.76
54299.00ms : 0.89;-0.46;-0.31;6.77;4.33;18.68
54319.00ms : 0.89;-0.52;-0.29;-8.48;4.88;15.38
54339.00ms : 0.93;-0.41;-0.22;-18.07;3.78;11.23
54359.00ms : 1.00;-0.30;-0.19;-16.72;1.77;9.34
54379.00ms : 1.04;-0.17;-0.25;-3.66;-2.62;10.25
54399.00ms : 0.97;-0.11;-0.27;13.06;-1.65;12.15
54419.00ms : 0.95;-0.24;-0.19;19.10;2.08;11.66
54439.00ms : 0.97;-0.31;-0.19;17.52;2.50;6.29
54459.00ms : 0.97;-0.34;-0.25;14.28;0.00;4.64
54479.00ms : 0.90;-0.35;-0.31;13.98;0.00;4.33
54499.00ms : 0.93;-0.29;-0.29;14.10;1.83;3.91
54519.00ms : 0.97;-0.29;-0.27;14.16;2.08;4.46
54539.00ms : 0.97;-0.35;-0.25;11.72;1.34;4.09
54559.00ms : 0.93;-0.38;-0.25;4.88;1.46;1.28
54579.00ms : 0.93;-0.27;-0.28;-2.01;-0.24;-0.61
54599.00ms : 0.96;-0.24;-0.29;0.24;0.49;1.46
54619.00ms : 0.95;-0.28;-0.26;3.72;0.61;2.20
54639.00ms : 0.93;-0.30;-0.25;6.41;0.79;1.28
54659.00ms : 0.96;-0.32;-0.27;6.04;-0.18;0.73
54679.00ms : 0.95;-0.31;-0.28;4.94;-0.79;0.37
54699.00ms : 0.94;-0.30;-0.27;5.80;-1.10;0.98
54719.00ms : 0.95;-0.30;-0.27;6.47;-0.37;0.92
54739.00ms : 0.93;-0.30;-0.27;6.71;-0.61;1.28
54759.00ms : 0.96;-0.34;-0.27;5.37;-1.04;2.01
54779.00ms : 0.95;-0.33;-0.27;4.58;-1.28;0.49
54799.00ms : 0.94;-0.30;-0.28;3.66;-1.40;0.43
54819.00ms : 0.93;-0.30;-0.27;3.72;-0.43;1.40
54839.00ms : 0.95;-0.29;-0.27;4.39;-1.10;1.16
54859.00ms : 0.97;-0.30;-0.31;5.62;-1.53;1.65
54879.00ms : 0.94;-0.32;-0.29;4.39;-0.98;1.59
54899.00ms : 0.93;-0.31;-0.27;2.87;-1.46;0.61
54919.00ms : 0.95;-0.27;-0.27;5.25;-2.32;0.98
54939.00ms : 0.95;-0.29;-0.27;8.30;-1.22;1.34
54959.00ms : 0.94;-0.33;-0.28;6.96;-1.53;1.83
54979.00ms : 0.95;-0.31;-0.28;4.33;-1.77;0.79
54999.00ms : 0.94;-0.31;-0.27;4.27;-2.20;0.73
55019.00ms : 0.96;-0.29;-0.29;5.86;-2.75;1.46
55039.00ms : 0.95;-0.31;-0.30;6.96;-2.14;2.20
55059.00ms : 0.94;-0.35;-0.28;3.60;-2.08;1.53
55079.00ms : 0.94;-0.32;-0.27;0.98;-3.17;1.04
55099.00ms : 0.95;-0.29;-0.29;2.14;-2.62;0.98
55119.00ms : 0.94;-0.30;-0.28;3.17;-1.22;0.79
55139.00ms : 0.95;-0.29;-0.29;2.81;-1.40;1.34
55159.00ms : 0.94;-0.30;-0.28;3.30;-1.28;0.31
55179.00ms : 0.94;-0.29;-0.28;4.88;-1.22;0.79
55199.00ms : 0.95;-0.29;-0.27;6.29;-0.79;0.98
55219.00ms : 0.96;-0.30;-0.28;5.62;-1.46;0.98
55239.00ms : 0.94;-0.33;-0.28;4.94;-1.46;1.40
55259.00ms : 0.93;-0.35;-0.27;2.93;-0.92;0.98
55279.00ms : 0.95;-0.34;-0.28;0.37;-0.85;0.61
55299.00ms : 0.94;-0.30;-0.28;-0.37;-0.49;-0.24
55319.00ms : 0.94;-0.28;-0.28;-0.18;0.00;-0.06
55339.00ms : 0.95;-0.29;-0.27;0.67;-0.24;0.37
55359.00ms : 0.95;-0.31;-0.29;1.53;-0.43;0.37
55379.00ms : 0.95;-0.33;-0.28;0.98;-0.37;0.37
55399.00ms : 0.94;-0.33;-0.28;-0.24;-1.04;0.49
55419.00ms : 0.95;-0.31;-0.29;-0.49;-0.73;0.49
55439.00ms : 0.95;-0.31;-0.28;-0.37;-0.85;0.43
55459.00ms : 0.95;-0.30;-0.29;-0.85;-0.73;0.24
55479.00ms : 0.95;-0.30;-0.29;-0.67;-0.61;0.31
55499.00ms : 0.95;-0.30;-0.28;-0.98;-0.55;-0.24
55519.00ms : 0.95;-0.29;-0.28;-0.12;-0.31;-0.31
55539.00ms : 0.95;-0.28;-0.29;1.04;-0.55;-0.12
55559.00ms : 0.95;-0.31;-0.28;1.71;-0.43;0.31
55579.00ms : 0.94;-0.33;-0.29;2.38;-0.73;0.55
55599.00ms : 0.94;-0.34;-0.29;0.73;-0.61;0.55
55619.00ms : 0.95;-0.32;-0.29;-1.34;-1.04;0.55
55639.00ms : 0.94;-0.31;-0.29;-2.26;-0.31;0.06
55659.00ms : 0.95;-0.30;-0.29;-2.44;-0.18;-0.12
55679.00ms : 0.95;-0.29;-0.29;-2.38;-0.06;-0.43
55699.00ms : 0.95;-0.28;-0.29;-1.53;-0.06;-0.37
55719.00ms : 0.95;-0.32;-0.29;-1.89;0.37;-0.06
55739.00ms : 0.94;-0.35;-0.29;-3.60;0.18;-0.18
55759.00ms : 0.94;-0.30;-0.29;-3.97;0.00;-0.98
55779.00ms : 0.95;-0.29;-0.29;-3.30;0.73;0.00
55799.00ms : 0.95;-0.29;-0.29;-2.75;0.43;-0.31
55819.00ms : 0.96;-0.31;-0.30;-2.38;0.06;-0.31
55839.00ms : 0.95;-0.32;-0.30;-2.69;-0.06;-0.31
55859.00ms : 0.94;-0.31;-0.29;-2.08;-0.12;-0.37
55879.00ms : 0.96;-0.30;-0.28;-1.04;-1.71;0.12
55899.00ms : 0.95;-0.29;-0.29;1.22;-2.14;1.04
55919.00ms : 0.94;-0.30;-0.30;2.20;-1.22;0.24
55939.00ms : 0.95;-0.30;-0.29;0.61;-1.53;0.79
55959.00ms : 0.95;-0.30;-0.30;-0.18;-1.71;0.31
55979.00ms : 0.95;-0.30;-0.30;1.04;-2.01;0.31
55999.00ms : 0.95;-0.30;-0.29;1.10;-2.08;0.43
56019.00ms : 0.94;-0.31;-0.29;0.98;-1.71;0.24
56039.00ms : 0.94;-0.31;-0.28;0.37;-1.59;0.24
56059.00ms : 0.94;-0.31;-0.28;0.18;-1.89;0.06
56079.00ms : 0.95;-0.32;-0.29;0.79;-2.50;0.37
56099.00ms : 0.95;-0.33;-0.29;0.12;-2.20;0.67
56119.00ms : 0.93;-0.32;-0.29;-0.61;-1.59;0.12
56139.00ms : 0.95;-0.30;-0.28;-0.61;-1.89;0.31
56159.00ms : 0.95;-0.29;-0.28;0.49;-1.65;0.24
56179.00ms : 0.94;-0.30;-0.30;1.46;-1.53;0.85
56199.00ms : 0.94;-0.32;-0.29;1.59;-1.22;1.16
56219.00ms : 0.95;-0.31;-0.29;0.00;-1.22;0.43
56239.00ms : 0.94;-0.31;-0.29;-0.06;-0.79;0.31
56259.00ms : 0.94;-0.31;-0.27;0.24;-1.04;1.04
56279.00ms : 0.95;-0.31;-0.29;0.43;-1.16;0.92
56299.00ms : 0.95;-0.31;-0.29;-0.12;-1.16;0.49
56319.00ms : 0.94;-0.30;-0.28;-0.55;-1.46;0.67
56339.00ms : 0.95;-0.30;-0.29;0.00;-1.59;1.04
56359.00ms : 0.94;-0.32;-0.29;0.61;-1.28;0.85
56379.00ms : 0.95;-0.32;-0.29;-0.73;-1.46;0.73
56399.00ms : 0.95;-0.30;-0.29;-1.22;-1.28;0.24
56419.00ms : 0.94;-0.29;-0.28;-0.49;-0.98;0.73
56439.00ms : 0.94;-0.30;-0.29;0.79;-0.73;0.61
56459.00ms : 0.94;-0.29;-0.29;1.83;-0.98;0.18
56479.00ms : 0.95;-0.30;-0.29;1.53;-0.79;1.16
56499.00ms : 0.95;-0.32;-0.30;0.92;-1.16;0.79
56519.00ms : 0.95;-0.33;-0.29;0.31;-1.34;0.85
56539.00ms : 0.95;-0.32;-0.29;-0.73;-1.28;0.61
56559.00ms : 0.95;-0.29;-0.29;-0.18;-1.28;0.55
56579.00ms : 0.95;-0.29;-0.29;1.04;-1.04;0.55
56599.00ms : 0.95;-0.30;-0.29;1.34;-1.46;0.85
56619.00ms : 0.95;-0.32;-0.30;0.98;-1.40;0.55
56639.00ms : 0.94;-0.31;-0.29;0.18;-1.22;0.37
56659.00ms : 0.95;-0.30;-0.28;-0.06;-1.34;0.67
56679.00ms : 0.95;-0.29;-0.29;0.92;-1.77;0.31
56699.00ms : 0.95;-0.31;-0.29;1.71;-1.34;0.73
56719.00ms : 0.94;-0.32;-0.29;0.79;-1.71;0.18
56739.00ms : 0.94;-0.30;-0.29;0.61;-1.83;0.43
56759.00ms : 0.95;-0.30;-0.29;0.06;-1.46;0.61
56779.00ms : 0.94;-0.31;-0.29;-0.37;-1.53;0.79
56799.00ms : 0.94;-0.32;-0.28;-1.10;-1.04;0.31
56819.00ms : 0.95;-0.31;-0.28;-0.85;-1.10;0.37
56839.00ms : 0.95;-0.29;-0.28;-0.43;-1.46;0.55
56859.00ms : 0.95;-0.31;-0.29;0.49;-1.16;1.16
56879.00ms : 0.94;-0.33;-0.28;-0.06;-0.73;0.92
56899.00ms : 0.95;-0.31;-0.29;-0.79;-0.79;0.31
56919.00ms : 0.95;-0.31;-0.29;-1.65;-0.43;0.61
56939.00ms : 0.94;-0.33;-0.28;-3.23;-0.12;0.43
56959.00ms : 0.94;-0.28;-0.29;-3.72;-0.06;-0.43
56979.00ms : 0.96;-0.27;-0.29;-3.23;-0.43;0.18
56999.00ms : 0.96;-0.30;-0.29;-0.92;-2.14;1.40
57019.00ms : 0.93;-0.34;-0.29;-0.55;-1.04;0.79
57039.00ms : 0.94;-0.33;-0.29;-3.17;-1.65;0.61
57059.00ms : 0.95;-0.30;-0.28;-4.27;-1.89;0.18
57079.00ms : 0.95;-0.28;-0.29;-1.95;-1.71;0.12
57099.00ms : 0.94;-0.29;-0.29;0.37;-1.22;0.61
57119.00ms : 0.95;-0.30;-0.28;0.79;-1.10;0.24
57139.00ms : 0.95;-0.30;-0.29;0.49;-1.53;0.49
57159.00ms : 0.94;-0.31;-0.28;0.55;-1.28;0.73
57179.00ms : 0.94;-0.31;-0.29;0.12;-1.34;0.37
57199.00ms : 0.95;-0.31;-0.29;-0.06;-1.40;0.18
57219.00ms : 0.95;-0.30;-0.28;0.12;-1.22;0.24
57239.00ms : 0.94;-0.31;-0.29;-0.31;-1.34;0.06
57259.00ms : 0.95;-0.31;-0.29;-0.79;-1.40;0.49
57279.00ms : 0.95;-0.31;-0.29;-0.85;-1.65;0.12
57299.00ms : 0.94;-0.31;-0.28;-0.92;-1.89;0.12
57319.00ms : 0.94;-0.30;-0.28;-0.55;-1.34;0.06
57339.00ms : 0.95;-0.30;-0.29;-0.73;-1.59;0.49
57359.00ms : 0.94;-0.32;-0.29;-0.49;-1.22;0.24
57379.00ms : 0.94;-0.31;-0.30;-0.73;-1.77;0.49
57399.00ms : 0.95;-0.30;-0.29;-0.55;-1.53;0.43
57419.00ms : 0.95;-0.30;-0.28;0.37;-1.34;0.55
57439.00ms : 0.95;-0.30;-0.29;0.49;-1.89;0.61
57459.00ms : 0.94;-0.30;-0.29;1.04;-1.77;0.49
57479.00ms : 0.94;-0.31;-0.28;0.79;-1.83;0.49
57499.00ms : 0.95;-0.31;-0.29;0.00;-1.95;0.55
57519.00ms : 0.95;-0.31;-0.29;0.00;-1.77;0.43
57539.00ms : 0.95;-0.31;-0.29;-0.18;-2.14;0.55
57559.00ms : 0.95;-0.30;-0.28;0.67;-2.14;0.24
57579.00ms : 0.95;-0.31;-0.29;1.34;-2.32;0.79
57599.00ms : 0.95;-0.31;-0.28;1.65;-2.14;0.73
57619.00ms : 0.94;-0.31;-0.30;1.22;-2.08;0.43
57639.00ms : 0.95;-0.31;-0.29;-0.18;-1.77;0.98
57659.00ms : 0.95;-0.31;-0.28;-0.18;-2.44;0.73
57679.00ms : 0.95;-0.30;-0.28;0.98;-2.38;0.61
57699.00ms : 0.95;-0.31;-0.28;0.85;-2.14;0.73
57719.00ms : 0.95;-0.31;-0.28;0.31;-2.01;0.73
57739.00ms : 0.94;-0.31;-0.28;-0.49;-2.14;0.49
57759.00ms : 0.94;-0.30;-0.28;0.31;-2.14;0.98
57779.00ms : 0.94;-0.30;-0.28;0.85;-1.65;0.85
57799.00ms : 0.95;-0.31;-0.28;0.00;-1.22;0.37
57819.00ms : 0.95;-0.30;-0.28;-0.79;-1.40;0.37
57839.00ms : 0.94;-0.30;-0.28;-0.61;-0.98;0.37
57859.00ms : 0.95;-0.31;-0.28;-0.55;-1.34;0.79
57879.00ms : 0.95;-0.32;-0.28;0.24;-1.34;1.04
57899.00ms : 0.94;-0.33;-0.27;-0.67;-1.10;0.98
57919.00ms : 0.94;-0.32;-0.29;-1.22;-1.46;1.22
57939.00ms : 0.95;-0.31;-0.28;-0.92;-1.71;1.59
57959.00ms : 0.95;-0.29;-0.28;-0.24;-1.59;1.28
57979.00ms : 0.94;-0.29;-0.28;0.06;-1.40;1.40
57999.00ms : 0.94;-0.28;-0.28;0.55;-0.98;1.40
58019.00ms : 0.95;-0.26;-0.25;-0.98;-2.81;3.11
58039.00ms : 0.95;-0.29;-0.29;-1.28;-2.62;1.83
58059.00ms : 0.94;-0.28;-0.28;0.73;-0.98;1.46
58079.00ms : 0.94;-0.32;-0.28;0.85;-0.92;1.53
58099.00ms : 0.95;-0.33;-0.29;0.06;-0.73;0.49
58119.00ms : 0.95;-0.34;-0.29;0.31;-0.98;0.49
58139.00ms : 0.95;-0.33;-0.28;0.73;-1.10;1.34
58159.00ms : 0.95;-0.33;-0.28;0.31;-1.22;1.46
58179.00ms : 0.95;-0.32;-0.28;-0.24;-1.53;1.46
58199.00ms : 0.94;-0.30;-0.28;-0.67;-0.61;1.40
58219.00ms : 0.94;-0.28;-0.28;-0.06;-0.12;0.98
58239.00ms : 0.95;-0.26;-0.28;1.59;-0.06;1.16
58259.00ms : 0.96;-0.26;-0.27;1.22;-1.34;2.01
58279.00ms : 0.95;-0.29;-0.28;1.10;-2.87;2.99
58299.00ms : 0.94;-0.31;-0.28;1.89;-2.20;2.56
58319.00ms : 0.94;-0.31;-0.28;1.28;-1.40;2.32
58339.00ms : 0.96;-0.31;-0.28;-0.31;-1.59;1.59
58359.00ms : 0.95;-0.31;-0.28;-1.59;-1.34;0.73
58379.00ms : 0.94;-0.31;-0.29;-1.71;-1.04;0.85
58399.00ms : 0.95;-0.30;-0.29;-1.10;-0.98;0.67
58419.00ms : 0.95;-0.29;-0.28;-0.61;-0.67;0.55
58439.00ms : 0.95;-0.28;-0.28;0.61;-0.55;0.55
58459.00ms : 0.95;-0.27;-0.29;1.28;0.00;0.43
58479.00ms : 0.95;-0.29;-0.29;0.98;-0.12;0.31
58499.00ms : 0.94;-0.28;-0.28;0.73;-0.37;0.00
58519.00ms : 0.95;-0.28;-0.28;1.71;-0.18;-0.06
58539.00ms : 0.95;-0.29;-0.28;1.95;-0.73;0.06
58559.00ms : 0.96;-0.30;-0.29;1.71;-1.40;0.92
58579.00ms : 0.95;-0.32;-0.28;0.92;-1.16;0.31
58599.00ms : 0.94;-0.31;-0.28;0.24;-1.46;-0.12
58619.00ms : 0.95;-0.29;-0.29;0.12;-1.16;0.12
58639.00ms : 0.95;-0.29;-0.28;0.43;-1.40;0.37
58659.00ms : 0.95;-0.29;-0.29;0.67;-1.28;0.43
58679.00ms : 0.95;-0.29;-0.28;1.46;-1.46;0.12
58699.00ms : 0.95;-0.30;-0.29;1.89;-1.46;0.73
58719.00ms : 0.95;-0.30;-0.28;2.38;-2.14;0.55
58739.00ms : 0.95;-0.31;-0.28;1.77;-1.77;0.67
58759.00ms : 0.95;-0.30;-0.29;0.61;-1.46;0.43
58779.00ms : 0.94;-0.31;-0.27;0.24;-1.04;0.12
58799.00ms : 0.95;-0.29;-0.28;0.06;-1.10;0.37
58819.00ms : 0.95;-0.30;-0.28;-0.37;-1.22;-0.31
58839.00ms : 0.95;-0.31;-0.28;-0.24;-0.92;0.37
58859.00ms : 0.95;-0.30;-0.29;-0.73;-1.28;0.24
58879.00ms : 0.95;-0.30;-0.28;-0.92;-1.34;-0.06
58899.00ms : 0.95;-0.28;-0.29;-0.24;-1.95;0.31
58919.00ms : 0.95;-0.28;-0.29;0.67;-1.22;0.37
58939.00ms : 0.95;-0.29;-0.29;0.24;-0.98;0.37
58959.00ms : 0.95;-0.30;-0.28;0.24;-1.34;0.18
58979.00ms : 0.95;-0.29;-0.28;0.67;-1.71;-0.06
58999.00ms : 0.95;-0.30;-0.28;1.34;-1.34;0.37
59019.00ms : 0.95;-0.31;-0.28;1.10;-1.34;0.12
59039.00ms : 0.95;-0.30;-0.29;0.24;-1.53;0.24
59059.00ms : 0.96;-0.30;-0.29;-0.37;-1.65;0.00
59079.00ms : 0.95;-0.30;-0.28;-1.28;-0.98;-0.67
59099.00ms : 0.95;-0.31;-0.27;-2.26;-0.61;-0.85
59119.00ms : 0.95;-0.33;-0.27;-4.33;-0.18;-1.10
59139.00ms : 0.94;-0.34;-0.28;-6.84;-0.37;-0.49
59159.00ms : 0.94;-0.32;-0.27;-8.18;0.18;-0.61
59179.00ms : 0.95;-0.29;-0.28;-5.31;-0.61;0.24
59199.00ms : 0.96;-0.27;-0.28;-1.59;-0.92;1.71
59219.00ms : 0.95;-0.28;-0.28;1.71;-0.73;1.77
59239.00ms : 0.94;-0.29;-0.28;2.81;-0.37;1.83
59259.00ms : 0.95;-0.28;-0.29;2.38;0.06;1.34
59279.00ms : 0.95;-0.27;-0.28;2.69;0.12;0.85
59299.00ms : 0.95;-0.28;-0.29;3.66;0.06;0.67
59319.00ms : 0.95;-0.29;-0.29;4.03;-0.06;0.73
59339.00ms : 0.95;-0.32;-0.30;3.11;-0.18;1.10
59359.00ms : 0.95;-0.33;-0.29;1.28;-0.31;1.04
59379.00ms : 0.96;-0.33;-0.28;-0.85;-0.61;0.85
59399.00ms : 0.95;-0.31;-0.28;-0.85;-1.34;0.73
59419.00ms : 0.96;-0.28;-0.29;0.37;-1.46;1.10
59439.00ms : 0.95;-0.31;-0.29;0.31;-0.79;1.77
59459.00ms : 0.95;-0.32;-0.29;-1.77;-1.16;1.16
59479.00ms : 0.95;-0.30;-0.28;-2.32;-1.16;0.49
59499.00ms : 0.96;-0.28;-0.28;-1.46;-1.40;0.67
59519.00ms : 0.95;-0.27;-0.30;0.61;-1.28;0.92
59539.00ms : 0.95;-0.28;-0.30;1.71;-1.53;1.40
59559.00ms : 0.95;-0.31;-0.29;1.59;-1.83;1.53
59579.00ms : 0.95;-0.30;-0.29;0.73;-1.71;0.31
59599.00ms : 0.95;-0.29;-0.29;0.61;-1.71;0.73
59619.00ms : 0.95;-0.30;-0.29;-0.55;-1.59;0.61
59639.00ms : 0.95;-0.30;-0.28;-0.79;-1.53;0.61
59659.00ms : 0.95;-0.28;-0.29;0.18;-1.77;-0.06
59679.00ms : 0.94;-0.28;-0.30;0.61;-0.79;0.43
59699.00ms : 0.95;-0.31;-0.28;0.18;-0.98;0.31
59719.00ms : 0.95;-0.30;-0.28;-0.06;-1.40;0.31
59739.00ms : 0.95;-0.28;-0.29;1.46;-1.46;0.24
59759.00ms : 0.95;-0.30;-0.29;1.40;-0.61;0.37
59779.00ms : 0.95;-0.31;-0.29;0.00;-0.98;0.06
59799.00ms : 0.96;-0.30;-0.29;-0.61;-1.77;0.24
59819.00ms : 0.96;-0.29;-0.30;0.31;-1.77;0.31
59839.00ms : 0.94;-0.30;-0.28;0.55;-1.16;0.31
59859.00ms : 0.94;-0.31;-0.29;-1.28;-0.18;-0.06
59879.00ms : 0.94;-0.30;-0.28;-3.05;-0.24;-0.55
59899.00ms : 0.95;-0.29;-0.29;-2.26;-0.85;-0.37
59919.00ms : 0.95;-0.29;-0.29;-0.67;-0.85;0.00
59939.00ms : 0.96;-0.31;-0.29;-1.28;-1.04;0.24
59959.00ms : 0.94;-0.31;-0.28;-2.87;-0.85;-0.37
59979.00ms : 0.95;-0.30;-0.28;-4.76;-1.46;-0.92
59999.00ms : 0.96;-0.27;-0.29;-3.30;-1.77;-0.43
60019.00ms : 0.95;-0.28;-0.28;-0.49;-2.14;-0.06
60039.00ms : 0.96;-0.28;-0.29;1.95;-2.62;0.92
60059.00ms : 0.94;-0.31;-0.27;2.99;-2.01;0.55
60079.00ms : 0.94;-0.30;-0.28;2.75;-2.01;0.24
60099.00ms : 0.95;-0.30;-0.29;2.26;-1.83;0.31
60119.00ms : 0.95;-0.30;-0.30;2.50;-1.95;0.18
60139.00ms : 0.95;-0.31;-0.29;1.53;-1.83;0.43
60159.00ms : 0.94;-0.30;-0.28;2.14;-1.53;-0.61
60179.00ms : 0.95;-0.28;-0.29;1.77;-1.83;0.06
60199.00ms : 0.96;-0.29;-0.28;1.10;-1.77;-0.79
60219.00ms : 0.95;-0.31;-0.28;0.06;-1.53;-0.85
60239.00ms : 0.95;-0.32;-0.29;-1.59;-2.01;-0.79
60259.00ms : 0.94;-0.31;-0.29;-1.59;-1.77;-1.10
60279.00ms : 0.95;-0.30;-0.29;-0.79;-1.95;-0.31
60299.00ms : 0.96;-0.29;-0.28;0.61;-1.77;-0.37
60319.00ms : 0.95;-0.31;-0.28;0.85;-1.95;0.12
60339.00ms : 0.94;-0.31;-0.28;0.00;-1.59;0.43
60359.00ms : 0.94;-0.30;-0.28;0.12;-1.59;-0.18
60379.00ms : 0.95;-0.30;-0.28;0.12;-1.71;0.12
60399.00ms : 0.95;-0.28;-0.29;0.98;-1.89;0.49
60419.00ms : 0.95;-0.31;-0.28;1.34;-1.89;0.92
60439.00ms : 0.94;-0.32;-0.29;1.16;-1.59;0.79
60459.00ms : 0.94;-0.31;-0.28;0.06;-1.65;0.31
60479.00ms : 0.95;-0.29;-0.29;0.18;-1.28;0.31
60499.00ms : 0.95;-0.28;-0.28;0.98;-1.28;0.24
60519.00ms : 0.95;-0.30;-0.29;1.22;-0.92;0.73
60539.00ms : 0.94;-0.32;-0.27;0.67;-0.85;0.55
60559.00ms : 0.95;-0.31;-0.28;0.98;-0.98;0.31
60579.00ms : 0.94;-0.30;-0.27;0.85;-0.61;0.61
60599.00ms : 0.95;-0.31;-0.29;0.31;-1.16;0.73
60619.00ms : 0.95;-0.31;-0.28;0.18;-1.10;0.98
60639.00ms : 0.94;-0.30;-0.28;0.18;-0.79;0.79
60659.00ms : 0.95;-0.31;-0.28;-0.18;-0.67;0.85
60679.00ms : 0.95;-0.30;-0.29;0.06;-0.92;1.10
60699.00ms : 0.95;-0.31;-0.28;0.43;-1.16;1.16
60719.00ms : 0.94;-0.30;-0.29;0.06;-0.55;1.10
60739.00ms : 0.95;-0.30;-0.28;0.37;-0.67;0.49
60759.00ms : 0.95;-0.29;-0.28;0.61;-0.79;0.79
60779.00ms : 0.94;-0.28;-0.29;1.46;-0.85;0.67
60799.00ms : 0.95;-0.29;-0.29;2.56;-0.79;0.79
60819.00ms : 0.95;-0.30;-0.28;2.87;-0.79;0.61
60839.00ms : 0.95;-0.31;-0.29;2.50;-1.10;0.37
60859.00ms : 0.95;-0.30;-0.28;2.69;-1.22;0.61
60879.00ms : 0.95;-0.31;-0.29;2.38;-1.34;0.37
