76019.00ms : 0.97;-0.14;-0.32;0.85;3.78;-4.88
76038.00ms : 0.82;-0.11;-0.26;-7.87;-0.37;3.48
76058.00ms : 1.01;-0.19;-0.32;-13.06;2.38;-4.58
76078.00ms : 0.99;-0.15;-0.36;-17.52;-1.46;-5.07
76098.00ms : 0.95;-0.13;-0.37;-15.69;0.92;-7.81
76118.00ms : 1.00;-0.10;-0.31;-15.08;-2.44;-1.59
76138.00ms : 0.98;-0.15;-0.37;-20.63;-7.02;4.27
76158.00ms : 1.00;-0.04;-0.31;-7.57;-1.34;-11.90
76178.00ms : 1.01;-0.09;-0.32;-4.33;-3.85;-6.59
76198.00ms : 0.98;-0.12;-0.33;-1.77;-4.76;-8.36
76218.00ms : 0.98;-0.12;-0.31;-1.34;-4.15;-10.31
76238.00ms : 0.98;-0.11;-0.31;-0.55;-4.15;-11.11
76258.00ms : 0.98;-0.11;-0.31;1.53;-3.54;-12.82
76278.00ms : 0.99;-0.15;-0.32;2.56;-5.25;-12.57
76298.00ms : 0.99;-0.17;-0.32;2.44;-6.16;-10.68
76318.00ms : 0.98;-0.21;-0.32;5.13;-7.20;-10.74
76338.00ms : 0.96;-0.24;-0.32;5.37;-6.10;-11.72
76358.00ms : 0.98;-0.24;-0.31;2.32;-6.10;-11.84
76378.00ms : 0.96;-0.26;-0.30;-0.55;-5.25;-11.47
76398.00ms : 0.96;-0.29;-0.30;-6.23;-5.00;-11.23
76418.00ms : 0.96;-0.25;-0.31;-9.77;-5.86;-13.18
76438.00ms : 0.97;-0.18;-0.31;-12.21;-4.52;-12.08
76458.00ms : 0.97;-0.24;-0.28;-11.47;-2.20;-12.21
76478.00ms : 0.97;-0.25;-0.28;-11.60;-3.17;-14.10
76498.00ms : 0.96;-0.23;-0.31;-12.08;-4.27;-12.45
76518.00ms : 0.97;-0.23;-0.31;-10.19;-4.52;-10.07
76538.00ms : 0.96;-0.24;-0.31;-8.06;-4.27;-9.22
76558.00ms : 0.95;-0.24;-0.31;-5.55;-3.23;-10.56
76578.00ms : 0.98;-0.26;-0.26;-7.02;-3.78;-8.91
76598.00ms : 1.00;-0.23;-0.27;-6.41;-6.29;-10.07
76618.00ms : 0.97;-0.16;-0.29;-0.79;-7.39;-9.52
76638.00ms : 0.92;-0.19;-0.29;6.59;-5.62;-8.30
76658.00ms : 0.97;-0.27;-0.28;7.51;-6.23;-7.69
76678.00ms : 1.03;-0.27;-0.26;5.68;-9.28;-6.71
76698.00ms : 0.98;-0.28;-0.28;9.22;-11.41;-8.91
76718.00ms : 0.91;-0.19;-0.19;14.28;-13.37;-8.48
76738.00ms : 0.92;-0.33;-0.29;19.29;-13.49;-7.32
76758.00ms : 0.96;-0.25;-0.32;17.40;-12.51;-4.09
76778.00ms : 0.98;-0.33;-0.31;15.38;-11.96;-3.36
76798.00ms : 0.97;-0.32;-0.29;11.54;-11.29;-4.52
76818.00ms : 0.94;-0.28;-0.26;7.26;-10.38;-3.23
76838.00ms : 0.91;-0.26;-0.25;6.65;-8.48;-3.85
76858.00ms : 0.91;-0.26;-0.24;6.23;-7.81;-3.23
76878.00ms : 0.99;-0.23;-0.26;6.59;-10.56;-2.08
76898.00ms : 0.98;-0.23;-0.27;6.96;-8.54;-3.54
76918.00ms : 0.93;-0.27;-0.26;2.14;-5.92;-4.46
76938.00ms : 0.93;-0.35;-0.23;-2.32;-6.10;-2.69
76958.00ms : 0.90;-0.39;-0.26;-3.36;-6.29;-2.81
76978.00ms : 0.89;-0.39;-0.27;-5.25;-5.49;-3.11
76998.00ms : 0.92;-0.37;-0.26;-9.16;-7.02;-2.56
77018.00ms : 0.94;-0.31;-0.25;-9.83;-7.51;-1.95
77038.00ms : 0.97;-0.30;-0.23;-3.60;-8.12;-0.06
77058.00ms : 0.94;-0.31;-0.23;-0.55;-4.88;-1.65
77078.00ms : 0.93;-0.29;-0.23;-4.46;-4.70;-3.91
77098.00ms : 0.96;-0.33;-0.22;-10.50;-3.91;-4.46
77118.00ms : 1.04;-0.32;-0.20;-10.68;-7.32;-8.12
77138.00ms : 1.10;-0.23;-0.16;-6.47;-10.38;-12.82
77158.00ms : 1.11;-0.09;-0.25;-10.44;-14.28;-15.50
77178.00ms : 1.12;0.04;-0.25;-7.57;-15.93;-12.51
77198.00ms : 1.15;0.10;-0.28;25.88;-21.48;-6.04
77218.00ms : 1.10;0.11;-0.24;72.63;-26.06;-1.59
77238.00ms : 1.11;0.01;-0.23;115.97;-29.24;2.62
77258.00ms : 1.12;-0.17;-0.33;146.97;-34.79;6.77
77278.00ms : 1.10;-0.26;-0.58;169.98;-38.39;13.00
77298.00ms : 1.12;-0.09;-0.49;184.69;-50.29;23.86
77318.00ms : 1.06;-0.19;-0.24;207.95;-68.91;24.48
77338.00ms : 0.90;-0.24;-0.35;223.02;-62.13;5.25
77358.00ms : 0.96;-0.09;-0.52;224.98;-60.06;4.52
77378.00ms : 1.10;-0.18;-0.54;238.77;-66.04;8.97
77398.00ms : 1.07;-0.25;-0.49;262.33;-79.04;3.36
77418.00ms : 0.97;-0.15;-0.56;273.07;-96.37;2.50
77438.00ms : 0.97;0.02;-0.60;288.33;-108.70;5.80
77458.00ms : 0.97;0.11;-0.49;309.27;-121.22;12.33
77478.00ms : 0.96;-0.14;-0.43;329.71;-129.64;15.69
77498.00ms : 1.09;-0.26;-0.62;343.75;-146.61;8.54
77518.00ms : 1.11;-0.13;-0.79;347.84;-159.79;-2.62
77538.00ms : 1.00;-0.33;-0.90;331.54;-160.03;-7.51
77558.00ms : 1.08;-0.59;-0.93;306.15;-163.15;2.01
77578.00ms : 1.09;-0.55;-0.97;282.10;-177.67;-1.89
77598.00ms : 1.04;-0.35;-1.02;266.85;-189.51;-9.89
77618.00ms : 0.94;-0.11;-1.05;279.60;-202.88;0.00
77638.00ms : 0.90;-0.17;-1.09;318.30;-200.32;15.93
77658.00ms : 0.73;-0.49;-1.07;337.52;-185.91;12.33
77678.00ms : 0.67;-0.89;-1.09;311.34;-162.11;6.71
77698.00ms : 0.75;-1.02;-0.92;251.89;-148.93;-1.04
77718.00ms : 0.79;-0.84;-1.02;192.81;-141.42;-10.74
77738.00ms : 0.73;-0.66;-1.08;162.90;-128.48;-2.50
77758.00ms : 0.64;-0.72;-0.94;139.59;-109.07;19.96
77778.00ms : 0.62;-0.60;-0.75;120.42;-92.35;39.67
77798.00ms : 0.63;-0.61;-0.70;111.51;-78.86;59.20
77818.00ms : 0.71;-0.73;-0.77;114.81;-72.27;76.60
77838.00ms : 0.77;-0.89;-0.30;110.11;-73.91;61.22
77858.00ms : 0.90;-1.05;-0.35;111.94;-84.90;12.76
77878.00ms : 0.75;-0.73;-0.59;107.73;-72.88;-10.99
77898.00ms : 0.73;-0.73;-0.54;114.93;-71.90;6.35
77918.00ms : 0.82;-0.74;-0.50;114.07;-74.77;13.61
77938.00ms : 0.84;-0.59;-0.50;100.40;-79.04;25.27
77958.00ms : 0.82;-0.62;-0.45;106.93;-84.29;36.13
77978.00ms : 0.83;-0.64;-0.41;117.37;-82.46;47.85
77998.00ms : 0.91;-0.65;-0.35;123.96;-85.51;50.23
78018.00ms : 0.90;-0.66;-0.37;128.30;-78.92;38.64
78038.00ms : 0.82;-0.95;-0.34;118.41;-62.26;29.05
78058.00ms : 0.73;-0.91;-0.27;87.34;-48.16;9.03
78078.00ms : 0.71;-0.70;-0.37;60.97;-40.83;0.98
78098.00ms : 0.70;-0.65;-0.51;44.13;-38.02;3.17
78118.00ms : 0.66;-0.79;-0.27;20.02;-23.25;-10.93
78138.00ms : 0.67;-0.74;-0.27;-12.70;-17.82;-15.44
78158.00ms : 0.82;-0.51;-0.35;-30.33;-14.89;-7.20
78178.00ms : 0.93;-0.44;-0.40;-29.24;-12.39;-5.13
78198.00ms : 0.93;-0.28;-0.36;-27.34;-13.18;-6.47
78218.00ms : 0.91;-0.19;-0.40;-11.41;-20.45;5.07
78238.00ms : 0.87;-0.21;-0.35;15.44;-26.73;19.10
78258.00ms : 0.94;-0.39;-0.37;44.19;-34.85;26.92
78278.00ms : 1.00;-0.36;-0.32;59.08;-41.38;20.51
78298.00ms : 0.92;-0.44;-0.36;71.17;-38.70;9.64
78318.00ms : 0.85;-0.48;-0.35;70.74;-35.34;8.06
78338.00ms : 0.88;-0.50;-0.36;60.73;-35.46;13.43
78358.00ms : 0.95;-0.46;-0.31;49.19;-35.95;9.52
78378.00ms : 0.99;-0.22;-0.32;54.20;-41.08;8.06
78398.00ms : 0.97;-0.16;-0.34;79.77;-42.97;11.66
78418.00ms : 0.95;-0.26;-0.39;103.58;-44.49;14.71
78438.00ms : 0.86;-0.40;-0.31;106.81;-42.48;13.37
78458.00ms : 0.90;-0.47;-0.22;97.17;-50.11;19.17
78478.00ms : 0.97;-0.40;-0.19;91.25;-58.90;18.13
78498.00ms : 1.03;-0.29;-0.23;103.21;-66.71;19.41
78518.00ms : 1.04;-0.36;-0.29;121.89;-67.44;20.39
78538.00ms : 0.99;-0.36;-0.41;143.80;-70.62;20.20
78558.00ms : 0.99;-0.36;-0.44;153.81;-70.43;19.29
78578.00ms : 0.92;-0.51;-0.47;156.19;-66.04;13.73
78598.00ms : 0.88;-0.57;-0.53;144.78;-62.44;10.25
78618.00ms : 0.88;-0.55;-0.56;132.45;-63.60;10.56
78638.00ms : 0.91;-0.39;-0.54;128.36;-67.63;11.41
78658.00ms : 0.91;-0.33;-0.49;139.34;-72.63;15.50
78678.00ms : 0.88;-0.36;-0.43;157.71;-73.36;18.92
78698.00ms : 0.90;-0.46;-0.44;171.81;-78.37;22.09
78718.00ms : 0.91;-0.47;-0.47;180.48;-86.18;22.16
78738.00ms : 0.92;-0.42;-0.50;185.00;-94.30;22.09
78758.00ms : 0.93;-0.40;-0.49;189.70;-98.21;22.89
78778.00ms : 0.90;-0.43;-0.43;194.15;-97.72;18.98
78798.00ms : 0.93;-0.48;-0.49;195.56;-100.71;13.67
78818.00ms : 1.00;-0.45;-0.60;195.86;-105.53;11.54
78838.00ms : 1.01;-0.39;-0.57;198.73;-108.22;12.88
78858.00ms : 0.95;-0.45;-0.54;206.18;-110.23;15.56
78878.00ms : 0.90;-0.52;-0.54;208.37;-113.34;19.47
78898.00ms : 0.91;-0.55;-0.54;208.01;-114.62;18.31
78918.00ms : 0.91;-0.49;-0.58;204.16;-117.37;17.33
78938.00ms : 0.90;-0.42;-0.59;202.64;-118.53;22.09
78958.00ms : 0.87;-0.48;-0.55;205.08;-115.54;22.95
78978.00ms : 0.84;-0.54;-0.57;202.15;-113.65;20.08
78998.00ms : 0.85;-0.47;-0.58;194.70;-111.45;19.23
79018.00ms : 0.87;-0.44;-0.57;185.91;-107.91;20.51
79038.00ms : 0.89;-0.43;-0.56;179.99;-105.53;21.42
79058.00ms : 0.91;-0.45;-0.55;177.19;-100.89;21.61
79078.00ms : 0.91;-0.39;-0.55;174.01;-96.92;20.87
79098.00ms : 0.99;-0.36;-0.55;169.19;-88.56;20.63
79118.00ms : 0.92;-0.46;-0.50;166.02;-89.66;21.55
79138.00ms : 0.93;-0.47;-0.51;157.90;-89.23;21.18
79158.00ms : 0.93;-0.45;-0.49;149.60;-88.13;22.16
79178.00ms : 0.93;-0.41;-0.49;146.36;-88.87;21.24
79198.00ms : 0.93;-0.42;-0.50;145.32;-88.26;21.36
79218.00ms : 0.91;-0.48;-0.49;144.04;-86.24;21.61
79238.00ms : 0.87;-0.50;-0.53;135.99;-80.81;19.53
79258.00ms : 0.85;-0.53;-0.49;123.60;-74.46;17.40
79278.00ms : 0.86;-0.59;-0.50;108.40;-71.59;13.92
79298.00ms : 0.89;-0.52;-0.51;95.52;-69.64;10.74
79318.00ms : 0.86;-0.49;-0.53;89.60;-64.64;6.23
79338.00ms : 0.81;-0.53;-0.47;83.25;-54.44;0.61
79358.00ms : 0.81;-0.55;-0.44;74.40;-50.35;-1.34
79378.00ms : 0.84;-0.59;-0.43;65.67;-47.97;-5.25
79398.00ms : 0.83;-0.54;-0.40;59.02;-45.65;-6.23
79418.00ms : 0.82;-0.57;-0.40;52.86;-42.36;-4.27
79438.00ms : 0.81;-0.55;-0.43;46.57;-37.60;-5.37
79458.00ms : 0.78;-0.59;-0.42;34.85;-28.69;-6.35
79478.00ms : 0.80;-0.63;-0.41;16.30;-22.22;-2.14
79498.00ms : 0.82;-0.62;-0.37;-10.68;-15.26;2.93
79518.00ms : 0.77;-0.67;-0.28;-43.15;-9.64;8.12
79538.00ms : 0.73;-0.69;-0.12;-60.79;-14.28;17.09
79558.00ms : 0.64;-0.70;-0.13;-70.19;-16.48;15.14
79578.00ms : 0.83;-0.62;-0.59;-80.99;-10.62;5.80
79598.00ms : 1.07;-0.50;-0.67;-70.07;5.00;-9.46
79618.00ms : 0.98;-0.65;-0.47;-49.62;17.82;-27.83
79638.00ms : 0.73;-0.52;-0.44;-50.29;11.54;2.93
79658.00ms : 0.72;-0.48;-0.51;-70.37;16.60;28.32
79678.00ms : 0.91;-0.53;-0.36;-69.27;20.69;22.46
79698.00ms : 1.05;-0.49;-0.19;-63.29;19.71;10.50
79718.00ms : 0.96;-0.43;-0.14;-59.45;10.99;12.76
79738.00ms : 0.90;-0.26;-0.24;-53.83;8.24;22.58
79758.00ms : 0.98;-0.24;-0.30;-44.80;6.59;29.48
79778.00ms : 1.02;-0.33;-0.26;-35.34;6.71;19.59
79798.00ms : 0.98;-0.29;-0.24;-32.59;7.45;11.78
79818.00ms : 0.98;-0.24;-0.25;-34.24;9.09;11.66
79838.00ms : 0.94;-0.23;-0.21;-30.09;6.84;10.31
79858.00ms : 0.95;-0.25;-0.21;-18.25;5.86;4.88
79878.00ms : 1.00;-0.26;-0.16;-12.39;6.47;3.60
79898.00ms : 0.98;-0.24;-0.22;-7.69;6.16;4.94
79918.00ms : 0.93;-0.36;-0.22;-4.64;5.80;4.76
79938.00ms : 0.90;-0.39;-0.24;-7.08;2.81;4.70
79958.00ms : 0.93;-0.34;-0.25;-4.64;1.71;4.76
79978.00ms : 0.93;-0.35;-0.23;0.55;0.31;7.32
79998.00ms : 0.91;-0.39;-0.24;2.44;-0.61;8.73
80018.00ms : 0.92;-0.39;-0.22;-1.77;-2.62;9.03
80038.00ms : 0.90;-0.33;-0.21;-5.00;-3.17;9.16
80058.00ms : 0.91;-0.23;-0.19;-5.86;-2.32;7.87
80078.00ms : 0.95;-0.23;-0.19;-0.92;-5.13;9.46
80098.00ms : 0.95;-0.30;-0.20;8.73;-4.52;8.67
80118.00ms : 0.95;-0.32;-0.22;11.90;-0.85;4.82
80138.00ms : 0.95;-0.31;-0.23;8.48;0.92;4.21
80158.00ms : 0.95;-0.32;-0.21;7.32;0.00;4.52
80178.00ms : 0.94;-0.35;-0.21;10.19;-2.44;5.86
80198.00ms : 0.93;-0.37;-0.23;16.24;-0.98;7.20
80218.00ms : 0.93;-0.35;-0.24;14.83;0.73;7.08
80238.00ms : 0.92;-0.39;-0.24;7.51;1.95;6.23
80258.00ms : 0.91;-0.38;-0.23;1.10;2.38;5.13
80278.00ms : 0.93;-0.33;-0.24;-2.08;3.17;3.72
80298.00ms : 0.94;-0.31;-0.25;-3.85;2.56;2.93
80318.00ms : 0.91;-0.33;-0.26;-3.42;3.54;2.93
80338.00ms : 0.92;-0.34;-0.23;-3.66;3.72;3.60
80358.00ms : 0.94;-0.33;-0.24;-2.87;3.05;4.15
80378.00ms : 0.94;-0.32;-0.24;-1.46;3.42;3.78
80398.00ms : 0.95;-0.33;-0.24;-1.16;4.76;3.78
80418.00ms : 0.95;-0.33;-0.25;-3.72;4.82;3.23
80438.00ms : 0.94;-0.36;-0.25;-7.51;4.33;2.81
80458.00ms : 0.94;-0.34;-0.26;-10.07;3.78;2.44
80478.00ms : 0.95;-0.30;-0.27;-11.84;3.78;1.71
80498.00ms : 0.94;-0.30;-0.25;-13.24;3.30;1.89
80518.00ms : 0.93;-0.29;-0.25;-11.47;1.83;3.36
80538.00ms : 0.93;-0.28;-0.25;-6.65;2.01;2.26
80558.00ms : 0.96;-0.24;-0.26;-1.77;2.44;2.20
80578.00ms : 0.95;-0.23;-0.25;2.01;2.38;3.42
80598.00ms : 0.94;-0.31;-0.24;5.80;1.53;3.91
80618.00ms : 0.93;-0.31;-0.26;8.91;1.16;3.66
80638.00ms : 0.94;-0.30;-0.26;10.80;1.16;3.85
80658.00ms : 0.97;-0.30;-0.27;10.07;0.37;4.94
80678.00ms : 0.96;-0.32;-0.26;8.67;-1.53;6.16
80698.00ms : 0.93;-0.32;-0.27;9.77;-1.53;5.98
80718.00ms : 0.94;-0.32;-0.27;9.58;-1.77;5.74
80738.00ms : 0.94;-0.26;-0.27;4.52;-1.28;4.27
80758.00ms : 0.95;-0.26;-0.26;3.72;-1.40;5.62
80778.00ms : 0.94;-0.32;-0.26;5.80;-2.32;5.68
80798.00ms : 0.93;-0.32;-0.27;4.82;-1.46;3.48
80818.00ms : 0.94;-0.28;-0.27;4.33;-0.31;3.23
80838.00ms : 0.95;-0.28;-0.25;5.55;-0.24;3.05
80858.00ms : 0.95;-0.28;-0.26;4.52;0.24;2.93
80878.00ms : 0.95;-0.34;-0.25;7.20;-1.53;4.09
80898.00ms : 0.94;-0.32;-0.27;8.79;-1.04;1.95
80918.00ms : 0.95;-0.32;-0.26;5.43;0.67;1.89
80938.00ms : 0.95;-0.31;-0.27;0.61;-0.49;2.75
80958.00ms : 0.94;-0.30;-0.27;0.79;-0.73;2.14
80978.00ms : 0.95;-0.30;-0.26;2.38;-0.73;1.83
80998.00ms : 0.94;-0.27;-0.28;3.42;-0.31;0.92
81018.00ms : 0.95;-0.27;-0.27;3.30;0.43;1.22
81038.00ms : 0.95;-0.29;-0.28;3.66;-0.37;1.46
81058.00ms : 0.95;-0.30;-0.28;4.03;-0.61;0.79
81078.00ms : 0.95;-0.31;-0.28;4.39;-0.67;0.67
81098.00ms : 0.95;-0.31;-0.28;2.99;-0.18;0.31
81118.00ms : 0.94;-0.30;-0.28;2.32;0.06;0.43
81138.00ms : 0.96;-0.29;-0.27;2.69;-0.55;1.22
81158.00ms : 0.95;-0.29;-0.28;3.48;-1.04;2.32
81178.00ms : 0.94;-0.29;-0.28;3.78;-0.24;1.34
81198.00ms : 0.95;-0.29;-0.27;3.36;0.12;1.46
81218.00ms : 0.95;-0.29;-0.28;2.87;-0.85;1.46
81238.00ms : 0.96;-0.30;-0.29;3.97;-1.10;1.59
81258.00ms : 0.94;-0.30;-0.29;4.21;-0.98;1.28
81278.00ms : 0.94;-0.29;-0.27;3.42;-0.49;1.04
81298.00ms : 0.95;-0.28;-0.27;3.23;0.00;0.73
81318.00ms : 0.96;-0.29;-0.28;3.11;-0.55;1.34
81338.00ms : 0.95;-0.31;-0.29;4.27;-0.92;1.83
81358.00ms : 0.95;-0.29;-0.29;4.46;-0.37;0.67
81378.00ms : 0.95;-0.30;-0.28;3.66;-0.49;1.34
81398.00ms : 0.94;-0.30;-0.28;3.11;-0.24;1.34
81418.00ms : 0.96;-0.29;-0.29;2.44;-0.79;0.98
81438.00ms : 0.95;-0.30;-0.28;2.75;-1.40;1.83
81458.00ms : 0.94;-0.30;-0.28;2.56;-1.04;1.16
81478.00ms : 0.95;-0.28;-0.28;1.95;-0.67;1.04
81498.00ms : 0.96;-0.29;-0.28;1.71;-1.10;1.77
81518.00ms : 0.95;-0.30;-0.28;1.53;-1.16;1.77
81538.00ms : 0.94;-0.28;-0.28;2.32;-1.28;1.28
81558.00ms : 0.95;-0.27;-0.28;2.38;-1.10;1.65
81578.00ms : 0.95;-0.29;-0.28;2.87;-0.79;1.65
81598.00ms : 0.95;-0.31;-0.28;2.08;-0.79;1.28
81618.00ms : 0.95;-0.31;-0.29;1.59;-0.98;1.22
81638.00ms : 0.96;-0.29;-0.28;0.92;-1.22;1.34
81658.00ms : 0.95;-0.27;-0.28;2.08;-1.53;1.65
81678.00ms : 0.95;-0.28;-0.29;2.44;-0.55;1.53
81698.00ms : 0.95;-0.30;-0.28;1.77;-1.46;1.40
81718.00ms : 0.95;-0.30;-0.28;0.49;-1.04;1.04
81738.00ms : 0.95;-0.29;-0.28;1.04;-1.53;1.22
81758.00ms : 0.95;-0.30;-0.28;1.10;-0.73;1.71
81778.00ms : 0.96;-0.29;-0.28;0.85;-1.40;1.04
81798.00ms : 0.95;-0.27;-0.28;1.53;-1.16;1.04
81818.00ms : 0.96;-0.27;-0.29;2.50;-0.98;1.46
81838.00ms : 0.95;-0.30;-0.29;2.44;-1.22;1.40
81858.00ms : 0.95;-0.31;-0.29;1.59;-1.46;1.22
81878.00ms : 0.95;-0.29;-0.29;1.34;-1.22;0.98
81898.00ms : 0.96;-0.28;-0.29;1.77;-1.53;1.71
81918.00ms : 0.95;-0.31;-0.30;0.06;-2.01;2.20
81938.00ms : 0.95;-0.32;-0.29;-1.53;-2.44;2.14
81958.00ms : 0.95;-0.31;-0.29;-2.93;-2.32;1.65
81978.00ms : 0.95;-0.28;-0.28;-3.23;-2.44;1.16
81998.00ms : 0.96;-0.27;-0.29;-2.56;-2.99;2.14
82018.00ms : 0.95;-0.28;-0.28;-1.46;-2.32;1.83
82038.00ms : 0.95;-0.28;-0.29;-1.77;-1.89;1.40
82058.00ms : 0.94;-0.26;-0.28;-1.65;-1.46;0.49
82078.00ms : 0.96;-0.24;-0.28;-0.92;-1.10;0.37
82098.00ms : 0.96;-0.27;-0.29;0.61;-2.08;1.34
82118.00ms : 0.94;-0.29;-0.28;1.83;-1.71;0.49
82138.00ms : 0.95;-0.29;-0.28;1.83;-1.34;0.24
82158.00ms : 0.95;-0.28;-0.29;0.92;-0.98;0.06
82178.00ms : 0.96;-0.30;-0.28;-0.37;-1.59;0.31
82198.00ms : 0.95;-0.31;-0.28;-1.59;-2.14;0.00
82218.00ms : 0.95;-0.29;-0.29;-2.01;-2.32;0.12
82238.00ms : 0.95;-0.26;-0.28;-1.53;-1.83;-0.61
82258.00ms : 0.95;-0.26;-0.28;-0.98;-1.65;-0.43
82278.00ms : 0.96;-0.27;-0.27;-0.24;-2.50;0.37
82298.00ms : 0.96;-0.27;-0.27;0.67;-3.42;0.37
82318.00ms : 0.94;-0.28;-0.29;2.08;-2.56;-0.12
82338.00ms : 0.95;-0.28;-0.28;1.46;-1.71;-0.37
82358.00ms : 0.96;-0.29;-0.29;0.61;-2.01;-0.37
82378.00ms : 0.96;-0.30;-0.27;-1.04;-2.08;-1.16
82398.00ms : 0.94;-0.28;-0.28;-1.46;-2.01;-1.46
82418.00ms : 0.96;-0.28;-0.28;-1.28;-1.22;-0.98
82438.00ms : 0.95;-0.28;-0.27;-1.34;-1.34;-1.16
82458.00ms : 0.96;-0.29;-0.29;-2.69;-1.65;-1.53
82478.00ms : 0.95;-0.30;-0.28;-3.17;-1.40;-1.34
82498.00ms : 0.94;-0.29;-0.27;-3.78;-1.22;-2.62
82518.00ms : 0.95;-0.25;-0.28;-2.56;-0.92;-3.11
82538.00ms : 0.97;-0.29;-0.30;-1.65;-1.59;-2.20
82558.00ms : 0.96;-0.34;-0.28;-2.69;-2.44;-1.65
82578.00ms : 0.94;-0.31;-0.28;-2.81;-2.81;-3.48
82598.00ms : 0.96;-0.28;-0.28;-1.89;-1.46;-5.68
82618.00ms : 0.96;-0.29;-0.28;-3.30;-1.10;-7.02
82638.00ms : 0.97;-0.31;-0.29;-2.75;-2.32;-7.32
82658.00ms : 0.97;-0.28;-0.27;-2.87;-3.30;-9.34
82678.00ms : 0.96;-0.20;-0.27;-0.49;-4.64;-9.89
82698.00ms : 0.97;-0.12;-0.25;6.29;-4.64;-12.51
82718.00ms : 1.01;-0.03;-0.26;21.42;-6.35;-18.31
82738.00ms : 1.10;0.01;-0.27;41.63;-7.20;-24.54
82758.00ms : 1.15;0.04;-0.26;63.84;-11.47;-31.49
82778.00ms : 1.24;0.04;-0.23;77.51;-18.31;-35.89
82798.00ms : 1.40;-0.19;-0.36;87.16;-30.88;-41.44
82818.00ms : 1.30;-0.05;-0.40;95.58;-31.31;-45.10
82838.00ms : 1.33;0.19;-0.45;131.04;-49.62;-36.19
82858.00ms : 1.28;0.17;-0.56;186.40;-70.13;-24.54
82878.00ms : 1.21;-0.15;-0.67;243.35;-85.39;-2.56
82898.00ms : 1.32;-0.24;-0.69;290.16;-114.32;11.11
82918.00ms : 1.32;0.12;-0.66;333.44;-142.94;23.50
82938.00ms : 1.08;-0.10;-0.74;367.07;-155.46;22.64
82958.00ms : 0.98;-0.36;-0.70;360.78;-170.10;13.43
82978.00ms : 0.95;-0.55;-0.88;341.43;-189.21;14.28
82998.00ms : 0.85;-0.59;-0.79;315.98;-204.96;16.54
83018.00ms : 0.75;-0.48;-0.64;301.03;-213.99;15.56
83038.00ms : 0.71;-0.36;-0.72;307.13;-229.55;16.42
83058.00ms : 0.78;-0.26;-0.78;315.43;-240.42;11.23
83078.00ms : 0.85;-0.36;-0.86;320.86;-243.47;1.16
83098.00ms : 0.86;-0.38;-0.98;316.59;-241.70;-4.33
83118.00ms : 0.93;-0.31;-0.98;312.68;-237.12;-6.53
83138.00ms : 0.87;-0.35;-0.95;309.08;-223.45;-10.86
83158.00ms : 0.85;-0.49;-1.03;304.81;-212.46;-7.51
83178.00ms : 0.92;-0.61;-0.94;287.35;-206.48;2.81
83198.00ms : 1.00;-0.68;-0.83;263.37;-204.04;13.31
83218.00ms : 0.98;-0.66;-0.74;232.30;-201.17;15.26
83238.00ms : 0.92;-0.57;-0.66;208.80;-198.06;24.17
83258.00ms : 0.95;-0.41;-0.65;203.49;-198.12;36.44
83278.00ms : 1.01;-0.42;-0.63;209.84;-195.37;46.57
83298.00ms : 1.04;-0.39;-0.67;218.63;-199.40;41.38
83318.00ms : 0.98;-0.28;-0.71;231.51;-204.83;42.91
83338.00ms : 0.98;-0.32;-0.75;248.54;-208.80;52.00
83358.00ms : 1.07;-0.53;-0.79;259.28;-213.56;56.82
83378.00ms : 1.11;-0.58;-0.84;257.26;-213.44;56.03
83398.00ms : 0.96;-0.64;-0.87;255.07;-206.73;53.89
83418.00ms : 0.89;-0.61;-0.98;252.93;-202.82;58.35
83438.00ms : 0.96;-0.59;-1.03;244.20;-199.22;67.57
83458.00ms : 0.94;-0.65;-0.99;240.23;-189.39;65.80
83478.00ms : 0.84;-0.65;-0.90;229.55;-174.74;59.94
83498.00ms : 0.85;-0.55;-0.91;221.37;-165.16;65.37
83518.00ms : 0.84;-0.58;-0.86;225.40;-160.03;73.91
83538.00ms : 0.82;-0.79;-0.71;236.69;-159.06;68.36
83558.00ms : 0.78;-0.89;-0.69;234.07;-159.61;46.63
83578.00ms : 0.70;-0.75;-0.68;223.21;-153.02;31.13
83598.00ms : 0.75;-0.64;-0.67;213.87;-152.53;26.49
83618.00ms : 0.79;-0.66;-0.62;210.51;-145.51;17.88
83638.00ms : 0.76;-0.73;-0.53;197.14;-140.56;12.08
83658.00ms : 0.80;-0.69;-0.46;179.02;-143.68;16.42
83678.00ms : 0.93;-0.57;-0.43;171.02;-147.40;19.10
83698.00ms : 0.94;-0.45;-0.45;178.53;-150.76;17.46
83718.00ms : 0.87;-0.41;-0.47;192.08;-148.56;19.17
83738.00ms : 0.90;-0.41;-0.52;200.87;-148.99;27.10
83758.00ms : 0.93;-0.40;-0.55;207.21;-148.07;30.27
83778.00ms : 0.90;-0.40;-0.54;214.60;-143.74;26.79
83798.00ms : 0.85;-0.48;-0.54;215.33;-141.66;25.57
83818.00ms : 0.85;-0.60;-0.55;212.04;-137.45;25.45
83838.00ms : 0.83;-0.66;-0.48;200.32;-134.46;21.73
83858.00ms : 0.79;-0.69;-0.53;185.24;-129.94;16.60
83878.00ms : 0.74;-0.69;-0.55;159.67;-116.76;15.08
83898.00ms : 0.79;-0.65;-0.66;138.00;-107.06;19.65
83918.00ms : 0.85;-0.75;-0.62;114.87;-94.24;20.45
83938.00ms : 0.83;-0.82;-0.57;88.50;-86.67;17.64
83958.00ms : 0.81;-0.74;-0.55;67.26;-79.22;17.76
83978.00ms : 0.80;-0.64;-0.54;58.84;-72.45;19.65
83998.00ms : 0.79;-0.55;-0.54;58.35;-66.47;19.84
84018.00ms : 0.79;-0.58;-0.50;56.40;-59.33;16.24
84038.00ms : 0.78;-0.62;-0.44;47.73;-53.65;15.75
84058.00ms : 0.79;-0.59;-0.40;36.50;-50.78;19.04
84078.00ms : 0.82;-0.57;-0.42;32.53;-47.79;21.12
84098.00ms : 0.82;-0.56;-0.43;28.75;-41.50;20.51
84118.00ms : 0.81;-0.60;-0.43;20.69;-36.07;21.91
84138.00ms : 0.83;-0.57;-0.45;11.41;-33.20;25.57
84158.00ms : 0.83;-0.55;-0.40;0.92;-28.99;26.25
84178.00ms : 0.83;-0.52;-0.38;-0.85;-24.35;27.95
84198.00ms : 0.85;-0.46;-0.36;0.73;-20.51;29.36
84218.00ms : 0.89;-0.45;-0.34;8.24;-18.43;25.09
84238.00ms : 0.83;-0.44;-0.31;16.54;-16.78;20.94
84258.00ms : 0.78;-0.50;-0.27;18.68;-15.93;20.87
84278.00ms : 0.81;-0.64;-0.26;19.29;-15.32;20.26
84298.00ms : 0.82;-0.66;-0.25;9.40;-15.81;14.22
84318.00ms : 0.77;-0.56;-0.31;4.33;-15.20;9.16
84338.00ms : 0.76;-0.57;-0.35;-1.16;-8.79;10.38
84358.00ms : 0.78;-0.65;-0.30;-11.90;-4.09;10.25
84378.00ms : 0.85;-0.53;-0.29;-14.71;-4.21;8.42
84398.00ms : 0.89;-0.46;-0.33;-2.32;-5.07;7.20
84418.00ms : 0.87;-0.49;-0.38;10.31;-4.88;9.03
84438.00ms : 0.84;-0.56;-0.40;7.14;1.04;12.02
84458.00ms : 0.88;-0.63;-0.39;-7.63;11.35;12.27
84478.00ms : 0.88;-0.61;-0.27;-28.63;17.58;9.58
84498.00ms : 0.84;-0.58;-0.17;-39.92;15.50;7.20
84518.00ms : 0.84;-0.61;-0.13;-37.35;8.06;3.60
84538.00ms : 0.81;-0.56;-0.18;-35.03;6.23;-1.83
84558.00ms : 0.76;-0.50;-0.20;-36.68;8.73;4.33
84578.00ms : 0.79;-0.51;-0.13;-43.15;8.36;8.67
84598.00ms : 0.90;-0.51;-0.23;-61.52;11.47;3.54
84618.00ms : 0.86;-0.50;-0.25;-57.74;10.38;-0.06
84638.00ms : 0.91;-0.28;-0.33;-45.47;10.01;0.18
84658.00ms : 0.96;-0.21;-0.32;-28.93;9.28;12.21
84678.00ms : 0.95;-0.28;-0.31;-15.50;11.23;17.52
84698.00ms : 0.94;-0.39;-0.27;-10.50;12.82;13.49
84718.00ms : 0.93;-0.38;-0.24;-8.61;10.01;11.41
84738.00ms : 0.93;-0.36;-0.26;-3.78;5.37;13.43
84758.00ms : 0.93;-0.40;-0.30;0.92;3.23;14.10
84778.00ms : 0.88;-0.41;-0.30;2.14;3.78;13.06
84798.00ms : 0.90;-0.41;-0.29;-1.22;5.19;10.86
84818.00ms : 0.96;-0.41;-0.28;-4.27;5.68;8.18
84838.00ms : 0.96;-0.40;-0.28;-4.70;3.91;9.40
84858.00ms : 0.92;-0.40;-0.28;-0.12;2.01;11.60
84878.00ms : 0.91;-0.37;-0.28;3.23;-0.37;13.61
84898.00ms : 0.94;-0.32;-0.25;6.10;0.12;14.95
84918.00ms : 0.98;-0.35;-0.25;10.80;2.20;13.49
84938.00ms : 0.97;-0.38;-0.24;12.57;2.87;8.30
84958.00ms : 0.92;-0.35;-0.28;9.28;2.93;8.67
84978.00ms : 0.90;-0.39;-0.30;7.39;3.66;9.77
84998.00ms : 0.93;-0.40;-0.24;7.26;2.87;9.70
85018.00ms : 0.94;-0.40;-0.27;8.85;2.81;9.77
85038.00ms : 0.93;-0.38;-0.31;8.06;3.23;9.16
85058.00ms : 0.94;-0.39;-0.30;5.62;3.85;8.91
85078.00ms : 0.94;-0.39;-0.28;4.15;3.85;8.12
85098.00ms : 0.95;-0.38;-0.27;4.39;2.32;7.63
85118.00ms : 0.93;-0.37;-0.29;4.52;2.20;8.42
85138.00ms : 0.92;-0.36;-0.30;3.85;1.95;8.79
85158.00ms : 0.93;-0.33;-0.30;3.60;2.32;8.79
85178.00ms : 0.94;-0.32;-0.29;4.82;2.14;8.24
85198.00ms : 0.93;-0.34;-0.28;5.80;2.26;8.24
85218.00ms : 0.94;-0.34;-0.30;8.36;1.16;8.42
85238.00ms : 0.95;-0.34;-0.32;10.68;0.55;9.09
85258.00ms : 0.94;-0.35;-0.31;12.15;-0.18;9.52
85278.00ms : 0.95;-0.36;-0.30;11.05;0.73;9.22
85298.00ms : 0.94;-0.36;-0.31;7.63;0.55;8.18
85318.00ms : 0.94;-0.35;-0.31;5.07;0.24;7.81
85338.00ms : 0.94;-0.35;-0.31;5.43;0.31;7.32
85358.00ms : 0.94;-0.32;-0.31;6.16;0.24;6.77
85378.00ms : 0.95;-0.30;-0.30;7.26;0.43;6.90
85398.00ms : 0.95;-0.33;-0.31;7.26;0.67;6.53
85418.00ms : 0.95;-0.35;-0.32;7.14;-0.31;6.65
85438.00ms : 0.95;-0.37;-0.32;5.68;-0.55;6.35
85458.00ms : 0.94;-0.35;-0.31;4.88;-1.22;5.86
85478.00ms : 0.95;-0.32;-0.32;5.00;-1.16;5.68
85498.00ms : 0.95;-0.32;-0.33;4.64;-0.85;5.80
85518.00ms : 0.94;-0.35;-0.32;3.36;-1.95;6.65
85538.00ms : 0.94;-0.36;-0.32;2.26;-2.38;6.47
85558.00ms : 0.94;-0.35;-0.32;0.79;-2.26;7.08
85578.00ms : 0.94;-0.34;-0.32;-0.73;-2.38;7.51
85598.00ms : 0.96;-0.32;-0.32;-1.89;-2.56;7.75
85618.00ms : 0.96;-0.29;-0.31;-0.98;-2.99;6.65
85638.00ms : 0.94;-0.27;-0.32;0.98;-1.83;6.71
85658.00ms : 0.95;-0.29;-0.32;2.08;-1.65;7.63
85678.00ms : 0.95;-0.31;-0.31;1.65;-1.95;7.20
85698.00ms : 0.95;-0.31;-0.32;1.89;-2.50;6.90
85718.00ms : 0.95;-0.31;-0.32;2.44;-2.50;6.90
85738.00ms : 0.96;-0.30;-0.32;1.65;-2.26;7.08
85758.00ms : 0.96;-0.30;-0.30;0.12;-2.62;6.71
85778.00ms : 0.97;-0.28;-0.31;0.79;-2.99;6.77
85798.00ms : 0.97;-0.26;-0.31;3.91;-3.85;7.20
85818.00ms : 0.97;-0.27;-0.31;7.75;-3.72;7.51
85838.00ms : 0.96;-0.30;-0.31;6.23;-2.93;7.14
85858.00ms : 0.94;-0.29;-0.30;4.15;-2.99;5.98
85878.00ms : 0.96;-0.25;-0.31;4.46;-3.42;6.29
85898.00ms : 0.96;-0.26;-0.31;7.32;-3.42;6.47
85918.00ms : 0.96;-0.28;-0.31;7.51;-2.69;5.98
85938.00ms : 0.96;-0.28;-0.31;6.29;-2.87;5.25
85958.00ms : 0.96;-0.27;-0.30;5.49;-2.56;5.00
85978.00ms : 0.96;-0.29;-0.30;5.62;-2.93;4.94
85998.00ms : 0.96;-0.29;-0.31;4.94;-2.75;5.13
86018.00ms : 0.96;-0.28;-0.31;4.27;-3.23;4.46
86038.00ms : 0.95;-0.28;-0.30;2.56;-2.50;4.21
86058.00ms : 0.95;-0.27;-0.30;2.26;-2.01;3.85
86078.00ms : 0.96;-0.24;-0.30;2.81;-1.65;2.87
86098.00ms : 0.97;-0.24;-0.31;2.62;-1.59;2.99
86118.00ms : 0.96;-0.27;-0.31;2.99;-1.95;3.36
86138.00ms : 0.95;-0.30;-0.31;2.56;-1.28;3.05
86158.00ms : 0.95;-0.28;-0.30;1.40;-1.40;2.08
86178.00ms : 0.98;-0.25;-0.31;0.61;-1.65;2.26
86198.00ms : 0.97;-0.27;-0.32;0.00;-1.53;2.32
86218.00ms : 0.96;-0.28;-0.32;-0.12;-2.01;2.08
86238.00ms : 0.96;-0.27;-0.31;-0.67;-2.14;1.89
86258.00ms : 0.97;-0.26;-0.31;-0.49;-2.14;1.71
86278.00ms : 0.96;-0.24;-0.30;0.31;-1.95;1.46
86298.00ms : 0.96;-0.24;-0.30;1.65;-2.38;1.71
86318.00ms : 0.96;-0.24;-0.30;2.75;-1.95;1.40
86338.00ms : 0.96;-0.23;-0.31;4.82;-2.08;1.28
86358.00ms : 0.96;-0.24;-0.31;7.93;-2.08;1.59
86378.00ms : 0.96;-0.27;-0.31;9.70;-2.01;1.53
86398.00ms : 0.95;-0.26;-0.30;8.30;-1.22;0.67
86418.00ms : 0.96;-0.23;-0.31;8.79;-1.28;0.43
86438.00ms : 0.96;-0.26;-0.31;8.54;-1.83;1.40
86458.00ms : 0.95;-0.31;-0.30;8.00;-1.04;1.83
86478.00ms : 0.96;-0.32;-0.30;1.53;-0.37;0.61
86498.00ms : 0.96;-0.28;-0.31;-2.38;-0.92;-0.55
86518.00ms : 0.96;-0.24;-0.32;-1.89;-0.67;-0.43
86538.00ms : 0.96;-0.27;-0.31;0.55;-0.31;0.12
86558.00ms : 0.96;-0.28;-0.31;-0.43;-0.37;0.00
86578.00ms : 0.96;-0.26;-0.31;-1.71;-0.61;-0.67
86598.00ms : 0.95;-0.26;-0.32;-2.32;0.06;-0.31
86618.00ms : 0.97;-0.27;-0.31;-1.65;-0.61;0.00
86638.00ms : 0.96;-0.26;-0.31;-1.34;-0.73;-0.73
86658.00ms : 0.96;-0.25;-0.32;-0.49;-0.67;-0.24
86678.00ms : 0.96;-0.26;-0.32;-0.79;0.43;-0.55
86698.00ms : 0.96;-0.28;-0.31;-2.08;-0.31;-0.24
86718.00ms : 0.96;-0.29;-0.32;-2.26;-0.31;-0.06
86738.00ms : 0.96;-0.27;-0.31;-2.99;0.49;-1.77
86758.00ms : 0.97;-0.24;-0.32;-3.85;0.12;-1.34
86778.00ms : 0.97;-0.28;-0.31;-5.19;-0.67;0.37
86798.00ms : 0.95;-0.30;-0.32;-5.62;-0.67;-0.73
86818.00ms : 0.96;-0.27;-0.31;-6.41;-0.92;-1.59
86838.00ms : 0.96;-0.24;-0.31;-3.66;-0.73;-0.85
86858.00ms : 0.96;-0.26;-0.31;-2.75;-0.73;0.12
86878.00ms : 0.96;-0.26;-0.31;-2.01;-1.59;0.18
86898.00ms : 0.96;-0.26;-0.32;-1.77;-0.92;-0.24
86918.00ms : 0.96;-0.27;-0.30;-2.26;-1.40;0.00
86938.00ms : 0.97;-0.28;-0.32;-2.08;-1.40;0.31
86958.00ms : 0.96;-0.30;-0.31;-2.99;-1.28;0.61
86978.00ms : 0.95;-0.29;-0.31;-4.52;-1.22;-0.31
86998.00ms : 0.95;-0.26;-0.31;-5.43;-1.04;-0.61
87018.00ms : 0.97;-0.25;-0.31;-5.13;-0.73;-0.06
87038.00ms : 0.96;-0.27;-0.30;-4.88;-0.92;0.37
87058.00ms : 0.96;-0.28;-0.31;-4.03;-1.65;-0.31
87078.00ms : 0.96;-0.26;-0.31;-2.14;-0.98;-0.43
87098.00ms : 0.96;-0.25;-0.31;0.06;-0.85;0.31
87118.00ms : 0.97;-0.27;-0.32;0.24;-1.46;0.92
87138.00ms : 0.96;-0.28;-0.31;0.31;-1.83;0.92
87158.00ms : 0.96;-0.27;-0.31;-0.06;-1.53;0.24
87178.00ms : 0.96;-0.26;-0.30;0.24;-1.65;0.12
87198.00ms : 0.97;-0.23;-0.31;1.10;-1.10;0.49
87218.00ms : 0.96;-0.26;-0.31;2.20;-1.71;0.85
87238.00ms : 0.96;-0.28;-0.31;1.59;-1.46;0.18
87258.00ms : 0.96;-0.29;-0.31;0.67;-1.71;0.12
87278.00ms : 0.97;-0.27;-0.32;-0.37;-1.46;0.24
87298.00ms : 0.96;-0.27;-0.30;-0.12;-1.65;-0.43
87318.00ms : 0.96;-0.25;-0.31;0.98;-1.22;-0.18
87338.00ms : 0.96;-0.27;-0.31;1.04;-1.40;0.06
87358.00ms : 0.96;-0.27;-0.31;0.67;-1.71;0.18
87378.00ms : 0.96;-0.30;-0.31;-0.31;-1.40;0.43
87398.00ms : 0.97;-0.31;-0.31;-1.83;-2.08;0.73
87418.00ms : 0.96;-0.32;-0.30;-3.85;-2.38;0.49
87438.00ms : 0.95;-0.29;-0.30;-5.31;-2.01;0.55
87458.00ms : 0.96;-0.25;-0.31;-4.82;-1.71;0.43
87478.00ms : 0.96;-0.22;-0.30;-2.75;-1.83;0.67
87498.00ms : 0.96;-0.22;-0.31;-0.55;-1.04;0.37
87518.00ms : 0.96;-0.23;-0.30;1.40;-0.73;0.31
87538.00ms : 0.96;-0.25;-0.30;1.77;-0.92;0.49
87558.00ms : 0.96;-0.27;-0.31;2.62;-0.98;-0.12
87578.00ms : 0.96;-0.28;-0.30;3.36;-0.79;0.00
87598.00ms : 0.96;-0.28;-0.31;2.99;-0.79;0.24
87618.00ms : 0.96;-0.29;-0.31;1.46;-0.55;0.37
87638.00ms : 0.96;-0.30;-0.30;-0.55;-1.16;0.61
87658.00ms : 0.96;-0.29;-0.30;-1.16;-1.34;0.49
87678.00ms : 0.96;-0.27;-0.31;0.31;-0.92;0.73
87698.00ms : 0.96;-0.25;-0.31;-0.18;-0.61;0.24
87718.00ms : 0.97;-0.25;-0.32;-0.31;-0.85;1.04
87738.00ms : 0.96;-0.27;-0.30;-0.61;-0.49;0.73
87758.00ms : 0.96;-0.26;-0.31;-0.55;-0.92;0.61
87778.00ms : 0.96;-0.28;-0.31;-1.10;-0.55;0.43
87798.00ms : 0.96;-0.28;-0.31;-2.38;-0.61;0.06
87818.00ms : 0.96;-0.26;-0.31;-3.11;-0.55;-0.12
87838.00ms : 0.96;-0.26;-0.30;-3.42;-0.49;-0.18
87858.00ms : 0.96;-0.24;-0.32;-3.05;-0.43;-0.24
87878.00ms : 0.96;-0.27;-0.31;-2.20;-0.31;-0.18
87898.00ms : 0.97;-0.28;-0.31;-1.71;-0.49;0.12
87918.00ms : 0.96;-0.28;-0.31;-0.98;-0.98;-0.18
87938.00ms : 0.96;-0.26;-0.31;-1.10;-0.98;-0.12
87958.00ms : 0.97;-0.27;-0.32;-2.14;-1.22;0.31
87978.00ms : 0.96;-0.28;-0.30;-2.69;-0.85;0.12
87998.00ms : 0.96;-0.26;-0.31;-1.83;-1.34;-0.55
88018.00ms : 0.96;-0.25;-0.31;-0.61;-1.59;-0.61
88038.00ms : 0.97;-0.26;-0.31;-0.43;-1.10;-0.24
88058.00ms : 0.96;-0.27;-0.31;-1.16;-1.46;-0.43
88078.00ms : 0.95;-0.28;-0.31;-1.10;-1.34;-0.79
88098.00ms : 0.96;-0.27;-0.30;-0.85;-1.59;-0.73
88118.00ms : 0.96;-0.26;-0.31;-0.43;-1.53;-0.49
88138.00ms : 0.96;-0.27;-0.31;-0.49;-1.53;-0.61
88158.00ms : 0.96;-0.28;-0.31;-0.73;-1.65;-0.43
88178.00ms : 0.96;-0.28;-0.31;-0.85;-1.40;-0.43
88198.00ms : 0.96;-0.27;-0.30;-1.10;-1.28;-0.55
88218.00ms : 0.96;-0.27;-0.31;-1.16;-1.59;-0.55
88238.00ms : 0.95;-0.28;-0.31;-1.40;-1.53;-0.12
88258.00ms : 0.96;-0.28;-0.31;-1.28;-1.59;-0.37
88278.00ms : 0.96;-0.27;-0.31;-0.92;-1.46;-0.61
88298.00ms : 0.96;-0.26;-0.31;-1.34;-1.22;-0.49
88318.00ms : 0.96;-0.27;-0.31;-1.40;-2.01;-0.43
88338.00ms : 0.95;-0.29;-0.31;-1.04;-2.20;0.37
88358.00ms : 0.96;-0.28;-0.30;-0.98;-1.89;-0.18
88378.00ms : 0.96;-0.27;-0.31;-1.22;-1.53;-0.12
88398.00ms : 0.96;-0.27;-0.31;-1.59;-1.53;0.00
88418.00ms : 0.95;-0.28;-0.31;-1.10;-1.46;0.31
88438.00ms : 0.95;-0.28;-0.29;-0.92;-1.10;0.00
88458.00ms : 0.96;-0.27;-0.30;-0.73;-1.46;-0.12
88478.00ms : 0.96;-0.26;-0.31;-0.12;-0.92;-0.24
88498.00ms : 0.96;-0.27;-0.31;0.12;-1.34;0.00
88518.00ms : 0.96;-0.28;-0.31;1.10;-1.40;0.37
88538.00ms : 0.96;-0.28;-0.30;0.85;-0.85;-0.18
88558.00ms : 0.96;-0.25;-0.31;0.12;-0.85;-0.49
88578.00ms : 0.97;-0.25;-0.31;0.98;-1.22;-0.37
88598.00ms : 0.96;-0.28;-0.31;2.08;-1.22;-0.06
88618.00ms : 0.96;-0.30;-0.31;1.71;-1.95;-0.06
88638.00ms : 0.96;-0.29;-0.30;0.31;-1.53;-0.24
88658.00ms : 0.96;-0.26;-0.30;0.06;-1.83;-0.67
88678.00ms : 0.97;-0.26;-0.31;0.37;-1.77;-0.31
88698.00ms : 0.95;-0.29;-0.31;-0.06;-1.65;-0.37
88718.00ms : 0.95;-0.29;-0.31;-0.49;-1.53;-1.04
88738.00ms : 0.96;-0.27;-0.31;-0.79;-1.53;-1.16
88758.00ms : 0.96;-0.26;-0.31;-0.49;-1.77;-0.98
88778.00ms : 0.96;-0.27;-0.30;0.79;-2.14;-0.73
88798.00ms : 0.95;-0.28;-0.30;0.79;-1.53;-1.16
88818.00ms : 0.96;-0.27;-0.30;-0.24;-1.46;-1.89
88838.00ms : 0.96;-0.29;-0.31;-2.32;-1.46;-2.20
88858.00ms : 0.95;-0.29;-0.31;-2.99;-1.77;-2.50
88878.00ms : 0.96;-0.27;-0.31;-2.56;-2.14;-2.81
88898.00ms : 0.96;-0.27;-0.31;-1.16;-2.38;-3.11
88918.00ms : 0.96;-0.28;-0.30;-1.40;-2.62;-1.83
88938.00ms : 0.95;-0.31;-0.31;-2.81;-2.87;-2.44
88958.00ms : 0.96;-0.29;-0.30;-4.46;-2.44;-3.60
88978.00ms : 0.96;-0.24;-0.29;-3.42;-2.38;-4.76
88998.00ms : 0.97;-0.24;-0.30;-1.71;-3.17;-3.60
89018.00ms : 0.96;-0.30;-0.30;-0.49;-3.66;-2.62
89038.00ms : 0.94;-0.34;-0.30;-1.59;-3.05;-3.66
89058.00ms : 0.96;-0.30;-0.30;-4.58;-3.36;-6.41
89078.00ms : 0.97;-0.26;-0.32;-5.31;-3.23;-7.14
89098.00ms : 0.96;-0.31;-0.30;-4.82;-3.66;-6.96
89118.00ms : 0.93;-0.33;-0.29;-6.04;-4.09;-6.96
89138.00ms : 0.96;-0.30;-0.30;-6.65;-2.99;-8.67
89158.00ms : 0.98;-0.31;-0.29;-8.97;-2.38;-10.38
89178.00ms : 0.93;-0.33;-0.27;-11.84;-3.17;-10.99
89198.00ms : 0.92;-0.29;-0.28;-11.05;-1.83;-11.78
89218.00ms : 0.98;-0.32;-0.28;-13.00;-0.24;-14.22
89238.00ms : 0.97;-0.37;-0.28;-19.35;-1.77;-14.95
89258.00ms : 0.95;-0.38;-0.25;-27.53;-2.69;-13.85
89278.00ms : 0.98;-0.32;-0.27;-27.10;-3.91;-15.87
89298.00ms : 0.96;-0.27;-0.27;-23.38;-1.22;-20.51
89318.00ms : 1.01;-0.26;-0.25;-22.64;-3.11;-17.03
89338.00ms : 1.08;-0.27;-0.21;-17.88;-5.31;-18.37
89358.00ms : 1.09;-0.23;-0.20;-3.54;-7.26;-22.89
89378.00ms : 1.10;-0.18;-0.22;14.34;-9.28;-26.55
89398.00ms : 1.12;-0.13;-0.29;30.46;-11.11;-29.11
89418.00ms : 1.17;0.01;-0.40;41.99;-12.21;-26.98
89438.00ms : 1.13;-0.02;-0.35;60.91;-12.94;-19.35
89458.00ms : 1.06;-0.11;-0.38;83.74;-16.36;-20.45
89478.00ms : 1.01;-0.09;-0.37;99.55;-20.69;-14.34
89498.00ms : 1.00;-0.05;-0.40;115.91;-27.53;-4.52
89518.00ms : 1.02;-0.10;-0.48;153.93;-38.88;0.67
89538.00ms : 1.26;-0.01;-0.78;235.35;-61.34;17.76
89558.00ms : 1.16;0.12;-0.74;293.82;-79.96;36.80
89578.00ms : 1.06;-0.23;-0.60;309.33;-94.60;47.79
89598.00ms : 1.24;-0.09;-0.42;297.30;-119.57;41.75
89618.00ms : 1.30;0.21;-0.51;300.48;-142.09;33.69
89638.00ms : 1.15;-0.22;-0.71;323.85;-150.51;38.57
89658.00ms : 1.09;-0.34;-0.85;338.62;-171.75;44.25
89678.00ms : 1.05;-0.09;-1.03;349.43;-191.47;52.00
89698.00ms : 0.97;-0.03;-1.14;360.84;-197.14;59.69
89718.00ms : 0.87;-0.33;-1.17;369.75;-189.64;63.17
89738.00ms : 0.83;-0.70;-1.23;349.61;-183.96;56.27
89758.00ms : 0.90;-0.65;-1.11;315.31;-172.73;38.57
89778.00ms : 0.88;-0.49;-1.05;280.46;-162.54;21.97
89798.00ms : 0.75;-0.31;-1.03;289.49;-146.55;19.96
89818.00ms : 0.70;-0.35;-1.01;314.15;-138.49;24.66
89838.00ms : 0.80;-0.51;-0.84;323.00;-139.83;21.97
89858.00ms : 0.91;-0.69;-0.71;320.74;-149.23;5.86
89878.00ms : 0.73;-0.52;-0.70;306.21;-149.66;0.79
89898.00ms : 0.73;-0.62;-0.49;284.55;-147.22;18.37
89918.00ms : 0.88;-0.85;-0.48;262.82;-144.71;5.86
89938.00ms : 0.84;-0.60;-0.65;240.66;-137.08;-9.46
89958.00ms : 0.87;-0.27;-0.80;241.33;-133.61;-0.67
89978.00ms : 1.01;-0.14;-0.80;250.73;-122.92;8.30
89998.00ms : 1.16;-0.64;-0.58;253.85;-115.30;1.46
90018.00ms : 0.97;-0.79;-0.59;224.61;-107.67;-13.12
90038.00ms : 0.89;-0.74;-0.46;188.72;-108.64;-11.29
90058.00ms : 0.94;-0.53;-0.47;178.83;-115.17;-6.10
90078.00ms : 0.96;-0.46;-0.44;190.06;-117.25;-2.08
90098.00ms : 0.93;-0.46;-0.58;199.52;-118.59;5.62
90118.00ms : 0.88;-0.56;-0.60;192.44;-117.80;19.84
90138.00ms : 0.81;-0.78;-0.52;173.95;-117.68;23.32
90158.00ms : 0.77;-0.78;-0.55;150.39;-121.77;19.10
90178.00ms : 0.71;-0.65;-0.60;148.07;-119.02;16.97
90198.00ms : 0.72;-0.66;-0.68;142.88;-107.54;14.95
90218.00ms : 0.72;-0.83;-0.47;117.98;-87.28;-3.05
90238.00ms : 0.70;-0.69;-0.52;96.74;-71.96;-13.55
90258.00ms : 0.71;-0.62;-0.49;86.30;-60.36;-11.05
90278.00ms : 0.73;-1.02;-0.63;60.36;-50.84;-11.84
90298.00ms : 0.75;-0.79;-0.67;25.82;-49.68;-9.77
90318.00ms : 0.76;-0.47;-0.56;18.01;-44.74;6.16
90338.00ms : 0.87;-0.42;-0.43;36.13;-43.21;13.55
90358.00ms : 0.93;-0.47;-0.42;57.50;-47.42;17.03
90378.00ms : 0.99;-0.29;-0.48;75.99;-56.52;24.66
90398.00ms : 1.06;-0.27;-0.35;94.54;-57.25;33.45
90418.00ms : 0.94;-0.39;-0.21;113.59;-55.36;26.12
90438.00ms : 0.89;-0.51;-0.24;119.81;-62.87;20.87
90458.00ms : 0.87;-0.55;-0.22;117.68;-70.56;16.11
90478.00ms : 0.86;-0.48;-0.25;124.45;-78.86;7.32
90498.00ms : 0.79;-0.37;-0.43;135.38;-77.88;3.72
90518.00ms : 0.76;-0.40;-0.45;152.28;-89.78;15.20
90538.00ms : 0.86;-0.32;-0.51;164.06;-96.31;20.81
90558.00ms : 0.91;-0.37;-0.54;175.05;-99.91;18.62
90578.00ms : 0.86;-0.60;-0.59;176.21;-92.53;15.75
90598.00ms : 0.85;-0.52;-0.52;178.22;-104.00;22.34
90618.00ms : 0.97;-0.52;-0.57;178.65;-106.32;19.71
90638.00ms : 0.96;-0.62;-0.55;176.51;-94.12;9.16
90658.00ms : 0.95;-0.62;-0.50;167.18;-93.57;-1.16
90678.00ms : 0.92;-0.50;-0.50;159.06;-95.34;-0.61
90698.00ms : 0.92;-0.61;-0.50;158.26;-96.62;2.32
90718.00ms : 0.91;-0.61;-0.52;150.94;-103.09;0.37
90738.00ms : 0.92;-0.42;-0.47;149.29;-105.83;7.63
90758.00ms : 0.90;-0.45;-0.45;157.23;-105.16;12.27
90778.00ms : 0.88;-0.54;-0.45;163.02;-104.13;7.45
90798.00ms : 0.87;-0.41;-0.50;162.17;-105.83;2.20
90818.00ms : 0.83;-0.29;-0.58;171.20;-103.76;5.62
90838.00ms : 0.82;-0.41;-0.64;184.69;-97.96;12.02
90858.00ms : 0.82;-0.55;-0.66;184.75;-97.78;11.41
90878.00ms : 0.87;-0.58;-0.67;176.27;-98.63;11.23
90898.00ms : 0.86;-0.57;-0.61;166.81;-100.65;14.53
90918.00ms : 0.86;-0.62;-0.63;161.68;-97.47;18.13
90938.00ms : 0.90;-0.66;-0.58;152.47;-93.02;17.46
90958.00ms : 0.89;-0.61;-0.56;145.39;-92.04;10.38
90978.00ms : 0.82;-0.57;-0.58;137.27;-88.93;7.75
90998.00ms : 0.81;-0.64;-0.56;125.73;-88.07;12.94
91018.00ms : 0.79;-0.64;-0.47;115.66;-89.78;16.42
91038.00ms : 0.77;-0.62;-0.51;109.19;-90.82;20.26
91058.00ms : 0.79;-0.63;-0.52;109.37;-90.33;24.05
91078.00ms : 0.82;-0.63;-0.48;106.14;-91.31;27.71
91098.00ms : 0.81;-0.55;-0.45;100.65;-90.33;27.89
91118.00ms : 0.83;-0.53;-0.44;92.83;-84.66;25.76
91138.00ms : 0.88;-0.48;-0.45;84.11;-79.53;24.11
91158.00ms : 0.91;-0.39;-0.42;77.82;-75.50;24.66
91178.00ms : 0.91;-0.36;-0.42;72.88;-66.47;20.32
91198.00ms : 0.87;-0.38;-0.47;65.43;-56.34;19.78
91218.00ms : 0.88;-0.48;-0.48;49.68;-47.00;23.74
91238.00ms : 0.92;-0.46;-0.44;31.43;-41.99;28.63
91258.00ms : 0.95;-0.40;-0.43;13.31;-39.98;30.27
91278.00ms : 0.91;-0.38;-0.44;1.83;-33.02;29.30
91298.00ms : 0.90;-0.34;-0.50;-5.43;-25.45;29.42
91318.00ms : 0.91;-0.36;-0.46;-12.15;-17.15;31.19
91338.00ms : 0.89;-0.38;-0.43;-17.21;-13.18;30.82
91358.00ms : 0.81;-0.43;-0.37;-21.91;-10.31;31.01
91378.00ms : 0.74;-0.39;-0.38;-29.79;-6.29;31.74
91398.00ms : 0.72;-0.28;-0.28;-31.37;-2.99;39.55
91418.00ms : 0.84;-0.33;-0.70;-41.69;13.49;27.83
91438.00ms : 1.05;-0.57;-0.77;-28.02;13.00;5.07
91458.00ms : 0.87;-0.94;-0.27;5.49;5.00;-22.52
91478.00ms : 0.63;-0.91;-0.56;-31.49;-7.87;-14.10
91498.00ms : 0.79;-0.38;-0.60;-47.73;-3.54;14.83
91518.00ms : 1.06;-0.19;-0.37;-35.89;-0.85;25.21
91538.00ms : 1.09;-0.29;-0.14;-3.78;4.21;11.11
91558.00ms : 0.98;-0.36;-0.12;-4.46;-0.49;11.05
91578.00ms : 1.03;-0.30;-0.20;-5.00;-4.52;15.87
91598.00ms : 1.40;-0.03;-0.28;5.86;2.32;14.04
91618.00ms : 1.63;-0.01;-0.23;25.45;4.70;13.43
91638.00ms : 0.87;-0.56;-0.39;42.36;2.93;4.94
91658.00ms : 0.59;-0.81;-0.35;27.10;3.05;12.15
91678.00ms : 0.79;-0.65;-0.35;-6.71;0.00;14.59
91698.00ms : 1.06;-0.31;-0.34;-21.42;-0.18;10.31
91718.00ms : 1.04;-0.20;-0.31;-22.95;-1.28;9.16
91738.00ms : 0.90;-0.18;-0.30;-10.74;-1.10;8.00
91758.00ms : 0.92;-0.20;-0.32;-8.61;-1.65;11.35
91778.00ms : 0.96;-0.23;-0.32;-6.04;-1.46;11.11
91798.00ms : 0.99;-0.21;-0.30;-2.08;-0.18;8.73
91818.00ms : 0.98;-0.25;-0.31;7.45;-2.20;8.73
91838.00ms : 0.99;-0.26;-0.36;11.05;-4.58;11.23
91858.00ms : 0.96;-0.32;-0.34;20.02;-4.46;11.54
91878.00ms : 0.95;-0.34;-0.29;15.01;-5.43;9.89
91898.00ms : 0.92;-0.32;-0.27;11.72;-3.78;6.23
91918.00ms : 0.97;-0.28;-0.30;6.84;-4.21;4.21
91938.00ms : 0.98;-0.27;-0.31;4.46;-5.68;4.27
91958.00ms : 0.97;-0.27;-0.33;3.85;-6.71;4.03
91978.00ms : 0.93;-0.28;-0.31;3.66;-3.23;2.93
91998.00ms : 0.93;-0.27;-0.28;0.85;-0.31;-0.06
92018.00ms : 0.97;-0.21;-0.31;2.08;-1.34;-0.61
92038.00ms : 0.99;-0.25;-0.33;4.94;-2.44;1.34
92058.00ms : 0.98;-0.30;-0.31;7.02;-5.00;2.26
92078.00ms : 0.94;-0.30;-0.31;8.24;-3.66;1.10
92098.00ms : 0.95;-0.28;-0.31;7.63;-2.75;-0.98
92118.00ms : 0.98;-0.24;-0.32;5.86;-3.54;0.37
92138.00ms : 0.97;-0.25;-0.31;9.70;-5.43;1.10
92158.00ms : 0.93;-0.25;-0.30;12.02;-3.72;1.16
92178.00ms : 0.94;-0.31;-0.30;12.08;-2.69;-0.06
92198.00ms : 0.97;-0.28;-0.32;8.30;-3.42;-1.53
92218.00ms : 0.97;-0.31;-0.33;6.90;-3.36;-1.77
92238.00ms : 0.96;-0.35;-0.32;4.58;-2.75;-1.59
92258.00ms : 0.94;-0.37;-0.33;-0.06;-2.26;-2.50
92278.00ms : 0.96;-0.35;-0.32;-7.63;-2.14;-4.27
92298.00ms : 0.95;-0.33;-0.31;-12.57;-2.32;-5.43
92318.00ms : 0.95;-0.25;-0.30;-11.72;-2.75;-4.94
92338.00ms : 0.96;-0.23;-0.30;-8.06;-2.26;-3.91
92358.00ms : 0.95;-0.25;-0.31;-3.97;-1.89;-2.75
92378.00ms : 0.95;-0.29;-0.31;-2.50;-2.14;-2.81
92398.00ms : 0.95;-0.29;-0.30;-2.20;-1.89;-3.30
92418.00ms : 0.95;-0.27;-0.30;-1.77;-2.32;-3.30
92438.00ms : 0.95;-0.29;-0.31;-0.49;-1.77;-2.32
92458.00ms : 0.95;-0.30;-0.30;0.06;-1.65;-2.99
92478.00ms : 0.95;-0.30;-0.30;0.79;-2.01;-2.81
92498.00ms : 0.95;-0.30;-0.30;1.16;-1.71;-2.38
92518.00ms : 0.95;-0.30;-0.29;1.34;-1.71;-1.89
92538.00ms : 0.95;-0.31;-0.29;2.44;-1.22;-1.71
92558.00ms : 0.95;-0.32;-0.29;1.59;-1.22;-2.56
92578.00ms : 0.95;-0.31;-0.30;0.49;-1.28;-2.50
92598.00ms : 0.95;-0.31;-0.29;1.04;-1.28;-2.32
92618.00ms : 0.95;-0.31;-0.31;2.62;-0.98;-1.71
92638.00ms : 0.94;-0.33;-0.30;1.59;-0.79;-1.89
92658.00ms : 0.93;-0.34;-0.30;-0.61;-0.31;-1.95
92678.00ms : 0.95;-0.32;-0.30;-2.44;-0.37;-1.83
92698.00ms : 0.96;-0.30;-0.30;-1.77;-0.92;-0.92
92718.00ms : 0.94;-0.31;-0.30;0.85;-0.67;-0.85
92738.00ms : 0.93;-0.31;-0.30;0.43;0.55;-1.22
92758.00ms : 0.95;-0.32;-0.30;-1.46;0.18;-0.67
92778.00ms : 0.96;-0.31;-0.31;-2.26;-0.31;-1.04
92798.00ms : 0.94;-0.31;-0.31;-0.37;-0.12;-0.98
92818.00ms : 0.94;-0.32;-0.31;0.00;-0.06;-0.18
92838.00ms : 0.95;-0.31;-0.31;0.37;-0.49;-0.18
92858.00ms : 0.95;-0.30;-0.30;0.98;-0.37;0.06
92878.00ms : 0.95;-0.31;-0.32;1.28;0.00;0.37
92898.00ms : 0.94;-0.31;-0.31;2.26;-0.18;0.55
92918.00ms : 0.94;-0.33;-0.31;0.61;-0.12;0.43
92938.00ms : 0.95;-0.31;-0.31;-0.49;-0.18;0.37
92958.00ms : 0.96;-0.30;-0.32;0.55;-0.37;0.49
92978.00ms : 0.95;-0.31;-0.31;2.93;-0.55;1.04
92998.00ms : 0.94;-0.32;-0.32;3.85;-0.37;1.89
93018.00ms : 0.94;-0.32;-0.30;4.03;-0.24;1.34
93038.00ms : 0.95;-0.31;-0.31;3.60;-0.24;1.40
93058.00ms : 0.96;-0.33;-0.31;4.09;-0.92;2.20
93078.00ms : 0.95;-0.35;-0.31;4.27;-1.16;1.46
93098.00ms : 0.92;-0.34;-0.31;2.56;-0.12;1.83
93118.00ms : 0.94;-0.32;-0.31;0.73;0.00;2.26
93138.00ms : 0.96;-0.30;-0.31;1.16;-1.28;3.48
93158.00ms : 0.95;-0.31;-0.31;2.81;-1.46;3.30
93178.00ms : 0.93;-0.33;-0.32;3.17;-1.28;4.39
93198.00ms : 0.94;-0.31;-0.31;2.20;-1.16;3.97
93218.00ms : 0.96;-0.28;-0.32;0.79;-1.10;3.54
93238.00ms : 0.96;-0.28;-0.32;1.16;-1.53;3.72
93258.00ms : 0.95;-0.30;-0.32;0.00;-1.04;3.91
93278.00ms : 0.94;-0.30;-0.32;-0.85;-0.24;2.93
93298.00ms : 0.97;-0.29;-0.31;-0.98;-0.92;3.05
93318.00ms : 0.96;-0.32;-0.32;-1.34;-0.92;3.17
93338.00ms : 0.95;-0.32;-0.31;-1.34;-0.24;2.62
93358.00ms : 0.94;-0.32;-0.32;-2.38;0.06;1.65
93378.00ms : 0.95;-0.30;-0.32;-5.07;-0.06;1.16
93398.00ms : 0.97;-0.28;-0.31;-5.25;-0.18;0.79
93418.00ms : 0.97;-0.27;-0.31;-3.60;-1.04;0.73
93438.00ms : 0.95;-0.29;-0.31;-0.79;-1.22;0.67
93458.00ms : 0.95;-0.30;-0.31;-0.79;-0.55;0.31
93478.00ms : 0.96;-0.30;-0.31;-1.10;-0.98;0.24
93498.00ms : 0.96;-0.30;-0.31;-1.22;-1.40;0.31
93518.00ms : 0.95;-0.31;-0.31;-1.53;-1.28;0.00
93538.00ms : 0.94;-0.31;-0.31;-2.26;-1.28;0.43
93558.00ms : 0.96;-0.29;-0.31;-2.14;-1.77;-0.18
93578.00ms : 0.96;-0.29;-0.31;-0.79;-1.83;0.12
93598.00ms : 0.95;-0.31;-0.31;-0.18;-2.08;0.55
93618.00ms : 0.94;-0.31;-0.31;-1.83;-0.92;-0.06
93638.00ms : 0.94;-0.29;-0.30;-2.93;-0.92;-0.98
93658.00ms : 0.96;-0.27;-0.31;-2.44;-0.92;-0.61
93678.00ms : 0.96;-0.29;-0.31;-0.55;-0.85;-0.43
93698.00ms : 0.94;-0.32;-0.31;-0.67;-0.61;-0.18
93718.00ms : 0.94;-0.32;-0.31;-1.59;-0.61;-0.37
93738.00ms : 0.96;-0.30;-0.31;-1.65;-0.98;-0.61
93758.00ms : 0.95;-0.29;-0.31;-0.67;-0.55;0.06
93778.00ms : 0.95;-0.30;-0.30;-0.49;-0.61;0.49
93798.00ms : 0.95;-0.30;-0.31;-1.16;-0.67;0.49
93818.00ms : 0.95;-0.31;-0.32;-1.65;-0.49;0.92
93838.00ms : 0.95;-0.32;-0.32;-2.20;-0.79;0.73
93858.00ms : 0.94;-0.31;-0.31;-1.59;-0.67;0.31
93878.00ms : 0.96;-0.29;-0.31;-1.59;-0.67;0.92
93898.00ms : 0.95;-0.30;-0.31;-0.79;-0.61;1.28
93918.00ms : 0.95;-0.31;-0.31;-0.61;-0.37;1.22
93938.00ms : 0.95;-0.31;-0.30;-1.53;-0.49;0.79
93958.00ms : 0.95;-0.27;-0.31;-1.65;-0.79;0.18
93978.00ms : 0.96;-0.28;-0.31;-0.37;-0.37;1.16
93998.00ms : 0.95;-0.30;-0.31;0.49;0.00;1.22
94018.00ms : 0.95;-0.31;-0.31;0.37;-0.31;0.67
94038.00ms : 0.96;-0.29;-0.31;0.37;-0.49;0.43
94058.00ms : 0.96;-0.31;-0.32;-0.55;-0.55;0.85
94078.00ms : 0.95;-0.34;-0.31;-2.26;-0.18;1.10
94098.00ms : 0.96;-0.32;-0.31;-3.72;-1.16;0.06
94118.00ms : 0.96;-0.29;-0.32;-3.72;-1.04;0.37
94138.00ms : 0.95;-0.28;-0.31;-2.32;-0.61;0.43
94158.00ms : 0.95;-0.28;-0.31;-1.46;-0.37;0.49
94178.00ms : 0.95;-0.28;-0.31;-0.73;-0.98;-0.12
94198.00ms : 0.95;-0.28;-0.31;0.18;-0.67;-0.24
94218.00ms : 0.95;-0.30;-0.32;0.61;-0.79;-0.06
94238.00ms : 0.96;-0.31;-0.31;0.92;-1.10;0.06
94258.00ms : 0.95;-0.31;-0.32;0.55;-0.98;-0.37
94278.00ms : 0.96;-0.30;-0.32;-0.12;-0.79;-0.06
94298.00ms : 0.95;-0.30;-0.32;-0.24;-0.85;-0.37
94318.00ms : 0.95;-0.31;-0.31;-0.67;-1.22;0.12
94338.00ms : 0.95;-0.30;-0.32;-0.98;-0.92;-0.37
94358.00ms : 0.96;-0.29;-0.31;-1.16;-1.28;-0.12
94378.00ms : 0.96;-0.30;-0.32;-1.40;-1.28;0.00
94398.00ms : 0.94;-0.31;-0.31;-1.46;-1.16;-0.31
94418.00ms : 0.95;-0.31;-0.32;-1.83;-0.92;-0.06
94438.00ms : 0.96;-0.29;-0.32;-1.95;-1.40;-0.49
94458.00ms : 0.95;-0.29;-0.31;-1.40;-1.04;0.31
94478.00ms : 0.95;-0.30;-0.31;-1.65;-1.10;0.24
94498.00ms : 0.95;-0.31;-0.31;-2.62;-0.61;0.06
94518.00ms : 0.96;-0.30;-0.31;-3.05;-1.28;-0.43
94538.00ms : 0.95;-0.29;-0.31;-2.50;-1.28;-0.24
94558.00ms : 0.95;-0.30;-0.31;-1.77;-1.16;0.12
94578.00ms : 0.95;-0.30;-0.30;-1.46;-0.92;0.18
94598.00ms : 0.95;-0.29;-0.32;-1.65;-1.46;-0.31
94618.00ms : 0.95;-0.28;-0.31;-1.10;-0.98;-0.06
94638.00ms : 0.95;-0.30;-0.30;-0.49;-1.04;0.18
94658.00ms : 0.95;-0.30;-0.32;0.43;-1.10;0.18
94678.00ms : 0.95;-0.31;-0.32;0.37;-0.73;0.18
94698.00ms : 0.95;-0.30;-0.31;-0.06;-1.22;0.12
94718.00ms : 0.95;-0.30;-0.31;-0.06;-1.04;0.43
94738.00ms : 0.95;-0.31;-0.31;0.12;-1.34;0.24
94758.00ms : 0.95;-0.31;-0.31;-0.12;-1.28;0.37
94778.00ms : 0.95;-0.30;-0.32;0.06;-1.53;0.61
94798.00ms : 0.95;-0.30;-0.31;0.67;-1.65;0.73
94818.00ms : 0.95;-0.32;-0.31;-0.24;-1.04;0.73
94838.00ms : 0.95;-0.29;-0.31;-0.92;-1.28;0.43
94858.00ms : 0.95;-0.28;-0.32;0.06;-1.10;0.37
94878.00ms : 0.95;-0.28;-0.32;1.65;-1.40;0.43
94898.00ms : 0.95;-0.30;-0.31;1.65;-1.22;0.67
94918.00ms : 0.95;-0.31;-0.31;1.65;-1.34;0.31
94938.00ms : 0.94;-0.31;-0.31;1.10;-1.22;0.31
94958.00ms : 0.96;-0.30;-0.31;0.18;-1.16;0.92
94978.00ms : 0.96;-0.31;-0.31;0.18;-1.53;0.55
94998.00ms : 0.96;-0.31;-0.32;0.31;-1.59;0.49
95018.00ms : 0.95;-0.31;-0.31;0.00;-1.46;0.85
95038.00ms : 0.95;-0.30;-0.32;0.24;-0.85;1.04
95058.00ms : 0.96;-0.29;-0.31;0.06;-1.53;1.04
95078.00ms : 0.95;-0.30;-0.31;0.00;-1.34;0.67
95098.00ms : 0.96;-0.30;-0.31;-0.06;-1.53;0.92
95118.00ms : 0.95;-0.29;-0.31;0.73;-0.92;0.67
95138.00ms : 0.95;-0.29;-0.31;0.98;-0.61;0.55
95158.00ms : 0.96;-0.29;-0.31;0.37;-0.92;0.55
95178.00ms : 0.96;-0.30;-0.32;-0.61;-0.98;0.37
95198.00ms : 0.94;-0.32;-0.31;-1.28;-1.10;0.12
95218.00ms : 0.95;-0.31;-0.31;-2.01;-0.67;0.24
95238.00ms : 0.96;-0.29;-0.31;-2.26;-1.34;0.12
95258.00ms : 0.96;-0.30;-0.32;-1.34;-1.40;0.12
95278.00ms : 0.95;-0.31;-0.31;-1.34;-1.16;0.79
95298.00ms : 0.95;-0.30;-0.31;-1.71;-1.22;0.49
95318.00ms : 0.96;-0.29;-0.32;-2.14;-1.40;0.31
95338.00ms : 0.96;-0.29;-0.31;-1.04;-1.40;0.43
95358.00ms : 0.95;-0.30;-0.31;-0.73;-1.59;0.73
95378.00ms : 0.95;-0.30;-0.31;-0.85;-1.28;0.31
95398.00ms : 0.95;-0.28;-0.32;-0.98;-1.46;-0.18
95418.00ms : 0.96;-0.29;-0.31;-1.10;-1.22;0.12
95438.00ms : 0.95;-0.30;-0.30;-0.85;-1.10;0.00
95458.00ms : 0.95;-0.30;-0.31;-1.46;-1.04;0.18
95478.00ms : 0.95;-0.29;-0.31;-0.92;-1.28;-0.43
95498.00ms : 0.96;-0.29;-0.31;-0.12;-1.34;-0.06
95518.00ms : 0.95;-0.30;-0.31;-0.06;-0.85;0.12
95538.00ms : 0.95;-0.31;-0.32;-0.73;-1.04;-0.06
95558.00ms : 0.95;-0.32;-0.31;-2.44;-0.37;-0.79
95578.00ms : 0.95;-0.30;-0.31;-4.09;-0.55;-0.61
95598.00ms : 0.96;-0.30;-0.31;-3.60;-1.28;-0.12
95618.00ms : 0.95;-0.30;-0.31;-3.30;-0.98;0.00
95638.00ms : 0.94;-0.30;-0.31;-2.81;-1.10;-0.37
95658.00ms : 0.95;-0.29;-0.32;-2.32;-0.85;-0.43
95678.00ms : 0.96;-0.28;-0.30;-1.65;-1.71;0.06
95698.00ms : 0.95;-0.29;-0.31;0.31;-1.28;-0.06
95718.00ms : 0.94;-0.29;-0.32;0.37;-0.92;-0.55
95738.00ms : 0.95;-0.31;-0.32;-0.79;-0.61;-0.31
95758.00ms : 0.96;-0.30;-0.32;-1.53;-1.28;-0.24
95778.00ms : 0.95;-0.29;-0.31;0.12;-0.92;-0.37
95798.00ms : 0.95;-0.31;-0.30;0.61;-1.10;-0.31
95818.00ms : 0.95;-0.31;-0.32;-0.79;-0.92;-0.24
95838.00ms : 0.95;-0.31;-0.31;-2.01;-1.34;-0.37
95858.00ms : 0.95;-0.29;-0.32;-1.83;-1.53;-0.18
95878.00ms : 0.94;-0.31;-0.31;-1.28;-0.85;-0.24
95898.00ms : 0.96;-0.31;-0.30;-1.28;-0.55;-1.89
95918.00ms : 1.00;-0.32;-0.32;-0.49;-0.61;-7.02
95938.00ms : 0.94;-0.31;-0.31;-2.26;0.12;-7.81
95958.00ms : 0.90;-0.31;-0.32;-5.13;-0.24;-2.14
95978.00ms : 0.95;-0.30;-0.33;-7.08;-0.61;-1.10
95998.00ms : 0.96;-0.27;-0.31;-4.94;-1.28;-1.95
96018.00ms : 0.95;-0.30;-0.31;-2.50;-1.16;-0.85
96038.00ms : 0.95;-0.31;-0.31;-2.20;-1.28;-0.49
96058.00ms : 0.95;-0.31;-0.31;-3.05;-1.95;-0.61
96078.00ms : 0.95;-0.30;-0.32;-2.44;-1.95;-0.73
96098.00ms : 0.95;-0.31;-0.31;-1.59;-1.95;-0.49
96118.00ms : 0.95;-0.31;-0.31;-2.26;-1.89;-0.43
96138.00ms : 0.95;-0.31;-0.31;-2.44;-2.44;-0.31
96158.00ms : 0.94;-0.31;-0.30;-2.32;-2.56;0.06
96178.00ms : 0.95;-0.32;-0.30;-2.32;-2.26;-0.18
96198.00ms : 0.94;-0.31;-0.30;-2.75;-2.62;-0.67
96218.00ms : 0.96;-0.29;-0.31;-2.26;-2.62;-0.31
96238.00ms : 0.95;-0.31;-0.30;-1.65;-2.38;-0.61
96258.00ms : 0.94;-0.32;-0.29;-1.34;-2.08;-1.34
96278.00ms : 0.95;-0.32;-0.31;-2.32;-1.89;-1.40
96298.00ms : 0.95;-0.31;-0.30;-3.17;-1.77;-1.71
96318.00ms : 0.95;-0.31;-0.31;-4.15;-1.77;-2.44
96338.00ms : 0.95;-0.33;-0.30;-5.31;-1.53;-2.38
96358.00ms : 0.94;-0.33;-0.30;-6.90;-1.77;-2.69
96378.00ms : 0.94;-0.32;-0.30;-6.16;-2.08;-2.81
96398.00ms : 0.95;-0.33;-0.30;-6.53;-1.34;-2.50
96418.00ms : 0.95;-0.32;-0.30;-6.90;-1.53;-2.32
96438.00ms : 0.95;-0.32;-0.29;-7.32;-1.65;-2.50
96458.00ms : 0.94;-0.29;-0.29;-6.29;-1.28;-2.69
96478.00ms : 0.95;-0.30;-0.30;-4.39;-1.28;-1.89
96498.00ms : 0.94;-0.33;-0.28;-3.23;-1.10;-1.89
96518.00ms : 0.93;-0.33;-0.30;-4.88;-1.16;-2.81
96538.00ms : 0.94;-0.31;-0.30;-6.41;-1.28;-3.05
96558.00ms : 0.95;-0.30;-0.30;-6.77;-0.85;-3.17
96578.00ms : 0.95;-0.32;-0.29;-5.98;-1.22;-3.48
96598.00ms : 0.94;-0.33;-0.29;-5.80;-1.28;-3.91
96618.00ms : 0.95;-0.33;-0.29;-6.16;-1.53;-4.82
96638.00ms : 0.95;-0.32;-0.29;-5.98;-2.56;-5.43
96658.00ms : 0.95;-0.32;-0.28;-4.76;-1.83;-6.04
96678.00ms : 0.95;-0.32;-0.28;-4.39;-1.34;-7.87
96698.00ms : 0.97;-0.34;-0.30;-3.97;-1.46;-8.24
96718.00ms : 0.97;-0.37;-0.31;-4.70;-1.04;-11.05
96738.00ms : 0.96;-0.37;-0.30;-8.18;-1.46;-13.55
96758.00ms : 0.99;-0.37;-0.30;-11.72;-2.50;-14.77
96778.00ms : 1.04;-0.31;-0.27;-8.73;-6.59;-20.57
96798.00ms : 1.07;-0.17;-0.30;-1.53;-10.13;-22.64
96818.00ms : 1.14;-0.03;-0.22;14.95;-14.47;-22.64
96838.00ms : 1.20;-0.03;-0.23;47.73;-22.03;-31.56
96858.00ms : 1.19;0.21;-0.41;91.61;-25.02;-34.91
96878.00ms : 1.34;0.18;-0.36;123.72;-35.40;-33.20
96898.00ms : 1.42;0.36;-0.24;154.72;-51.21;-44.62
96918.00ms : 1.24;0.28;-0.41;188.11;-66.53;-37.17
96938.00ms : 1.15;0.10;-0.58;234.62;-89.84;-25.45
96958.00ms : 1.27;-0.10;-0.71;299.68;-120.36;-19.90
96978.00ms : 1.42;0.07;-1.01;375.43;-158.39;-12.15
96998.00ms : 1.26;0.27;-1.19;434.63;-182.43;-0.43
97018.00ms : 0.93;-0.32;-1.05;438.66;-192.50;10.19
97038.00ms : 1.00;-0.69;-0.85;392.88;-216.55;4.39
97058.00ms : 1.08;-0.68;-0.78;339.48;-243.41;-2.75
97078.00ms : 0.93;-0.48;-0.83;319.15;-260.25;-1.89
97098.00ms : 0.89;-0.34;-0.97;324.04;-271.67;6.10
97118.00ms : 0.83;-0.32;-1.15;333.80;-277.71;20.81
97138.00ms : 0.89;-0.35;-1.13;335.27;-286.50;31.37
97158.00ms : 0.98;-0.28;-1.22;340.58;-289.00;26.12
97178.00ms : 0.92;-0.39;-1.34;337.83;-280.21;24.41
97198.00ms : 0.87;-0.49;-1.32;321.29;-262.63;26.12
97218.00ms : 0.87;-0.44;-1.21;300.90;-248.84;27.10
97238.00ms : 0.94;-0.36;-1.15;295.47;-237.85;31.43
97258.00ms : 1.01;-0.35;-1.05;298.89;-231.45;36.38
97278.00ms : 0.98;-0.57;-1.06;296.75;-218.14;34.97
97298.00ms : 0.95;-0.53;-1.05;292.30;-214.78;35.16
97318.00ms : 0.94;-0.51;-1.00;279.60;-208.37;42.24
97338.00ms : 0.94;-0.54;-0.91;274.84;-204.10;45.10
97358.00ms : 0.96;-0.49;-0.93;267.76;-207.21;47.61
97378.00ms : 0.93;-0.63;-0.86;262.51;-197.88;47.91
97398.00ms : 0.88;-0.65;-0.82;258.06;-194.82;47.06
97418.00ms : 0.93;-0.63;-0.87;250.73;-192.63;55.30
97438.00ms : 0.93;-0.68;-0.86;253.78;-187.44;55.11
97458.00ms : 0.88;-0.68;-0.87;244.57;-183.29;53.71
97478.00ms : 0.90;-0.64;-0.91;235.84;-176.39;55.60
97498.00ms : 0.93;-0.71;-0.83;234.13;-161.44;44.25
97518.00ms : 0.86;-0.73;-0.63;210.82;-135.13;34.42
97538.00ms : 0.75;-0.54;-0.69;209.35;-130.43;37.78
97558.00ms : 0.72;-0.71;-0.75;216.25;-141.05;51.88
97578.00ms : 0.72;-0.75;-0.60;222.23;-160.16;50.60
97598.00ms : 0.74;-0.81;-0.60;226.81;-159.42;30.88
97618.00ms : 0.63;-0.72;-0.80;207.95;-146.48;21.48
97638.00ms : 0.68;-0.66;-0.64;196.35;-132.81;24.90
97658.00ms : 0.81;-0.60;-0.51;195.50;-128.30;22.22
97678.00ms : 0.80;-0.65;-0.50;194.70;-126.16;12.27
97698.00ms : 0.80;-0.54;-0.48;183.17;-125.18;9.77
97718.00ms : 0.87;-0.46;-0.47;180.85;-124.08;14.83
97738.00ms : 0.95;-0.43;-0.55;191.22;-124.33;24.35
97758.00ms : 0.89;-0.44;-0.54;210.21;-126.71;27.65
97778.00ms : 0.89;-0.60;-0.50;219.73;-129.15;24.72
97798.00ms : 0.90;-0.64;-0.50;216.67;-134.34;19.17
97818.00ms : 0.86;-0.61;-0.52;207.89;-133.18;17.58
97838.00ms : 0.84;-0.53;-0.55;204.41;-131.84;20.51
97858.00ms : 0.83;-0.47;-0.55;206.67;-126.65;24.72
97878.00ms : 0.82;-0.52;-0.54;205.26;-119.81;26.86
97898.00ms : 0.87;-0.60;-0.51;196.90;-113.77;25.33
97918.00ms : 0.87;-0.56;-0.52;184.39;-111.45;22.89
97938.00ms : 0.85;-0.53;-0.51;175.72;-106.99;23.86
97958.00ms : 0.86;-0.55;-0.45;165.89;-104.37;23.99
97978.00ms : 0.89;-0.55;-0.44;155.03;-105.04;23.07
97998.00ms : 0.92;-0.53;-0.47;145.14;-104.00;24.96
98018.00ms : 0.93;-0.46;-0.48;140.14;-101.62;26.06
98038.00ms : 0.90;-0.49;-0.47;135.56;-95.34;28.44
98058.00ms : 0.88;-0.53;-0.48;129.46;-87.95;29.97
98078.00ms : 0.90;-0.52;-0.48;116.21;-80.93;29.36
98098.00ms : 0.87;-0.50;-0.48;99.30;-76.35;26.18
98118.00ms : 0.84;-0.52;-0.46;86.18;-69.70;30.70
98138.00ms : 0.84;-0.52;-0.42;69.40;-67.20;44.80
98158.00ms : 0.89;-0.55;-0.47;55.05;-67.50;59.45
98178.00ms : 0.84;-0.60;-0.34;25.27;-63.54;66.04
98198.00ms : 0.81;-0.57;-0.30;5.07;-71.29;83.13
98218.00ms : 0.89;-0.54;-0.33;-7.26;-63.11;83.01
98238.00ms : 0.91;-0.36;-0.39;-34.48;-49.07;66.53
98258.00ms : 0.85;-0.34;-0.44;-50.42;-26.06;39.06
98278.00ms : 0.81;-0.46;-0.21;-68.60;-7.32;19.96
98298.00ms : 0.94;-0.62;-0.48;-69.89;0.24;-12.94
98318.00ms : 0.99;-0.82;-0.78;-52.37;8.79;-54.63
98338.00ms : 0.89;-0.55;-0.19;-37.78;-10.38;-48.10
98358.00ms : 0.83;-0.07;-0.46;-36.68;-16.42;5.37
98378.00ms : 1.05;-0.03;-0.53;-14.34;-2.26;23.44
98398.00ms : 1.05;-0.32;-0.39;4.64;3.36;-2.56
98418.00ms : 0.88;-0.43;-0.40;-2.75;10.56;-17.64
98438.00ms : 0.88;-0.33;-0.33;-27.71;11.96;-7.08
98458.00ms : 1.01;-0.18;-0.26;-26.92;8.06;0.18
98478.00ms : 0.98;-0.22;-0.25;3.30;6.90;-1.22
98498.00ms : 0.91;-0.42;-0.30;16.78;6.77;-1.89
98518.00ms : 0.89;-0.51;-0.35;11.35;8.42;0.49
98538.00ms : 0.93;-0.51;-0.33;-2.26;9.09;0.55
98558.00ms : 0.97;-0.51;-0.27;-11.05;6.96;0.98
98578.00ms : 0.92;-0.45;-0.24;-13.00;4.94;1.10
98598.00ms : 0.85;-0.38;-0.25;-10.80;5.13;-0.61
98618.00ms : 0.88;-0.31;-0.24;-12.94;4.33;2.26
98638.00ms : 0.95;-0.31;-0.25;-12.39;3.23;1.40
98658.00ms : 0.94;-0.35;-0.24;-11.41;0.06;-3.91
98678.00ms : 0.90;-0.26;-0.27;-8.54;0.67;-4.58
98698.00ms : 0.92;-0.29;-0.29;-4.52;-0.43;-1.53
98718.00ms : 0.94;-0.37;-0.27;2.01;-0.85;-0.37
98738.00ms : 0.94;-0.45;-0.29;6.59;-3.23;0.49
98758.00ms : 0.89;-0.43;-0.27;2.38;-3.72;1.10
98778.00ms : 0.91;-0.38;-0.29;-1.59;-4.09;0.55
98798.00ms : 0.97;-0.33;-0.28;-0.18;-3.85;1.71
98818.00ms : 0.98;-0.34;-0.25;4.88;-3.97;3.54
98838.00ms : 0.92;-0.38;-0.27;9.89;-3.42;4.27
98858.00ms : 0.93;-0.32;-0.24;7.57;-3.23;4.03
98878.00ms : 0.93;-0.28;-0.23;7.32;-4.09;2.87
98898.00ms : 0.95;-0.32;-0.29;14.04;-3.30;5.25
98918.00ms : 0.96;-0.39;-0.27;14.83;-2.56;7.45
98938.00ms : 0.95;-0.39;-0.24;11.41;-2.14;6.16
98958.00ms : 0.94;-0.32;-0.24;11.17;-1.77;4.70
98978.00ms : 0.92;-0.31;-0.26;12.15;-2.44;6.53
98998.00ms : 0.92;-0.36;-0.28;12.94;-2.32;8.06
99018.00ms : 0.93;-0.43;-0.28;11.90;-1.34;9.46
99038.00ms : 0.92;-0.44;-0.27;7.39;-0.55;8.67
99058.00ms : 0.95;-0.41;-0.28;-0.24;-0.49;7.51
99078.00ms : 0.95;-0.37;-0.28;-3.23;-1.22;7.14
99098.00ms : 0.93;-0.30;-0.27;0.73;-0.98;8.36
99118.00ms : 0.95;-0.31;-0.27;5.98;0.37;10.31
99138.00ms : 0.98;-0.35;-0.27;5.55;0.49;9.46
99158.00ms : 0.96;-0.35;-0.27;3.05;0.92;8.36
99178.00ms : 0.94;-0.32;-0.29;2.99;0.79;7.51
99198.00ms : 0.92;-0.32;-0.28;3.72;0.92;8.00
99218.00ms : 0.93;-0.34;-0.26;3.05;1.71;8.30
99238.00ms : 0.96;-0.34;-0.27;1.83;1.46;7.51
99258.00ms : 0.95;-0.35;-0.29;1.71;0.73;7.45
99278.00ms : 0.92;-0.35;-0.28;1.04;1.16;7.45
99298.00ms : 0.94;-0.31;-0.29;0.12;1.28;7.87
99318.00ms : 0.96;-0.29;-0.28;0.24;0.92;7.20
99338.00ms : 0.95;-0.26;-0.27;1.53;1.40;6.29
99358.00ms : 0.94;-0.26;-0.29;5.07;1.65;5.43
99378.00ms : 0.95;-0.27;-0.29;7.32;2.14;5.37
99398.00ms : 0.95;-0.29;-0.29;8.42;1.59;5.07
99418.00ms : 0.95;-0.31;-0.30;8.24;1.59;5.07
99438.00ms : 0.96;-0.35;-0.30;6.29;1.04;5.19
99458.00ms : 0.96;-0.34;-0.30;5.49;-0.24;5.13
99478.00ms : 0.94;-0.32;-0.30;4.46;0.00;4.58
99498.00ms : 0.94;-0.31;-0.29;2.20;-0.12;4.76
99518.00ms : 0.95;-0.29;-0.29;1.34;0.43;4.09
99538.00ms : 0.95;-0.29;-0.30;1.71;0.55;3.36
99558.00ms : 0.94;-0.27;-0.29;4.09;0.24;2.56
99578.00ms : 0.96;-0.26;-0.31;6.65;0.73;3.85
99598.00ms : 0.95;-0.31;-0.30;7.81;0.61;4.09
99618.00ms : 0.95;-0.31;-0.30;7.93;0.73;3.48
99638.00ms : 0.97;-0.29;-0.32;7.51;-0.73;2.75
99658.00ms : 0.96;-0.32;-0.32;6.10;-0.55;4.33
99678.00ms : 0.94;-0.33;-0.30;5.19;-1.28;3.66
99698.00ms : 0.95;-0.31;-0.31;4.15;-0.85;2.56
99718.00ms : 0.96;-0.31;-0.31;1.10;-0.61;2.32
99738.00ms : 0.96;-0.30;-0.30;-1.59;-0.92;2.26
99758.00ms : 0.95;-0.29;-0.31;-0.43;-0.98;1.71
99778.00ms : 0.95;-0.28;-0.30;0.79;-0.55;1.83
99798.00ms : 0.96;-0.27;-0.32;1.16;-0.61;1.65
99818.00ms : 0.96;-0.28;-0.31;0.73;-0.24;1.04
99838.00ms : 0.95;-0.31;-0.31;-1.22;-0.67;0.49
99858.00ms : 0.95;-0.30;-0.31;-2.44;-1.28;0.37
99878.00ms : 0.96;-0.30;-0.32;-3.78;-1.04;-0.24
99898.00ms : 0.96;-0.30;-0.30;-4.27;-1.34;-0.67
99918.00ms : 0.95;-0.31;-0.32;-6.04;-1.53;-0.61
99938.00ms : 0.96;-0.29;-0.31;-6.53;-2.26;-0.73
99958.00ms : 0.96;-0.27;-0.30;-5.43;-1.89;-1.28
99978.00ms : 0.96;-0.27;-0.31;-4.39;-2.44;-0.18
99998.00ms : 0.96;-0.32;-0.30;-3.54;-3.36;0.18
100018.00ms : 0.94;-0.31;-0.31;-3.78;-2.69;-0.79
100038.00ms : 0.95;-0.28;-0.30;-4.76;-2.99;-0.92
100058.00ms : 0.95;-0.26;-0.29;-2.32;-2.87;-0.43
100078.00ms : 0.96;-0.27;-0.30;0.18;-2.81;0.06
100098.00ms : 0.96;-0.30;-0.30;0.79;-2.69;0.12
100118.00ms : 0.95;-0.32;-0.29;-1.71;-2.93;-0.49
100138.00ms : 0.95;-0.30;-0.30;-2.56;-3.23;-0.67
100158.00ms : 0.96;-0.30;-0.30;-1.34;-3.11;-0.18
100178.00ms : 0.96;-0.30;-0.31;-0.06;-3.11;0.18
100198.00ms : 0.94;-0.30;-0.29;-0.55;-2.56;0.00
100218.00ms : 0.94;-0.28;-0.29;-1.71;-2.44;-0.61
100238.00ms : 0.95;-0.26;-0.29;-1.34;-2.26;-0.55
100258.00ms : 0.95;-0.25;-0.29;2.38;-2.38;-0.06
100278.00ms : 0.95;-0.30;-0.29;4.76;-2.01;0.43
100298.00ms : 0.94;-0.35;-0.29;2.08;-1.71;0.37
100318.00ms : 0.95;-0.33;-0.30;-1.77;-2.26;-0.06
100338.00ms : 0.96;-0.31;-0.30;-2.99;-2.08;0.24
100358.00ms : 0.95;-0.30;-0.29;-2.81;-2.14;0.06
100378.00ms : 0.96;-0.29;-0.29;-2.44;-2.38;0.18
100398.00ms : 0.95;-0.29;-0.30;-1.89;-2.08;0.79
100418.00ms : 0.95;-0.29;-0.30;-2.20;-2.26;0.67
100438.00ms : 0.95;-0.30;-0.30;-2.01;-2.62;0.85
100458.00ms : 0.94;-0.29;-0.29;-1.04;-1.65;0.61
100478.00ms : 0.95;-0.30;-0.28;-1.34;-1.89;0.73
100498.00ms : 0.96;-0.28;-0.30;-2.08;-1.83;0.49
100518.00ms : 0.95;-0.27;-0.29;-0.49;-1.95;0.43
100538.00ms : 0.95;-0.28;-0.29;0.92;-1.65;1.16
100558.00ms : 0.95;-0.31;-0.29;1.34;-1.95;1.04
100578.00ms : 0.94;-0.32;-0.28;-0.61;-1.34;0.79
100598.00ms : 0.95;-0.29;-0.29;-1.65;-1.71;0.79
100618.00ms : 0.96;-0.27;-0.29;-0.18;-1.77;0.73
100638.00ms : 0.94;-0.29;-0.29;1.04;-0.98;0.73
100658.00ms : 0.93;-0.32;-0.28;-0.43;-0.85;1.22
100678.00ms : 0.96;-0.30;-0.29;-2.01;-1.34;0.98
100698.00ms : 0.96;-0.31;-0.29;-3.05;-1.28;1.22
100718.00ms : 0.95;-0.31;-0.28;-4.09;-1.65;1.04
100738.00ms : 0.95;-0.29;-0.29;-3.85;-1.40;0.92
100758.00ms : 0.95;-0.29;-0.29;-3.78;-1.16;1.46
100778.00ms : 0.95;-0.28;-0.28;-3.60;-0.67;1.16
100798.00ms : 0.94;-0.26;-0.28;-2.81;-0.12;0.37
100818.00ms : 0.95;-0.26;-0.28;-2.38;-0.06;0.49
100838.00ms : 0.95;-0.28;-0.28;-1.10;-0.37;0.85
100858.00ms : 0.95;-0.29;-0.29;0.18;-0.12;0.31
100878.00ms : 0.96;-0.27;-0.28;1.71;0.00;0.18
100898.00ms : 0.97;-0.29;-0.29;0.31;0.24;-1.10
100918.00ms : 0.95;-0.30;-0.30;-2.87;-1.65;-1.46
100938.00ms : 0.93;-0.31;-0.30;-2.93;-1.59;1.04
100958.00ms : 0.95;-0.32;-0.29;-1.71;-1.28;0.98
100978.00ms : 0.95;-0.30;-0.29;-2.01;-1.59;0.61
100998.00ms : 0.95;-0.29;-0.30;-0.73;-1.95;1.16
101018.00ms : 0.95;-0.27;-0.29;1.22;-1.95;2.08
101038.00ms : 0.94;-0.28;-0.29;2.87;-1.10;2.38
101058.00ms : 0.96;-0.29;-0.28;2.69;-1.59;1.71
101078.00ms : 0.95;-0.27;-0.29;1.46;-1.59;1.53
101098.00ms : 0.95;-0.29;-0.29;1.65;-1.53;1.28
101118.00ms : 0.95;-0.31;-0.29;1.10;-1.04;1.53
101138.00ms : 0.95;-0.31;-0.29;-0.85;-1.71;1.53
101158.00ms : 0.96;-0.28;-0.29;-1.95;-2.08;1.28
101178.00ms : 0.96;-0.27;-0.29;-1.10;-2.14;1.40
101198.00ms : 0.96;-0.30;-0.29;-0.55;-1.95;1.59
101218.00ms : 0.95;-0.30;-0.28;-1.71;-1.40;1.16
101238.00ms : 0.95;-0.27;-0.29;-2.44;-1.71;0.61
101258.00ms : 0.95;-0.26;-0.28;-1.22;-1.83;0.67
101278.00ms : 0.95;-0.27;-0.29;1.04;-1.89;1.40
101298.00ms : 0.95;-0.28;-0.28;1.89;-1.22;1.10
101318.00ms : 0.96;-0.25;-0.26;-0.55;-2.26;1.65
101338.00ms : 0.97;-0.27;-0.29;-5.31;-4.64;2.75
101358.00ms : 0.92;-0.28;-0.29;-0.92;-1.77;1.22
101378.00ms : 0.94;-0.28;-0.27;1.77;-0.61;1.46
101398.00ms : 0.96;-0.30;-0.29;2.62;-1.53;2.14
101418.00ms : 0.96;-0.33;-0.29;1.65;-2.20;1.40
101438.00ms : 0.94;-0.34;-0.29;0.43;-2.50;0.79
101458.00ms : 0.95;-0.32;-0.29;-1.10;-2.62;1.34
101478.00ms : 0.95;-0.28;-0.28;-0.92;-2.01;0.12
101498.00ms : 0.96;-0.24;-0.29;0.55;-2.32;-0.06
101518.00ms : 0.95;-0.25;-0.29;2.01;-1.71;0.67
101538.00ms : 0.94;-0.27;-0.28;2.99;-0.55;0.12
101558.00ms : 0.95;-0.27;-0.29;3.17;-0.61;-0.49
101578.00ms : 0.96;-0.27;-0.28;2.81;-0.85;-0.55
101598.00ms : 0.95;-0.29;-0.28;2.81;-0.92;-0.49
101618.00ms : 0.96;-0.30;-0.28;1.89;-1.16;-0.37
101638.00ms : 0.95;-0.30;-0.29;0.43;-1.22;-0.12
101658.00ms : 0.95;-0.29;-0.28;-1.04;-0.98;-0.18
101678.00ms : 0.96;-0.28;-0.28;-0.85;-0.85;-0.12
101698.00ms : 0.94;-0.29;-0.28;-0.43;-0.73;0.00
101718.00ms : 0.95;-0.29;-0.27;-1.22;-0.49;0.06
101738.00ms : 0.95;-0.28;-0.28;-1.89;-0.85;0.12
101758.00ms : 0.95;-0.29;-0.28;-1.65;-0.37;-0.06
101778.00ms : 0.95;-0.30;-0.28;-0.92;-0.67;0.31
101798.00ms : 0.96;-0.29;-0.28;-1.40;-0.31;0.55
101818.00ms : 0.96;-0.28;-0.29;-2.50;-0.61;0.06
101838.00ms : 0.95;-0.28;-0.29;-3.36;-0.55;0.43
101858.00ms : 0.95;-0.26;-0.29;-1.40;-0.98;0.61
101878.00ms : 0.95;-0.27;-0.29;0.31;-0.55;0.55
101898.00ms : 0.95;-0.29;-0.28;-0.24;-0.24;0.06
101918.00ms : 0.95;-0.29;-0.29;-1.59;-0.55;0.18
101938.00ms : 0.95;-0.29;-0.28;-1.16;-1.28;0.43
101958.00ms : 0.95;-0.29;-0.29;-0.31;-0.49;0.73
101978.00ms : 0.95;-0.30;-0.28;-1.53;-1.22;0.73
101998.00ms : 0.95;-0.28;-0.29;-2.99;-1.10;0.18
102018.00ms : 0.95;-0.26;-0.29;-2.75;-0.98;0.00
102038.00ms : 0.94;-0.26;-0.28;-1.28;-0.61;-0.18
102058.00ms : 0.95;-0.29;-0.29;-0.37;-0.43;0.06
102078.00ms : 0.96;-0.30;-0.28;-1.34;-0.61;-0.06
102098.00ms : 0.95;-0.29;-0.29;-1.77;-0.73;-0.18
102118.00ms : 0.95;-0.28;-0.28;-1.04;-0.85;-0.06
102138.00ms : 0.95;-0.26;-0.29;-0.31;-0.55;-0.18
102158.00ms : 0.96;-0.27;-0.29;0.06;-0.73;-0.18
102178.00ms : 0.96;-0.29;-0.28;-0.12;-0.55;-0.31
102198.00ms : 0.95;-0.28;-0.29;0.31;-1.28;-0.12
102218.00ms : 0.96;-0.29;-0.29;0.85;-1.34;0.49
102238.00ms : 0.95;-0.29;-0.28;0.85;-1.28;0.31
102258.00ms : 0.95;-0.31;-0.28;-0.37;-1.22;0.24
102278.00ms : 0.95;-0.31;-0.28;-2.93;-0.98;0.18
102298.00ms : 0.95;-0.29;-0.29;-4.76;-0.92;-0.37
102318.00ms : 0.95;-0.28;-0.29;-4.33;-0.79;-0.31
102338.00ms : 0.95;-0.28;-0.29;-2.26;-1.04;0.24
102358.00ms : 0.96;-0.29;-0.29;-1.65;-0.85;0.73
102378.00ms : 0.96;-0.29;-0.28;-1.65;-1.28;0.43
102398.00ms : 0.96;-0.27;-0.29;-0.73;-1.28;0.98
102418.00ms : 0.94;-0.29;-0.28;0.37;-0.73;0.79
102438.00ms : 0.95;-0.29;-0.28;0.24;-1.04;0.73
102458.00ms : 0.96;-0.27;-0.28;-0.43;-1.28;0.67
102478.00ms : 0.96;-0.27;-0.29;-0.37;-1.71;0.79
102498.00ms : 0.95;-0.28;-0.29;0.85;-1.59;0.92
102518.00ms : 0.95;-0.30;-0.29;1.34;-1.40;0.85
102538.00ms : 0.96;-0.30;-0.28;0.18;-1.77;0.98
102558.00ms : 0.96;-0.28;-0.29;-0.49;-1.71;0.37
102578.00ms : 0.95;-0.28;-0.29;-0.31;-1.89;0.67
102598.00ms : 0.95;-0.28;-0.28;0.37;-1.83;0.92
102618.00ms : 0.95;-0.29;-0.28;1.04;-2.08;0.43
102638.00ms : 0.95;-0.29;-0.29;0.73;-2.01;1.22
102658.00ms : 0.95;-0.30;-0.28;-0.12;-1.77;0.79
102678.00ms : 0.95;-0.27;-0.29;-0.06;-1.83;0.67
102698.00ms : 0.95;-0.26;-0.28;0.85;-1.71;0.31
102718.00ms : 0.96;-0.29;-0.28;0.67;-1.53;0.79
102738.00ms : 0.95;-0.30;-0.29;0.61;-2.01;0.61
102758.00ms : 0.95;-0.28;-0.29;0.98;-1.83;0.37
102778.00ms : 0.95;-0.28;-0.28;0.92;-1.28;0.98
102798.00ms : 0.95;-0.28;-0.28;0.73;-2.14;0.73
102818.00ms : 0.95;-0.29;-0.28;0.18;-1.95;0.85
102838.00ms : 0.95;-0.29;-0.28;0.00;-1.71;0.85
102858.00ms : 0.95;-0.27;-0.28;0.67;-2.01;0.92
102878.00ms : 0.95;-0.27;-0.28;1.34;-1.89;0.61
102898.00ms : 0.96;-0.27;-0.29;0.92;-1.53;0.79
102918.00ms : 0.95;-0.28;-0.28;-0.43;-1.10;0.31
102938.00ms : 0.96;-0.29;-0.28;-1.04;-1.34;0.37
102958.00ms : 0.96;-0.27;-0.28;0.00;-2.75;0.31
102978.00ms : 0.96;-0.29;-0.28;0.79;-2.01;0.55
102998.00ms : 0.95;-0.31;-0.27;-0.37;-2.14;0.06
103018.00ms : 0.94;-0.29;-0.28;-2.38;-1.83;0.06
103038.00ms : 0.94;-0.27;-0.28;-2.62;-1.40;0.92
103058.00ms : 0.95;-0.28;-0.27;-1.40;-1.10;1.28
103078.00ms : 0.95;-0.27;-0.28;-0.85;-0.73;0.49
103098.00ms : 0.95;-0.27;-0.28;-0.92;-0.79;0.73
103118.00ms : 0.95;-0.26;-0.28;-0.37;-0.79;0.73
103138.00ms : 0.96;-0.27;-0.29;0.12;-0.67;1.40
103158.00ms : 0.95;-0.29;-0.29;0.92;-1.10;1.10
103178.00ms : 0.95;-0.29;-0.29;0.85;-0.98;0.79
103198.00ms : 0.96;-0.29;-0.29;-0.12;-1.59;1.53
103218.00ms : 0.96;-0.28;-0.28;-0.43;-1.65;0.67
103238.00ms : 0.94;-0.27;-0.28;0.67;-1.22;0.37
103258.00ms : 0.96;-0.26;-0.28;1.22;-1.16;0.92
103278.00ms : 0.96;-0.29;-0.28;0.55;-1.04;0.98
103298.00ms : 0.95;-0.31;-0.28;-0.49;-1.46;1.10
103318.00ms : 0.95;-0.30;-0.28;-1.16;-1.46;0.79
103338.00ms : 0.96;-0.27;-0.28;-1.34;-1.34;0.73
103358.00ms : 0.95;-0.25;-0.28;-0.67;-1.04;1.04
103378.00ms : 0.95;-0.26;-0.28;0.31;-1.16;0.73
103398.00ms : 0.95;-0.29;-0.27;0.61;-0.61;0.92
103418.00ms : 0.95;-0.30;-0.28;-0.61;-0.55;0.55
103438.00ms : 0.96;-0.29;-0.27;-0.85;-0.49;-0.06
103458.00ms : 0.95;-0.27;-0.28;-0.79;-0.61;0.31
103478.00ms : 0.96;-0.28;-0.28;-0.49;-0.31;0.06
103498.00ms : 0.96;-0.28;-0.27;-1.46;-0.79;-0.98
103518.00ms : 0.95;-0.28;-0.28;-2.56;-1.16;-0.49
103538.00ms : 0.94;-0.30;-0.29;-3.30;-0.43;0.00
103558.00ms : 0.95;-0.29;-0.29;-3.05;-0.18;-0.37
103578.00ms : 0.96;-0.26;-0.29;-2.14;-0.55;0.24
103598.00ms : 0.95;-0.27;-0.28;-1.10;-0.92;1.10
103618.00ms : 0.95;-0.29;-0.28;-0.55;-0.92;0.85
103638.00ms : 0.95;-0.28;-0.28;-0.98;-0.24;0.24
103658.00ms : 0.96;-0.26;-0.28;-0.49;-0.55;0.67
103678.00ms : 0.95;-0.27;-0.29;0.73;-0.55;0.85
103698.00ms : 0.95;-0.28;-0.27;1.22;-0.43;1.10
103718.00ms : 0.96;-0.29;-0.29;1.04;-0.79;0.85
103738.00ms : 0.96;-0.29;-0.28;-0.18;-0.79;0.61
103758.00ms : 0.96;-0.28;-0.29;-1.10;-1.10;0.67
103778.00ms : 0.96;-0.27;-0.27;-0.37;-0.85;0.24
103798.00ms : 0.96;-0.27;-0.28;0.61;-1.10;0.43
103818.00ms : 0.96;-0.27;-0.28;1.28;-1.16;0.55
103838.00ms : 0.95;-0.27;-0.29;2.01;-1.04;0.67
103858.00ms : 0.96;-0.29;-0.28;1.10;-1.04;0.49
103878.00ms : 0.95;-0.28;-0.28;0.24;-1.34;0.37
103898.00ms : 0.95;-0.27;-0.28;1.16;-1.28;0.43
103918.00ms : 0.96;-0.28;-0.29;1.59;-1.10;0.55
103938.00ms : 0.96;-0.28;-0.28;1.46;-1.10;0.55
103958.00ms : 0.95;-0.29;-0.28;-0.06;-1.22;0.12
103978.00ms : 0.95;-0.28;-0.29;-1.34;-1.34;0.18
103998.00ms : 0.95;-0.27;-0.28;-0.98;-1.40;0.18
104018.00ms : 0.95;-0.27;-0.29;-0.24;-1.22;0.12
104038.00ms : 0.95;-0.27;-0.28;0.31;-1.16;-0.06
104058.00ms : 0.96;-0.27;-0.28;0.37;-1.22;-0.06
104078.00ms : 0.95;-0.28;-0.28;0.67;-0.85;-0.12
104098.00ms : 0.96;-0.29;-0.28;0.61;-1.10;-0.18
104118.00ms : 0.95;-0.29;-0.28;-0.73;-0.85;-0.24
104138.00ms : 0.96;-0.27;-0.29;-0.67;-1.04;-0.49
104158.00ms : 0.96;-0.28;-0.29;-0.18;-1.28;-0.06
104178.00ms : 0.95;-0.29;-0.28;0.06;-1.04;0.06
104198.00ms : 0.95;-0.28;-0.28;0.06;-1.16;0.12
104218.00ms : 0.95;-0.27;-0.28;0.43;-1.40;0.00
104238.00ms : 0.95;-0.28;-0.28;0.24;-1.46;0.12
104258.00ms : 0.95;-0.28;-0.28;0.37;-1.53;0.18
104278.00ms : 0.95;-0.29;-0.29;0.43;-1.53;0.18
104298.00ms : 0.95;-0.29;-0.28;-0.37;-0.67;0.37
104318.00ms : 0.96;-0.28;-0.29;-1.04;-1.04;-0.18
104338.00ms : 0.96;-0.27;-0.28;-0.37;-0.98;0.18
104358.00ms : 0.95;-0.27;-0.29;0.43;-1.16;0.37
104378.00ms : 0.94;-0.30;-0.28;0.12;-0.43;0.61
104398.00ms : 0.95;-0.29;-0.28;-1.34;-0.79;-0.06
104418.00ms : 0.96;-0.28;-0.29;-1.46;-0.79;0.31
104438.00ms : 0.96;-0.27;-0.29;-0.43;-1.10;0.79
104458.00ms : 0.95;-0.29;-0.29;-0.12;-0.98;0.73
104478.00ms : 0.94;-0.30;-0.28;-1.53;-0.61;0.12
104498.00ms : 0.95;-0.27;-0.28;-2.32;-0.43;0.12
104518.00ms : 0.97;-0.27;-0.28;-1.22;-0.98;0.61
104538.00ms : 0.96;-0.28;-0.29;0.37;-1.34;0.67
104558.00ms : 0.95;-0.30;-0.28;-0.43;-0.79;0.73
104578.00ms : 0.95;-0.29;-0.29;-2.26;-0.85;0.12
104598.00ms : 0.96;-0.25;-0.28;-1.77;-0.85;0.43
104618.00ms : 0.96;-0.27;-0.28;-0.43;-1.04;0.61
104638.00ms : 0.94;-0.28;-0.28;-0.55;-0.61;0.37
104658.00ms : 0.95;-0.30;-0.29;-0.73;-0.79;0.18
104678.00ms : 0.95;-0.27;-0.28;-0.85;-1.04;0.18
104698.00ms : 0.96;-0.27;-0.29;-0.24;-1.28;0.55
104718.00ms : 0.95;-0.28;-0.28;-0.24;-0.67;0.31
104738.00ms : 0.95;-0.29;-0.28;-0.67;-0.73;0.00
104758.00ms : 0.95;-0.28;-0.29;-0.55;-0.98;-0.12
104778.00ms : 0.96;-0.27;-0.29;0.12;-1.10;0.12
104798.00ms : 0.95;-0.28;-0.28;0.12;-1.16;0.24
104818.00ms : 0.95;-0.29;-0.29;-1.10;-0.85;-0.06
104838.00ms : 0.96;-0.29;-0.29;-1.40;-0.98;0.00
104858.00ms : 0.96;-0.28;-0.28;-0.31;-1.46;0.12
104878.00ms : 0.95;-0.27;-0.29;0.49;-1.16;0.49
104898.00ms : 0.95;-0.27;-0.29;0.06;-1.46;0.31
104918.00ms : 0.96;-0.26;-0.30;1.16;-1.71;0.24
104938.00ms : 0.97;-0.26;-0.30;3.11;-2.87;0.43
104958.00ms : 0.95;-0.27;-0.29;3.91;-2.08;0.43
104978.00ms : 0.93;-0.32;-0.27;1.59;-0.92;-0.06
104998.00ms : 0.94;-0.30;-0.28;-0.18;-1.34;0.12
105018.00ms : 0.96;-0.29;-0.28;0.79;-1.28;0.79
105038.00ms : 0.95;-0.28;-0.29;1.77;-1.53;1.77
105058.00ms : 0.94;-0.30;-0.28;0.73;-0.31;1.04
105078.00ms : 0.95;-0.29;-0.27;-1.95;-0.61;0.43
105098.00ms : 0.96;-0.26;-0.28;-2.50;-0.98;0.06
105118.00ms : 0.96;-0.26;-0.29;-0.98;-1.22;0.24
105138.00ms : 0.94;-0.27;-0.28;-0.18;0.06;-0.12
105158.00ms : 0.96;-0.28;-0.29;-0.61;-0.18;0.24
105178.00ms : 0.96;-0.30;-0.28;-0.73;-0.12;0.37
105198.00ms : 0.95;-0.30;-0.28;-1.83;-0.73;0.00
105218.00ms : 0.95;-0.29;-0.29;-2.69;-0.67;0.00
105238.00ms : 0.96;-0.28;-0.29;-2.87;-0.85;0.31
105258.00ms : 0.95;-0.27;-0.29;-1.40;-1.04;0.31
105278.00ms : 0.96;-0.27;-0.29;-1.46;-1.16;0.79
105298.00ms : 0.95;-0.28;-0.29;-1.46;-0.98;-0.06
105318.00ms : 0.95;-0.28;-0.29;-1.83;-0.98;-0.24
105338.00ms : 0.95;-0.27;-0.29;-1.10;-0.79;-0.37
105358.00ms : 0.95;-0.29;-0.29;-0.98;-0.85;-0.06
105378.00ms : 0.95;-0.29;-0.28;-1.28;-1.53;-0.12
105398.00ms : 0.95;-0.27;-0.28;-0.12;-1.10;-0.49
105418.00ms : 0.96;-0.29;-0.29;0.73;-1.10;0.00
105438.00ms : 0.95;-0.29;-0.29;0.12;-1.22;-0.06
105458.00ms : 0.95;-0.29;-0.29;0.00;-1.59;0.12
105478.00ms : 0.96;-0.27;-0.29;0.37;-1.46;-0.18
105498.00ms : 0.95;-0.28;-0.29;0.43;-1.53;0.37
105518.00ms : 0.95;-0.29;-0.28;-0.24;-1.28;0.12
105538.00ms : 0.95;-0.28;-0.28;-0.24;-1.22;-0.24
105558.00ms : 0.95;-0.28;-0.28;0.43;-1.28;0.18
105578.00ms : 0.95;-0.29;-0.29;0.67;-1.28;-0.12
105598.00ms : 0.95;-0.30;-0.28;-1.10;-0.79;0.12
105618.00ms : 0.96;-0.29;-0.29;-2.01;-1.10;0.06
105638.00ms : 0.96;-0.29;-0.28;-1.65;-1.22;0.00
105658.00ms : 0.95;-0.27;-0.29;-0.73;-1.59;0.24
105678.00ms : 0.95;-0.29;-0.29;-0.67;-1.04;0.49
105698.00ms : 0.95;-0.29;-0.28;-1.77;-0.98;-0.18
105718.00ms : 0.95;-0.28;-0.28;-2.26;-0.79;-0.18
105738.00ms : 0.96;-0.27;-0.29;-1.10;-1.28;0.12
105758.00ms : 0.95;-0.27;-0.29;0.24;-1.22;0.37
105778.00ms : 0.95;-0.29;-0.29;0.49;-0.79;-0.43
105798.00ms : 0.96;-0.30;-0.27;-1.40;-0.67;-0.24
105818.00ms : 0.96;-0.28;-0.29;-2.50;-0.73;-0.55
105838.00ms : 0.96;-0.28;-0.28;-1.89;-0.92;-1.34
105858.00ms : 0.95;-0.28;-0.28;-0.85;-0.79;-1.16
105878.00ms : 0.95;-0.29;-0.28;-1.53;-0.49;-1.10
105898.00ms : 0.95;-0.29;-0.28;-2.69;-0.37;-1.71
105918.00ms : 0.96;-0.28;-0.29;-2.01;-0.92;-1.53
105938.00ms : 0.95;-0.29;-0.28;0.00;-0.73;-1.65
105958.00ms : 0.94;-0.29;-0.29;-0.55;-0.43;-1.28
105978.00ms : 0.95;-0.30;-0.29;-1.77;0.12;-1.46
105998.00ms : 0.95;-0.30;-0.29;-2.81;-0.43;-1.16
