406918.00ms : 0.98;-0.05;-0.41;-1.83;1.28;-1.53
406937.00ms : 1.01;-0.06;-0.38;3.54;6.90;-0.06
406957.00ms : 0.99;-0.03;-0.40;5.00;9.83;0.43
406977.00ms : 1.00;-0.05;-0.41;3.97;4.52;2.69
406997.00ms : 0.99;-0.05;-0.40;-3.48;-0.49;1.65
407017.00ms : 0.99;-0.01;-0.40;-6.04;-0.18;-1.46
407037.00ms : 0.99;0.01;-0.41;-3.48;1.46;-3.30
407057.00ms : 1.00;-0.00;-0.38;-1.22;2.44;1.53
407077.00ms : 1.05;-0.03;-0.40;-6.90;-4.03;8.73
407097.00ms : 0.98;-0.03;-0.39;-7.81;-6.71;5.98
407117.00ms : 0.98;-0.02;-0.40;-7.93;-0.85;-2.08
407137.00ms : 1.00;-0.02;-0.39;-7.14;3.54;-6.23
407157.00ms : 1.00;-0.05;-0.42;-6.59;3.85;-6.71
407177.00ms : 0.99;-0.05;-0.40;-6.65;4.58;-8.42
407197.00ms : 0.99;-0.04;-0.40;-5.86;3.78;-8.48
407217.00ms : 0.98;-0.03;-0.39;-4.70;6.16;-5.25
407237.00ms : 1.02;-0.04;-0.40;-4.76;4.58;-4.21
407257.00ms : 0.99;-0.03;-0.40;-5.07;4.27;-5.43
407277.00ms : 0.98;-0.02;-0.40;-6.16;7.51;-8.24
407297.00ms : 1.00;-0.01;-0.38;-7.69;4.64;-7.20
407317.00ms : 0.98;-0.02;-0.38;-7.93;5.86;-7.20
407337.00ms : 0.97;-0.02;-0.38;-8.54;8.24;-8.79
407357.00ms : 0.99;0.01;-0.38;-10.99;9.64;-11.84
407377.00ms : 0.99;-0.01;-0.40;-11.17;9.40;-12.27
407397.00ms : 0.97;-0.04;-0.41;-11.23;11.29;-13.49
407417.00ms : 0.97;-0.05;-0.42;-12.02;14.22;-14.83
407437.00ms : 0.99;-0.04;-0.42;-13.18;14.95;-17.94
407457.00ms : 0.97;-0.03;-0.42;-12.94;15.32;-19.78
407477.00ms : 0.96;-0.01;-0.43;-11.90;17.52;-21.24
407497.00ms : 0.98;-0.02;-0.46;-7.57;19.23;-22.58
407517.00ms : 0.99;-0.06;-0.47;-4.03;18.80;-22.46
407537.00ms : 0.98;-0.10;-0.48;-2.75;19.04;-23.56
407557.00ms : 0.97;-0.09;-0.50;-4.70;18.49;-24.78
407577.00ms : 0.98;-0.09;-0.50;-1.83;18.86;-25.21
407597.00ms : 0.99;-0.12;-0.50;2.01;19.23;-23.50
407617.00ms : 0.99;-0.17;-0.51;3.60;19.96;-23.56
407637.00ms : 0.97;-0.18;-0.54;0.61;18.37;-25.63
407657.00ms : 0.99;-0.18;-0.57;-0.79;17.21;-24.72
407677.00ms : 0.98;-0.19;-0.54;3.42;16.24;-21.06
407697.00ms : 0.98;-0.20;-0.54;5.07;15.14;-18.55
407717.00ms : 0.98;-0.20;-0.52;5.55;15.87;-19.65
407737.00ms : 0.98;-0.22;-0.52;5.62;15.26;-18.43
407757.00ms : 0.96;-0.23;-0.53;5.62;14.65;-15.63
407777.00ms : 0.97;-0.23;-0.55;6.04;13.98;-14.10
407797.00ms : 0.98;-0.21;-0.54;6.04;13.37;-15.01
407817.00ms : 0.99;-0.22;-0.56;3.66;10.86;-17.58
407837.00ms : 0.96;-0.22;-0.61;2.14;10.93;-19.10
407857.00ms : 0.96;-0.20;-0.64;1.53;12.15;-18.68
407877.00ms : 1.00;-0.21;-0.65;2.62;10.13;-19.10
407897.00ms : 0.97;-0.25;-0.61;8.30;7.87;-18.07
407917.00ms : 0.92;-0.24;-0.57;5.49;9.22;-22.28
407937.00ms : 0.99;-0.20;-0.61;-0.98;9.46;-24.54
407957.00ms : 0.99;-0.23;-0.64;3.23;6.77;-21.12
407977.00ms : 0.93;-0.34;-0.61;10.68;6.71;-20.51
407997.00ms : 0.90;-0.33;-0.59;7.69;9.83;-25.15
408017.00ms : 0.96;-0.29;-0.59;1.89;10.74;-25.76
408037.00ms : 0.97;-0.27;-0.60;4.94;9.46;-22.83
408057.00ms : 0.91;-0.32;-0.58;9.22;9.77;-22.52
408077.00ms : 0.91;-0.33;-0.56;6.10;11.29;-25.15
408097.00ms : 0.94;-0.30;-0.60;2.93;13.18;-25.82
408117.00ms : 0.94;-0.29;-0.63;4.46;12.33;-24.96
408137.00ms : 0.90;-0.33;-0.60;8.06;13.12;-25.82
408157.00ms : 0.92;-0.34;-0.66;4.39;13.85;-26.67
408177.00ms : 0.93;-0.32;-0.67;4.64;11.78;-26.61
408197.00ms : 0.90;-0.36;-0.67;10.74;10.62;-25.63
408217.00ms : 0.89;-0.37;-0.62;10.62;13.92;-27.95
408237.00ms : 0.94;-0.39;-0.65;6.84;15.81;-27.59
408257.00ms : 0.94;-0.38;-0.71;6.29;14.28;-24.05
408277.00ms : 0.88;-0.47;-0.72;7.51;10.56;-24.35
408297.00ms : 0.86;-0.49;-0.65;2.14;13.49;-27.77
408317.00ms : 0.93;-0.39;-0.65;-1.59;14.71;-24.60
408337.00ms : 0.89;-0.42;-0.66;3.54;15.01;-20.32
408357.00ms : 0.90;-0.50;-0.73;4.46;16.78;-19.96
408377.00ms : 0.94;-0.50;-0.74;1.16;10.80;-17.76
408397.00ms : 0.85;-0.53;-0.66;-1.53;11.41;-18.74
408417.00ms : 0.84;-0.48;-0.69;-10.38;15.56;-15.32
408437.00ms : 0.91;-0.38;-0.78;-12.21;11.60;-12.39
408457.00ms : 0.93;-0.43;-0.83;0.73;4.27;-11.66
408477.00ms : 0.87;-0.48;-0.74;7.20;2.87;-15.01
408497.00ms : 0.87;-0.48;-0.69;3.17;3.60;-14.71
408517.00ms : 0.92;-0.50;-0.78;0.37;-0.43;-9.58
408537.00ms : 0.86;-0.50;-0.79;1.46;-5.80;-7.63
408557.00ms : 0.84;-0.54;-0.78;2.20;-7.57;-10.01
408577.00ms : 0.99;-0.57;-0.84;-1.34;-9.28;-7.02
408597.00ms : 1.08;-0.53;-0.91;-5.49;-23.99;-3.48
408617.00ms : 1.02;-0.55;-0.96;-0.49;-29.11;0.18
408637.00ms : 0.97;-0.65;-0.94;3.78;-29.05;5.19
408657.00ms : 1.09;-0.70;-0.93;10.01;-35.10;15.26
408677.00ms : 1.18;-0.68;-0.76;10.38;-44.37;18.55
408697.00ms : 1.16;-0.81;-0.68;3.85;-48.10;19.78
408717.00ms : 1.15;-0.90;-0.76;-9.64;-47.49;28.26
408737.00ms : 1.16;-0.99;-0.72;-21.67;-53.71;39.18
408757.00ms : 1.18;-1.12;-0.64;-33.69;-59.81;49.07
408777.00ms : 1.20;-1.30;-0.60;-54.93;-62.07;57.07
408797.00ms : 1.41;-1.28;-0.86;-90.03;-66.47;76.35
408817.00ms : 1.73;-1.11;-0.93;-97.47;-84.17;109.74
408837.00ms : 1.79;-0.72;-0.43;-72.51;-118.23;141.85
408857.00ms : 1.75;-0.36;-0.21;-68.48;-131.04;154.91
408877.00ms : 1.26;0.23;-0.37;-72.33;-140.62;153.50
408897.00ms : 0.80;1.16;-0.32;-45.53;-157.47;151.18
408917.00ms : -0.18;1.65;0.27;3.05;-97.05;80.63
408937.00ms : -0.45;1.09;-0.52;61.10;2.38;-20.20
408957.00ms : -0.16;0.59;-0.31;77.76;34.85;-41.99
408977.00ms : 0.17;0.15;-0.48;60.97;59.02;-66.28
408997.00ms : 0.26;-0.20;-0.40;43.95;45.47;-72.02
409017.00ms : 0.16;-0.52;-0.46;21.36;30.88;-46.69
409037.00ms : 0.10;-0.62;-0.56;-9.28;9.95;-3.54
409057.00ms : 0.06;-0.39;-0.58;-37.35;-13.92;29.66
409077.00ms : -0.03;-0.18;-0.43;-42.42;-20.39;47.42
409097.00ms : -0.11;-0.08;-0.39;-52.49;-15.87;51.39
409117.00ms : -0.07;0.11;-0.35;-72.51;-17.40;52.06
409137.00ms : 0.05;0.45;-0.43;-74.34;-14.59;39.00
409157.00ms : 0.10;0.49;-0.24;-56.03;-7.20;21.67
409177.00ms : -0.09;0.49;-0.23;-46.81;16.11;-12.51
409197.00ms : -0.40;0.88;1.02;-52.55;39.37;-46.51
409217.00ms : 0.40;0.10;-0.26;-5.07;126.89;-187.38
409237.00ms : 2.79;0.59;0.79;-45.04;155.21;-257.08
409257.00ms : 4.24;-0.15;-0.66;52.19;80.26;-114.44
409277.00ms : 0.86;-0.93;-0.74;85.39;-23.01;-48.16
409297.00ms : -0.25;-1.49;-0.74;112.12;57.68;-47.67
409317.00ms : -0.04;-1.83;-0.93;77.58;115.17;-39.06
409337.00ms : 0.88;-1.28;-1.17;-86.79;160.28;-98.39
409357.00ms : 4.76;-0.10;-0.52;-110.72;150.15;-70.43
409377.00ms : 2.33;-0.13;-0.19;-9.22;-165.41;28.99
409397.00ms : -0.20;-0.83;-0.67;111.94;-26.92;-20.08
409417.00ms : -0.34;-1.20;-1.06;28.87;45.96;-3.78
409437.00ms : 0.62;-0.53;-1.34;-1.53;79.83;-29.11
409457.00ms : 1.79;-0.33;-0.52;91.92;56.34;-4.76
409477.00ms : 1.37;-1.01;-0.04;62.26;-11.35;12.08
409497.00ms : 0.78;-0.63;-0.30;-17.46;3.66;-19.84
409517.00ms : 0.95;-0.44;-0.76;-33.63;5.86;-8.97
409537.00ms : 0.87;-0.38;-0.79;-9.03;-2.81;13.43
409557.00ms : 0.82;-0.40;-0.79;12.88;4.94;4.58
409577.00ms : 0.86;-0.43;-0.64;20.87;11.05;-4.70
409597.00ms : 0.93;-0.40;-0.65;18.13;-0.24;-6.41
409617.00ms : 0.99;-0.30;-0.61;28.20;-2.87;-1.77
409637.00ms : 0.88;-0.44;-0.58;31.92;-0.61;-1.04
409657.00ms : 0.86;-0.47;-0.57;12.88;6.16;-3.97
409677.00ms : 0.84;-0.39;-0.55;1.16;2.14;-4.88
409697.00ms : 0.81;-0.34;-0.55;-0.79;6.96;-11.60
409717.00ms : 0.89;-0.34;-0.54;8.73;12.33;-7.45
409737.00ms : 0.91;-0.46;-0.64;12.08;13.85;-5.86
409757.00ms : 0.90;-0.49;-0.75;5.86;11.41;-5.55
409777.00ms : 0.93;-0.42;-0.68;5.13;11.05;-7.63
409797.00ms : 0.87;-0.44;-0.65;5.13;8.36;-12.51
409817.00ms : 0.83;-0.48;-0.68;2.44;11.78;-9.64
409837.00ms : 0.87;-0.48;-0.75;0.37;8.97;-6.41
409857.00ms : 0.93;-0.44;-0.77;7.93;5.80;-6.65
409877.00ms : 0.91;-0.49;-0.75;14.83;6.41;-5.74
409897.00ms : 0.86;-0.58;-0.75;10.62;7.39;-2.01
409917.00ms : 0.95;-0.51;-0.74;4.03;5.00;-2.44
409937.00ms : 0.90;-0.48;-0.70;5.43;-2.69;-3.72
409957.00ms : 0.85;-0.52;-0.73;7.08;0.55;0.18
409977.00ms : 0.88;-0.56;-0.72;2.14;3.36;2.81
409997.00ms : 0.92;-0.54;-0.71;-2.26;-0.24;2.01
410017.00ms : 0.90;-0.51;-0.72;-2.44;-2.75;2.93
410037.00ms : 0.88;-0.49;-0.75;-0.61;-3.72;7.26
410057.00ms : 0.82;-0.51;-0.71;-0.24;0.85;7.93
410077.00ms : 0.90;-0.52;-0.70;-1.83;4.15;8.85
410097.00ms : 0.96;-0.53;-0.72;-6.04;1.83;10.86
410117.00ms : 0.92;-0.52;-0.74;-9.03;-0.98;11.54
410137.00ms : 0.87;-0.46;-0.71;-6.96;-3.54;13.98
410157.00ms : 0.91;-0.49;-0.75;-6.41;-7.45;16.36
410177.00ms : 0.93;-0.41;-0.65;-5.98;-11.35;15.99
410197.00ms : 0.95;-0.49;-0.73;-5.37;-13.49;16.48
410217.00ms : 0.90;-0.50;-0.70;-7.02;-14.65;19.29
410237.00ms : 0.89;-0.50;-0.70;-10.31;-15.63;22.03
410257.00ms : 0.89;-0.50;-0.68;-12.33;-16.91;25.88
410277.00ms : 0.91;-0.47;-0.69;-13.67;-15.75;27.47
410297.00ms : 0.91;-0.44;-0.69;-12.27;-15.44;29.24
410317.00ms : 0.91;-0.41;-0.67;-12.63;-14.16;29.24
410337.00ms : 0.93;-0.37;-0.67;-12.57;-16.17;29.17
410357.00ms : 0.90;-0.37;-0.64;-10.56;-17.40;28.26
410377.00ms : 0.92;-0.35;-0.67;-11.66;-17.52;27.95
410397.00ms : 0.94;-0.34;-0.67;-11.66;-19.23;29.60
410417.00ms : 0.94;-0.34;-0.67;-10.56;-22.95;30.27
410437.00ms : 0.92;-0.35;-0.64;-9.22;-24.96;29.54
410457.00ms : 0.92;-0.33;-0.61;-9.03;-25.21;29.48
410477.00ms : 0.95;-0.27;-0.61;-9.70;-28.44;28.38
410497.00ms : 0.96;-0.22;-0.67;-5.92;-30.40;27.22
410517.00ms : 0.96;-0.24;-0.67;4.15;-30.58;28.38
410537.00ms : 0.95;-0.29;-0.61;11.05;-32.17;30.40
410557.00ms : 0.93;-0.31;-0.54;9.89;-31.86;28.50
410577.00ms : 0.95;-0.28;-0.52;4.52;-31.13;24.60
410597.00ms : 0.98;-0.25;-0.56;1.46;-33.02;25.27
410617.00ms : 0.96;-0.23;-0.53;5.31;-33.51;27.53
410637.00ms : 0.91;-0.20;-0.50;8.85;-32.35;26.06
410657.00ms : 0.94;-0.16;-0.50;8.73;-30.88;22.64
410677.00ms : 0.96;-0.15;-0.50;10.50;-29.11;22.09
410697.00ms : 0.96;-0.14;-0.49;11.29;-28.56;21.79
410717.00ms : 0.94;-0.13;-0.46;11.54;-28.20;21.24
410737.00ms : 0.93;-0.17;-0.44;10.99;-27.22;20.69
410757.00ms : 0.93;-0.20;-0.40;7.08;-24.48;21.36
410777.00ms : 0.97;-0.18;-0.44;1.04;-23.56;19.96
410797.00ms : 1.00;-0.15;-0.44;-0.18;-25.09;18.19
410817.00ms : 0.98;-0.13;-0.45;2.20;-25.33;16.36
410837.00ms : 0.98;-0.15;-0.46;8.67;-24.23;17.58
410857.00ms : 0.97;-0.22;-0.40;15.26;-22.16;20.45
410877.00ms : 0.98;-0.20;-0.34;14.47;-20.81;21.00
410897.00ms : 0.96;-0.05;-0.34;16.11;-19.47;18.98
410917.00ms : 0.96;0.01;-0.37;27.65;-16.05;20.45
410937.00ms : 0.96;-0.05;-0.34;32.78;-9.64;19.35
410957.00ms : 0.99;-0.10;-0.38;25.51;-10.38;17.09
410977.00ms : 1.00;-0.08;-0.39;17.82;-11.78;15.75
410997.00ms : 0.96;-0.06;-0.35;15.69;-9.34;13.12
411017.00ms : 0.96;-0.05;-0.34;16.66;-7.32;10.50
411037.00ms : 0.97;-0.02;-0.35;15.14;-6.29;6.41
411057.00ms : 1.02;-0.07;-0.37;13.55;-7.69;6.77
411077.00ms : 0.99;-0.10;-0.36;10.50;-6.47;6.84
411097.00ms : 0.96;-0.07;-0.37;8.06;-5.25;3.97
411117.00ms : 0.98;-0.03;-0.39;6.41;-4.39;2.14
411137.00ms : 1.00;-0.10;-0.37;4.94;-5.68;2.56
411157.00ms : 0.98;-0.13;-0.36;0.31;-5.80;1.95
411177.00ms : 0.98;-0.10;-0.36;-0.98;-4.82;1.34
411197.00ms : 0.99;-0.08;-0.38;-0.06;-4.03;1.04
411217.00ms : 1.00;-0.08;-0.39;3.48;-4.52;2.14
411237.00ms : 0.98;-0.08;-0.38;5.68;-4.03;2.50
411257.00ms : 0.98;-0.08;-0.36;4.21;-1.83;1.95
411277.00ms : 1.03;-0.12;-0.38;1.40;-4.09;2.69
411297.00ms : 1.01;-0.19;-0.37;-2.75;-5.00;3.05
411317.00ms : 0.97;-0.12;-0.37;-4.94;-4.94;1.95
411337.00ms : 0.97;0.00;-0.36;1.34;-3.23;1.16
411357.00ms : 1.00;-0.01;-0.35;5.49;-1.65;0.92
411377.00ms : 1.00;-0.10;-0.36;3.48;-1.59;1.04
411397.00ms : 0.98;-0.12;-0.38;-2.56;-2.20;1.22
411417.00ms : 0.99;-0.08;-0.37;-3.17;-2.20;-0.18
411437.00ms : 0.99;-0.07;-0.36;-1.40;-0.92;-0.85
411457.00ms : 1.01;-0.10;-0.37;-2.14;-1.34;-0.06
411477.00ms : 1.01;-0.15;-0.38;-4.03;-3.17;0.98
411497.00ms : 1.00;-0.17;-0.38;-6.16;-4.03;1.16
411517.00ms : 0.98;-0.11;-0.38;-8.67;-3.97;0.61
411537.00ms : 0.98;-0.03;-0.34;-8.85;-2.14;-0.24
411557.00ms : 1.01;-0.00;-0.36;-6.35;-1.59;0.37
411577.00ms : 1.02;-0.07;-0.38;-2.87;-2.81;2.20
411597.00ms : 0.99;-0.17;-0.37;-2.44;-2.75;2.50
411617.00ms : 0.98;-0.14;-0.34;-4.58;-2.81;0.18
411637.00ms : 1.02;-0.07;-0.37;-2.75;-3.30;0.43
411657.00ms : 1.00;-0.10;-0.37;-0.37;-3.36;2.69
411677.00ms : 0.97;-0.08;-0.36;-2.75;-2.08;2.75
411697.00ms : 1.00;-0.05;-0.36;-2.99;-1.71;0.79
411717.00ms : 1.00;-0.07;-0.35;-3.11;-1.04;1.28
411737.00ms : 1.00;-0.08;-0.37;-3.97;-1.46;1.40
411757.00ms : 0.99;-0.04;-0.37;-0.43;-1.71;1.10
411777.00ms : 0.99;-0.07;-0.35;2.93;0.06;0.92
411797.00ms : 1.00;-0.11;-0.36;0.49;-0.18;1.10
411817.00ms : 1.01;-0.10;-0.36;-2.14;-1.40;1.16
411837.00ms : 1.00;-0.09;-0.37;-1.28;-1.89;1.16
411857.00ms : 0.98;-0.09;-0.36;0.92;-0.73;1.16
411877.00ms : 0.99;-0.09;-0.36;1.53;0.24;1.34
411897.00ms : 1.01;-0.06;-0.37;2.20;-0.85;1.10
411917.00ms : 1.00;-0.10;-0.38;1.89;-1.16;1.89
411937.00ms : 0.98;-0.11;-0.38;0.06;-1.10;2.14
411957.00ms : 1.00;-0.08;-0.36;-0.12;-1.28;1.83
411977.00ms : 1.01;-0.08;-0.35;0.79;-1.53;1.65
411997.00ms : 1.00;-0.09;-0.35;1.46;-1.40;2.56
412017.00ms : 0.99;-0.08;-0.37;2.75;-1.46;2.99
412037.00ms : 0.99;-0.07;-0.37;2.75;-1.16;2.62
412057.00ms : 1.00;-0.07;-0.37;0.79;-1.28;2.32
412077.00ms : 0.99;-0.08;-0.35;-0.79;-0.85;2.32
412097.00ms : 0.99;-0.07;-0.34;-1.46;0.06;1.40
412117.00ms : 1.00;-0.04;-0.36;0.06;-0.55;0.85
412137.00ms : 0.99;-0.05;-0.37;0.92;0.37;0.85
412157.00ms : 1.00;-0.06;-0.35;-1.83;0.85;1.04
412177.00ms : 0.99;-0.06;-0.36;-3.05;1.28;-0.37
412197.00ms : 1.00;-0.05;-0.37;-1.46;0.43;0.24
412217.00ms : 1.00;-0.08;-0.38;-0.61;-0.61;0.55
412237.00ms : 1.00;-0.12;-0.37;-0.98;-0.85;1.28
412257.00ms : 1.00;-0.12;-0.37;-2.99;-0.73;1.10
412277.00ms : 1.01;-0.09;-0.38;-3.05;-1.83;1.04
412297.00ms : 1.00;-0.05;-0.37;-2.08;-1.53;1.40
412317.00ms : 1.00;-0.04;-0.36;-0.98;-1.53;1.59
412337.00ms : 0.99;-0.05;-0.36;-0.43;-1.34;1.16
412357.00ms : 1.00;-0.06;-0.36;-0.79;-1.46;0.67
412377.00ms : 1.00;-0.07;-0.36;-0.98;-0.73;0.67
412397.00ms : 1.00;-0.08;-0.37;-0.92;-0.85;0.31
412417.00ms : 1.00;-0.07;-0.37;-0.92;-1.40;0.00
412437.00ms : 1.00;-0.06;-0.37;-0.24;-1.16;0.55
412457.00ms : 1.00;-0.06;-0.36;0.06;-0.98;0.67
412477.00ms : 1.00;-0.07;-0.37;0.49;-0.79;0.61
412497.00ms : 0.99;-0.06;-0.36;1.59;-0.12;0.00
412517.00ms : 0.99;-0.03;-0.36;2.69;0.67;-0.37
412537.00ms : 1.00;-0.03;-0.37;3.30;1.16;-0.12
412557.00ms : 0.99;-0.07;-0.37;1.65;1.10;-0.12
412577.00ms : 1.00;-0.11;-0.37;0.12;0.31;0.61
412597.00ms : 1.01;-0.14;-0.38;-3.05;-0.06;0.24
412617.00ms : 1.01;-0.14;-0.37;-8.42;-1.77;-0.37
412637.00ms : 0.99;-0.07;-0.38;-10.07;-1.46;-0.31
412657.00ms : 0.99;-0.02;-0.37;-5.74;-1.40;-0.12
412677.00ms : 0.99;-0.04;-0.35;-1.95;-1.22;0.12
412697.00ms : 1.00;-0.07;-0.35;-3.30;-1.28;0.18
412717.00ms : 0.99;-0.05;-0.37;-5.00;-0.73;0.12
412737.00ms : 0.99;-0.03;-0.37;-4.03;-0.55;-0.49
412757.00ms : 0.99;-0.06;-0.36;-1.59;0.61;-0.43
412777.00ms : 1.01;-0.09;-0.37;-2.01;0.18;-0.37
412797.00ms : 1.01;-0.09;-0.38;-3.54;-0.49;-0.43
412817.00ms : 1.00;-0.10;-0.38;-6.41;-0.98;-0.31
412837.00ms : 0.99;-0.08;-0.38;-8.42;-1.46;-0.49
412857.00ms : 1.00;-0.05;-0.38;-7.81;-1.89;-0.61
412877.00ms : 1.00;-0.08;-0.36;-8.12;-2.14;-0.49
412897.00ms : 0.99;-0.09;-0.35;-9.03;-2.44;-0.12
412917.00ms : 1.01;-0.07;-0.36;-8.48;-2.62;0.06
412937.00ms : 1.01;-0.09;-0.38;-6.41;-2.50;0.61
412957.00ms : 1.00;-0.11;-0.38;-6.41;-2.62;1.40
412977.00ms : 0.99;-0.07;-0.37;-6.10;-2.26;0.73
412997.00ms : 0.99;-0.03;-0.36;-4.09;-2.50;0.49
413017.00ms : 1.00;-0.02;-0.36;0.00;-2.26;1.28
413037.00ms : 1.00;-0.05;-0.35;2.81;-2.08;1.77
413057.00ms : 0.98;-0.06;-0.36;1.34;-1.16;0.73
413077.00ms : 1.00;-0.06;-0.36;0.37;-0.98;-0.37
413097.00ms : 1.00;-0.09;-0.36;0.67;-1.46;0.73
413117.00ms : 1.00;-0.08;-0.36;0.61;-1.59;0.31
413137.00ms : 0.99;-0.05;-0.35;-0.79;-1.77;-1.04
413157.00ms : 0.99;-0.06;-0.35;-3.48;-1.22;-0.24
413177.00ms : 1.00;-0.04;-0.37;-4.21;-1.89;-0.12
413197.00ms : 1.00;-0.05;-0.36;-1.16;-1.46;-0.61
413217.00ms : 1.00;-0.07;-0.37;2.01;-2.01;-0.67
413237.00ms : 0.99;-0.07;-0.36;2.81;-1.95;-0.37
413257.00ms : 1.00;-0.07;-0.35;1.83;-1.71;-0.31
413277.00ms : 1.00;-0.08;-0.36;1.16;-2.20;0.00
413297.00ms : 1.00;-0.08;-0.37;2.44;-1.89;0.12
413317.00ms : 1.00;-0.08;-0.35;1.89;-1.83;-0.37
413337.00ms : 1.00;-0.07;-0.37;0.73;-1.95;0.49
413357.00ms : 1.00;-0.08;-0.36;-0.24;-1.34;-0.18
413377.00ms : 1.00;-0.09;-0.35;-2.69;-1.77;0.55
413397.00ms : 0.99;-0.08;-0.35;-3.17;-2.20;0.55
413417.00ms : 1.00;-0.07;-0.36;-2.14;-1.83;0.12
413437.00ms : 0.99;-0.07;-0.35;-2.14;-1.28;-0.12
413457.00ms : 1.00;-0.10;-0.37;-6.65;-1.40;0.49
413477.00ms : 1.00;-0.05;-0.36;-8.48;-1.65;-0.43
413497.00ms : 1.01;-0.05;-0.36;-6.84;-1.95;-0.43
413517.00ms : 0.99;-0.07;-0.36;-6.47;-2.14;-0.43
413537.00ms : 0.99;-0.06;-0.34;-5.98;-1.46;-0.98
413557.00ms : 1.00;-0.03;-0.36;-5.68;-1.95;-2.08
413577.00ms : 1.00;-0.04;-0.36;-3.91;-2.08;-1.59
413597.00ms : 0.99;-0.06;-0.35;-2.38;-1.22;-0.73
413617.00ms : 0.99;-0.06;-0.35;-1.16;-0.67;-1.04
413637.00ms : 1.00;-0.06;-0.35;1.04;-0.24;-1.10
413657.00ms : 1.00;-0.09;-0.35;2.08;0.12;-0.61
413677.00ms : 1.00;-0.08;-0.36;2.75;-0.67;-0.61
413697.00ms : 0.99;-0.08;-0.35;2.56;-0.55;-0.06
413717.00ms : 0.99;-0.07;-0.36;0.92;-0.67;-0.24
413737.00ms : 0.99;-0.07;-0.36;-0.18;-0.61;0.06
413757.00ms : 0.99;-0.09;-0.34;-1.28;0.06;0.00
413777.00ms : 0.99;-0.08;-0.35;-2.38;0.61;-0.92
413797.00ms : 1.01;-0.07;-0.36;-3.48;-0.67;-0.79
413817.00ms : 0.99;-0.07;-0.36;-1.95;-0.98;-0.55
413837.00ms : 0.99;-0.08;-0.35;-1.95;-0.55;-0.79
413857.00ms : 0.99;-0.08;-0.35;-1.65;0.12;-0.55
413877.00ms : 1.00;-0.09;-0.36;-1.95;0.31;0.06
413897.00ms : 1.00;-0.08;-0.36;-1.77;0.37;-0.06
413917.00ms : 1.01;-0.01;-0.34;0.49;1.65;-4.09
413937.00ms : 0.98;0.02;-0.35;6.23;2.38;-5.74
413957.00ms : 0.95;0.00;-0.34;9.40;3.23;-3.17
413977.00ms : 0.98;-0.02;-0.33;7.14;4.09;-4.58
413997.00ms : 1.00;-0.03;-0.33;6.35;2.99;-6.29
414017.00ms : 0.99;-0.14;-0.35;5.25;4.46;-6.10
414037.00ms : 1.00;-0.19;-0.38;-2.44;4.09;-6.84
414057.00ms : 1.00;-0.15;-0.41;-8.00;2.20;-6.96
414077.00ms : 1.01;-0.09;-0.40;-6.96;1.40;-4.52
414097.00ms : 1.00;-0.11;-0.37;-2.20;3.54;-1.89
414117.00ms : 0.98;-0.14;-0.35;-3.66;3.85;-2.69
414137.00ms : 1.00;-0.07;-0.35;-9.03;3.30;-5.37
414157.00ms : 1.00;-0.02;-0.36;-8.97;4.27;-6.23
414177.00ms : 0.99;-0.05;-0.34;-4.88;6.59;-6.23
414197.00ms : 0.97;-0.07;-0.33;-7.63;8.48;-8.85
414217.00ms : 0.98;-0.04;-0.34;-10.50;9.09;-9.83
414237.00ms : 1.00;-0.03;-0.38;-10.44;9.58;-10.31
414257.00ms : 1.00;-0.08;-0.36;-7.02;9.70;-10.68
414277.00ms : 0.98;-0.12;-0.36;-7.87;11.35;-12.21
414297.00ms : 0.97;-0.09;-0.34;-9.34;13.18;-13.92
414317.00ms : 0.96;-0.04;-0.35;-11.78;15.08;-15.75
414337.00ms : 0.99;-0.06;-0.38;-11.72;15.75;-15.20
414357.00ms : 0.98;-0.11;-0.37;-10.68;18.07;-16.91
414377.00ms : 0.97;-0.11;-0.40;-12.21;19.17;-19.23
414397.00ms : 0.98;-0.09;-0.43;-11.23;19.10;-20.75
414417.00ms : 0.97;-0.08;-0.46;-8.54;20.08;-20.45
414437.00ms : 0.99;-0.15;-0.47;-2.81;20.75;-18.62
414457.00ms : 1.00;-0.19;-0.46;-1.83;19.96;-20.75
414477.00ms : 0.97;-0.21;-0.43;-0.67;18.68;-25.70
414497.00ms : 0.93;-0.06;-0.45;-5.25;18.43;-26.06
414517.00ms : 0.97;-0.08;-0.52;1.22;21.36;-25.57
414537.00ms : 1.01;-0.15;-0.50;8.42;20.14;-20.02
414557.00ms : 0.95;-0.24;-0.45;11.11;19.71;-18.13
414577.00ms : 0.91;-0.27;-0.46;5.31;21.55;-20.26
414597.00ms : 0.96;-0.26;-0.45;1.04;23.56;-23.99
414617.00ms : 0.96;-0.19;-0.51;-1.40;22.46;-23.50
414637.00ms : 0.97;-0.22;-0.53;4.03;23.56;-20.94
414657.00ms : 0.97;-0.26;-0.57;7.20;23.68;-17.94
414677.00ms : 0.96;-0.33;-0.54;7.45;23.25;-17.76
414697.00ms : 0.95;-0.31;-0.54;0.06;21.61;-18.98
414717.00ms : 0.95;-0.25;-0.53;-3.11;20.87;-21.42
414737.00ms : 0.98;-0.28;-0.59;-1.22;21.24;-17.88
414757.00ms : 0.98;-0.31;-0.57;1.71;21.00;-13.98
414777.00ms : 0.97;-0.32;-0.62;1.95;17.15;-13.73
414797.00ms : 0.93;-0.28;-0.60;2.93;15.01;-16.11
414817.00ms : 0.92;-0.29;-0.60;4.82;17.03;-17.33
414837.00ms : 0.97;-0.33;-0.62;6.04;19.04;-13.61
414857.00ms : 1.00;-0.37;-0.59;6.10;16.54;-11.05
414877.00ms : 0.95;-0.32;-0.57;0.31;12.21;-14.40
414897.00ms : 0.92;-0.26;-0.59;-0.92;11.66;-16.85
414917.00ms : 0.91;-0.29;-0.60;2.32;17.27;-15.01
414937.00ms : 0.93;-0.35;-0.61;2.93;20.14;-11.23
414957.00ms : 0.98;-0.37;-0.62;-2.50;15.50;-10.74
414977.00ms : 0.97;-0.30;-0.61;-6.90;8.06;-14.53
414997.00ms : 0.91;-0.31;-0.71;-6.96;7.45;-17.94
415017.00ms : 0.89;-0.35;-0.66;2.56;13.92;-14.16
415037.00ms : 0.93;-0.41;-0.67;0.98;15.87;-13.92
415057.00ms : 0.97;-0.36;-0.71;-3.42;11.47;-15.56
415077.00ms : 0.98;-0.36;-0.72;-5.43;6.71;-16.54
415097.00ms : 0.92;-0.41;-0.74;-3.91;7.93;-16.66
415117.00ms : 0.95;-0.41;-0.73;-6.65;7.57;-10.13
415137.00ms : 0.94;-0.37;-0.69;-6.35;4.70;-11.35
415157.00ms : 0.90;-0.29;-0.61;-2.56;2.14;-14.10
415177.00ms : 0.90;-0.33;-0.62;9.03;5.19;-11.23
415197.00ms : 0.89;-0.42;-0.58;14.22;9.16;-9.83
415217.00ms : 0.93;-0.44;-0.62;8.91;9.83;-9.83
415237.00ms : 0.95;-0.42;-0.69;1.59;8.06;-11.05
415257.00ms : 0.90;-0.36;-0.73;0.06;5.07;-10.38
415277.00ms : 0.87;-0.38;-0.74;2.87;7.14;-9.58
415297.00ms : 0.94;-0.41;-0.73;1.53;8.36;-9.46
415317.00ms : 0.96;-0.37;-0.71;0.06;1.40;-9.58
415337.00ms : 0.87;-0.40;-0.71;4.15;-0.92;-10.74
415357.00ms : 0.86;-0.43;-0.63;6.84;4.88;-10.68
415377.00ms : 0.91;-0.44;-0.64;1.28;6.47;-10.01
415397.00ms : 0.92;-0.43;-0.68;-1.95;3.42;-6.47
415417.00ms : 0.89;-0.43;-0.72;-2.87;2.62;-6.23
415437.00ms : 0.88;-0.41;-0.68;-1.40;3.60;-6.41
415457.00ms : 0.89;-0.40;-0.65;0.18;5.25;-8.85
415477.00ms : 0.91;-0.36;-0.69;1.16;1.89;-8.30
415497.00ms : 0.86;-0.39;-0.74;4.09;2.01;-6.59
415517.00ms : 0.85;-0.43;-0.68;5.31;4.94;-5.68
415537.00ms : 0.92;-0.47;-0.65;-1.04;7.08;-11.11
415557.00ms : 0.97;-0.40;-0.73;-8.06;1.83;-10.93
415577.00ms : 0.89;-0.36;-0.70;-4.21;-2.08;-9.22
415597.00ms : 0.84;-0.42;-0.74;-2.26;1.22;-7.87
415617.00ms : 0.95;-0.42;-0.72;-0.79;3.91;-7.87
415637.00ms : 1.02;-0.44;-0.74;-1.65;-3.72;-11.29
415657.00ms : 0.87;-0.36;-0.67;-0.79;-8.00;-7.87
415677.00ms : 0.83;-0.48;-0.71;3.42;-3.85;-7.57
415697.00ms : 0.87;-0.49;-0.73;-1.95;-1.04;-4.70
415717.00ms : 1.01;-0.52;-0.77;-6.23;-4.76;0.43
415737.00ms : 0.96;-0.53;-0.71;-13.06;-18.25;-5.25
415757.00ms : 0.99;-0.61;-0.85;-4.76;-24.17;-4.15
415777.00ms : 1.00;-0.59;-0.87;4.64;-30.40;-1.83
415797.00ms : 0.92;-0.69;-0.81;13.43;-31.74;2.08
415817.00ms : 0.98;-0.82;-0.74;15.87;-27.65;10.38
415837.00ms : 1.11;-0.84;-0.73;9.16;-31.62;23.44
415857.00ms : 1.25;-0.82;-0.77;6.23;-42.30;29.24
415877.00ms : 1.23;-0.93;-0.77;6.23;-52.19;35.71
415897.00ms : 1.21;-1.16;-0.75;-8.36;-49.68;47.91
415917.00ms : 1.35;-1.33;-0.86;-42.85;-48.22;67.93
415937.00ms : 1.54;-1.60;-0.99;-76.66;-67.99;98.69
415957.00ms : 1.62;-1.61;-1.00;-94.18;-94.67;124.08
415977.00ms : 1.97;-1.07;-0.71;-84.11;-120.79;145.57
415997.00ms : 2.12;-0.27;-0.51;-68.54;-175.78;164.86
416017.00ms : 1.42;0.59;-0.45;-22.16;-203.98;192.93
416037.00ms : 0.85;1.11;0.45;44.56;-172.36;191.41
416057.00ms : -0.99;1.23;0.69;5.25;-34.18;34.42
416077.00ms : -0.96;1.77;-0.69;-6.90;37.78;-70.92
416097.00ms : -0.20;0.72;-0.36;17.88;67.50;-115.42
416117.00ms : 0.29;0.05;-0.61;59.39;73.73;-141.05
416137.00ms : 0.36;-0.76;-0.44;74.89;58.84;-116.94
416157.00ms : 0.29;-1.07;-0.62;32.04;17.94;-45.41
416177.00ms : 0.04;-0.62;-0.60;-6.84;-41.02;21.79
416197.00ms : -0.13;-0.08;-0.45;-12.27;-51.03;55.48
416217.00ms : -0.02;0.09;-0.29;-8.67;-47.49;69.21
416237.00ms : -0.03;0.10;-0.21;-35.28;-40.10;60.36
416257.00ms : 0.10;0.31;-0.24;-71.17;-39.43;47.61
416277.00ms : 0.02;0.64;-0.30;-59.02;-26.92;19.90
416297.00ms : -0.17;0.65;-0.15;-43.70;-3.11;-19.47
416317.00ms : -0.25;0.57;0.09;-63.05;20.08;-69.09
416337.00ms : -0.10;0.61;-0.33;-23.07;41.56;-75.62
416357.00ms : 0.01;-0.03;-1.05;90.52;149.48;-211.67
416377.00ms : 1.39;-0.93;0.10;83.07;204.16;-247.68
416397.00ms : 4.96;-1.48;-0.55;1.59;127.75;-192.14
416417.00ms : 1.73;-0.45;-1.39;-9.09;1.83;-14.77
416437.00ms : 0.08;-1.03;-1.10;71.04;41.32;-40.34
416457.00ms : -0.07;-1.57;-1.41;97.96;85.39;-16.17
416477.00ms : -0.10;-0.22;0.06;20.20;105.16;7.75
416497.00ms : 10.85;1.40;-1.82;46.08;235.17;-163.51
416517.00ms : 0.97;-0.56;-0.03;216.55;-289.31;-47.24
416537.00ms : -2.09;-2.32;-0.76;143.01;38.76;6.77
416557.00ms : -0.20;-1.37;-0.54;-71.35;135.99;46.63
416577.00ms : 1.05;-0.53;-0.80;-83.92;56.03;-90.52
416597.00ms : 3.17;0.01;-0.58;-11.84;75.20;-32.04
416617.00ms : 1.10;-0.47;-0.72;1.40;-35.40;25.45
416637.00ms : 0.37;-0.62;-0.85;1.71;13.37;-3.85
416657.00ms : 0.65;-0.60;-0.54;3.97;29.17;-13.12
416677.00ms : 1.05;-0.47;-0.64;0.18;32.23;-13.31
416697.00ms : 0.84;-0.54;-0.75;-4.82;11.90;9.95
416717.00ms : 0.78;-0.58;-0.91;-20.81;20.32;2.44
416737.00ms : 1.10;-0.45;-0.85;-16.42;22.22;4.46
416757.00ms : 0.91;-0.44;-0.79;-9.03;-6.53;13.67
416777.00ms : 0.48;-0.57;-0.73;-7.08;2.56;12.33
416797.00ms : 0.65;-0.52;-0.73;-9.46;23.74;9.40
416817.00ms : 1.10;-0.42;-0.68;-7.87;19.59;0.79
416837.00ms : 1.25;-0.31;-0.78;-1.34;-5.19;4.82
416857.00ms : 0.80;-0.40;-0.71;7.02;-8.85;8.12
416877.00ms : 0.56;-0.51;-0.69;1.53;15.01;11.11
416897.00ms : 0.75;-0.55;-0.65;-15.38;24.17;3.54
416917.00ms : 1.07;-0.37;-0.77;-23.50;3.78;0.98
416937.00ms : 0.88;-0.23;-0.79;-8.12;-13.79;6.47
416957.00ms : 0.73;-0.39;-0.83;12.15;2.08;2.81
416977.00ms : 0.91;-0.51;-0.76;9.22;8.54;-1.22
416997.00ms : 1.04;-0.41;-0.80;2.81;-6.10;1.71
417017.00ms : 0.79;-0.45;-0.77;9.40;-13.24;1.04
417037.00ms : 0.75;-0.53;-0.76;10.50;-8.79;1.83
417057.00ms : 0.94;-0.52;-0.77;6.47;-8.48;2.26
417077.00ms : 1.02;-0.51;-0.76;8.36;-15.01;5.25
417097.00ms : 0.86;-0.53;-0.70;8.85;-17.70;5.25
417117.00ms : 0.88;-0.56;-0.72;7.20;-9.46;5.62
417137.00ms : 0.94;-0.56;-0.71;4.21;-13.67;10.56
417157.00ms : 0.89;-0.52;-0.68;4.52;-16.91;12.94
417177.00ms : 0.84;-0.52;-0.71;5.07;-14.40;15.93
417197.00ms : 0.92;-0.51;-0.68;3.72;-9.16;15.63
417217.00ms : 0.96;-0.46;-0.67;2.44;-14.10;18.31
417237.00ms : 0.88;-0.48;-0.70;4.27;-16.42;22.77
417257.00ms : 0.87;-0.48;-0.67;1.10;-11.60;23.25
417277.00ms : 0.91;-0.45;-0.65;-4.70;-12.21;23.32
417297.00ms : 0.91;-0.42;-0.65;-8.12;-12.88;22.64
417317.00ms : 0.91;-0.39;-0.63;-9.28;-11.41;24.66
417337.00ms : 0.91;-0.40;-0.64;-8.85;-9.22;26.00
417357.00ms : 0.92;-0.37;-0.67;-12.21;-10.01;25.94
417377.00ms : 0.92;-0.33;-0.69;-14.04;-12.02;24.84
417397.00ms : 0.91;-0.32;-0.67;-9.95;-14.16;23.44
417417.00ms : 0.89;-0.33;-0.68;-6.84;-11.54;20.94
417437.00ms : 0.94;-0.33;-0.69;-4.21;-7.93;20.69
417457.00ms : 0.96;-0.25;-0.66;-9.70;-11.60;20.75
417477.00ms : 0.94;-0.30;-0.66;-7.81;-18.07;21.61
417497.00ms : 0.91;-0.35;-0.65;-5.62;-15.01;19.04
417517.00ms : 0.93;-0.31;-0.63;-8.97;-13.43;18.43
417537.00ms : 0.95;-0.28;-0.62;-8.18;-15.20;20.26
417557.00ms : 0.94;-0.26;-0.60;-6.65;-15.81;19.23
417577.00ms : 0.95;-0.30;-0.62;-4.94;-16.05;19.23
417597.00ms : 0.94;-0.28;-0.64;-6.10;-16.78;18.49
417617.00ms : 0.94;-0.24;-0.65;-3.30;-17.15;15.50
417637.00ms : 0.96;-0.19;-0.62;-2.32;-17.70;14.77
417657.00ms : 0.96;-0.22;-0.62;2.62;-19.78;15.50
417677.00ms : 0.95;-0.24;-0.62;7.14;-18.37;14.34
417697.00ms : 0.96;-0.23;-0.60;13.43;-18.43;11.96
417717.00ms : 0.96;-0.22;-0.60;9.16;-18.55;9.40
417737.00ms : 0.97;-0.25;-0.59;8.79;-18.62;11.05
417757.00ms : 0.96;-0.27;-0.55;6.10;-18.49;12.21
417777.00ms : 0.96;-0.27;-0.55;0.12;-18.92;10.01
417797.00ms : 0.98;-0.22;-0.55;-1.04;-21.00;11.35
417817.00ms : 0.95;-0.23;-0.49;2.81;-20.39;13.43
417837.00ms : 0.94;-0.28;-0.50;2.26;-16.36;12.70
417857.00ms : 0.99;-0.33;-0.50;-3.17;-16.36;11.78
417877.00ms : 0.97;-0.32;-0.50;-10.13;-17.94;13.55
417897.00ms : 0.96;-0.28;-0.49;-14.34;-17.40;13.79
417917.00ms : 0.96;-0.24;-0.49;-15.08;-15.63;12.51
417937.00ms : 0.99;-0.19;-0.51;-16.11;-16.05;11.41
417957.00ms : 1.00;-0.14;-0.55;-14.53;-17.82;12.70
417977.00ms : 0.99;-0.14;-0.57;-8.06;-18.92;14.65
417997.00ms : 0.97;-0.15;-0.52;0.73;-18.86;14.53
418017.00ms : 0.96;-0.19;-0.45;3.42;-17.46;12.27
418037.00ms : 0.97;-0.17;-0.45;-0.37;-17.46;9.40
418057.00ms : 0.98;-0.12;-0.46;-4.03;-17.15;8.18
418077.00ms : 1.00;-0.10;-0.53;-1.77;-18.01;10.13
418097.00ms : 0.97;-0.14;-0.50;5.49;-18.13;10.44
418117.00ms : 0.96;-0.16;-0.44;8.36;-17.52;9.89
418137.00ms : 0.97;-0.16;-0.41;8.85;-16.17;5.98
418157.00ms : 0.98;-0.12;-0.41;8.24;-15.14;4.27
418177.00ms : 1.00;-0.13;-0.45;10.50;-15.38;5.25
418197.00ms : 0.98;-0.14;-0.42;13.18;-14.53;6.41
418217.00ms : 0.95;-0.15;-0.37;10.56;-10.68;3.72
418237.00ms : 1.00;-0.14;-0.46;7.02;-12.21;2.01
418257.00ms : 1.00;-0.19;-0.44;8.24;-13.18;3.42
418277.00ms : 0.98;-0.21;-0.40;8.73;-11.17;4.94
418297.00ms : 0.99;-0.18;-0.41;8.85;-11.54;4.33
418317.00ms : 0.99;-0.23;-0.40;9.22;-11.54;4.46
418337.00ms : 0.99;-0.22;-0.38;3.91;-10.80;5.07
418357.00ms : 1.00;-0.13;-0.41;-0.43;-11.35;4.76
418377.00ms : 1.00;-0.15;-0.40;1.34;-10.74;5.13
418397.00ms : 0.98;-0.19;-0.38;0.79;-9.95;5.74
418417.00ms : 0.98;-0.15;-0.37;0.55;-9.40;5.43
418437.00ms : 0.98;-0.13;-0.36;2.08;-8.36;4.15
418457.00ms : 0.98;-0.10;-0.36;2.08;-6.77;3.05
418477.00ms : 0.99;-0.10;-0.37;2.62;-6.53;2.69
418497.00ms : 0.97;-0.14;-0.39;2.08;-5.07;1.53
418517.00ms : 0.97;-0.15;-0.35;-0.79;-4.76;0.98
418537.00ms : 0.98;-0.11;-0.38;-1.95;-3.36;-0.92
418557.00ms : 1.01;-0.10;-0.40;0.67;-4.46;-1.59
418577.00ms : 0.99;-0.19;-0.40;2.62;-3.78;-1.04
418597.00ms : 0.98;-0.21;-0.37;-0.12;-4.33;0.73
418617.00ms : 0.95;-0.14;-0.33;-2.62;-1.04;-2.69
418637.00ms : 1.03;-0.05;-0.42;-0.37;-1.46;-2.08
418657.00ms : 1.01;-0.18;-0.41;4.39;-3.05;-1.46
418677.00ms : 0.97;-0.27;-0.38;0.00;-2.38;0.31
418697.00ms : 0.99;-0.18;-0.38;-4.33;-3.05;-0.49
418717.00ms : 1.02;-0.14;-0.38;-0.79;-3.17;-0.49
418737.00ms : 0.99;-0.15;-0.39;1.22;-2.81;0.67
418757.00ms : 0.97;-0.15;-0.37;2.69;-2.75;0.24
418777.00ms : 0.98;-0.09;-0.40;6.23;-1.77;-0.61
418797.00ms : 1.01;-0.12;-0.40;9.64;-2.14;0.06
418817.00ms : 0.99;-0.19;-0.38;8.12;-1.65;0.85
418837.00ms : 0.96;-0.18;-0.34;4.39;-0.85;-0.55
418857.00ms : 1.00;-0.10;-0.39;3.78;-1.28;-1.04
418877.00ms : 1.01;-0.12;-0.41;9.64;-1.53;-0.61
418897.00ms : 0.98;-0.21;-0.38;11.23;-1.04;1.34
418917.00ms : 0.96;-0.21;-0.36;7.87;-0.06;0.85
418937.00ms : 1.01;-0.14;-0.41;5.07;-0.31;0.12
418957.00ms : 1.01;-0.14;-0.41;5.37;-1.89;0.85
418977.00ms : 0.96;-0.19;-0.38;4.76;-1.34;1.28
418997.00ms : 0.98;-0.19;-0.38;1.04;-0.73;0.61
419017.00ms : 1.00;-0.16;-0.37;-2.75;-1.10;-0.06
419037.00ms : 1.01;-0.16;-0.39;-2.69;-2.01;1.10
419057.00ms : 0.99;-0.19;-0.38;-0.55;-1.53;1.59
419077.00ms : 0.98;-0.17;-0.38;-0.43;-0.92;1.59
419097.00ms : 0.99;-0.10;-0.38;1.16;-1.16;0.55
419117.00ms : 0.99;-0.09;-0.39;4.58;-0.49;0.37
419137.00ms : 1.00;-0.17;-0.39;3.97;-0.61;0.24
419157.00ms : 0.99;-0.21;-0.39;-1.10;-1.34;0.43
419177.00ms : 0.99;-0.17;-0.39;-3.72;-1.65;0.06
419197.00ms : 0.99;-0.13;-0.39;-2.44;-1.22;-0.12
419217.00ms : 1.00;-0.12;-0.39;-0.79;-1.40;-0.12
419237.00ms : 0.99;-0.16;-0.39;-1.28;-1.46;0.06
419257.00ms : 0.99;-0.17;-0.39;-2.99;-1.83;0.18
419277.00ms : 0.99;-0.16;-0.38;-3.30;-1.40;-0.24
419297.00ms : 1.01;-0.14;-0.40;-1.34;-1.89;-0.24
419317.00ms : 0.98;-0.18;-0.38;-1.10;-2.20;0.31
419337.00ms : 0.98;-0.19;-0.38;-2.69;-2.01;0.55
419357.00ms : 0.99;-0.15;-0.39;-2.75;-2.14;0.79
419377.00ms : 1.00;-0.14;-0.39;-0.24;-2.26;1.65
419397.00ms : 0.99;-0.17;-0.38;1.04;-2.08;1.71
419417.00ms : 0.97;-0.15;-0.37;1.83;-1.77;1.83
419437.00ms : 0.97;-0.14;-0.39;2.56;-0.73;1.59
419457.00ms : 1.00;-0.13;-0.39;2.14;-0.85;1.89
419477.00ms : 1.00;-0.15;-0.38;2.38;-1.28;1.40
419497.00ms : 0.98;-0.15;-0.39;2.75;-0.73;1.04
419517.00ms : 0.99;-0.15;-0.39;2.81;-0.98;0.92
419537.00ms : 1.00;-0.17;-0.40;2.14;-1.46;1.28
419557.00ms : 0.99;-0.17;-0.40;1.65;-1.83;2.01
419577.00ms : 0.98;-0.17;-0.37;1.59;-0.92;1.53
419597.00ms : 0.99;-0.15;-0.38;0.06;-1.40;1.89
419617.00ms : 1.00;-0.14;-0.38;0.49;-1.59;1.71
419637.00ms : 0.99;-0.15;-0.38;0.67;-1.10;2.26
419657.00ms : 0.99;-0.16;-0.38;1.04;-0.98;1.89
419677.00ms : 0.99;-0.16;-0.38;0.85;-0.37;1.83
419697.00ms : 1.00;-0.14;-0.38;0.18;-0.43;2.01
419717.00ms : 0.99;-0.12;-0.39;1.16;-0.31;1.95
419737.00ms : 1.00;-0.14;-0.39;1.77;-1.04;1.89
419757.00ms : 0.99;-0.17;-0.37;0.31;-0.55;1.65
419777.00ms : 0.97;-0.14;-0.38;-1.16;0.31;1.34
419797.00ms : 1.00;-0.10;-0.38;-0.06;0.24;1.16
419817.00ms : 1.00;-0.12;-0.39;1.53;-0.06;1.04
419837.00ms : 0.99;-0.15;-0.38;0.92;0.31;0.92
419857.00ms : 0.99;-0.14;-0.39;-1.04;0.37;-0.06
419877.00ms : 0.99;-0.12;-0.39;-2.32;0.61;-0.61
419897.00ms : 0.99;-0.11;-0.39;-1.40;1.04;-0.37
419917.00ms : 0.98;-0.12;-0.37;-0.06;1.16;-1.22
419937.00ms : 0.98;-0.12;-0.38;0.49;1.59;-2.44
419957.00ms : 0.99;-0.12;-0.38;0.61;2.08;-2.81
419977.00ms : 0.99;-0.12;-0.38;-0.49;2.69;-2.93
419997.00ms : 0.98;-0.14;-0.39;-1.46;2.99;-2.93
420017.00ms : 1.00;-0.16;-0.40;-1.65;2.32;-3.72
420037.00ms : 0.99;-0.17;-0.39;-0.61;2.56;-3.60
420057.00ms : 0.98;-0.16;-0.40;-0.24;3.42;-3.97
420077.00ms : 0.99;-0.16;-0.39;0.85;3.66;-3.60
420097.00ms : 0.99;-0.18;-0.38;-0.49;4.03;-3.60
420117.00ms : 0.97;-0.16;-0.36;-5.19;4.88;-4.64
420137.00ms : 1.00;-0.12;-0.41;-6.53;4.94;-4.82
420157.00ms : 1.00;-0.15;-0.39;-4.15;4.94;-4.82
420177.00ms : 0.99;-0.17;-0.39;-3.66;5.80;-4.03
420197.00ms : 0.97;-0.17;-0.39;-4.46;6.41;-6.35
420217.00ms : 0.97;-0.13;-0.36;-6.77;7.75;-8.54
420237.00ms : 0.98;-0.09;-0.36;-9.52;9.03;-9.64
420257.00ms : 0.98;-0.11;-0.41;-8.54;10.44;-9.83
420277.00ms : 0.98;-0.16;-0.40;-6.53;13.12;-10.31
420297.00ms : 0.98;-0.19;-0.39;-8.30;14.10;-12.88
420317.00ms : 0.99;-0.16;-0.42;-9.70;14.28;-17.21
420337.00ms : 0.98;-0.15;-0.46;-6.16;14.22;-16.42
420357.00ms : 0.95;-0.17;-0.42;-2.20;17.33;-15.81
420377.00ms : 0.98;-0.20;-0.43;-1.10;17.82;-16.36
420397.00ms : 0.99;-0.24;-0.45;-2.01;17.46;-14.89
420417.00ms : 0.97;-0.23;-0.47;-4.21;16.05;-10.93
420437.00ms : 0.96;-0.17;-0.46;-5.98;16.48;-11.72
420457.00ms : 0.98;-0.18;-0.46;-4.52;16.97;-13.12
420477.00ms : 0.97;-0.20;-0.46;-2.50;17.27;-13.31
420497.00ms : 0.96;-0.20;-0.49;-3.72;18.31;-13.55
420517.00ms : 0.99;-0.18;-0.51;-3.72;17.15;-12.76
420537.00ms : 0.97;-0.25;-0.50;0.37;17.88;-12.76
420557.00ms : 0.95;-0.31;-0.47;0.31;18.19;-11.96
420577.00ms : 0.96;-0.29;-0.47;-3.85;18.07;-11.84
420597.00ms : 0.95;-0.22;-0.48;-5.86;18.31;-13.98
420617.00ms : 0.96;-0.24;-0.53;-3.66;20.20;-12.70
420637.00ms : 0.96;-0.31;-0.48;-0.12;22.77;-9.52
420657.00ms : 0.95;-0.30;-0.52;-6.65;21.42;-10.07
420677.00ms : 0.98;-0.25;-0.55;-10.01;19.65;-12.39
420697.00ms : 0.98;-0.25;-0.61;-7.20;18.07;-9.52
420717.00ms : 0.95;-0.29;-0.58;1.16;18.01;-7.32
420737.00ms : 0.96;-0.27;-0.56;2.26;17.82;-8.61
420757.00ms : 0.97;-0.28;-0.58;2.56;17.09;-11.05
420777.00ms : 0.98;-0.27;-0.65;1.71;15.81;-9.52
420797.00ms : 0.97;-0.27;-0.65;5.80;13.31;-7.87
420817.00ms : 0.95;-0.26;-0.63;8.79;11.84;-9.40
420837.00ms : 0.94;-0.29;-0.60;10.07;11.78;-11.23
420857.00ms : 0.95;-0.32;-0.56;6.65;12.88;-11.17
420877.00ms : 0.96;-0.30;-0.57;1.28;12.02;-12.08
420897.00ms : 0.94;-0.27;-0.58;0.85;12.08;-13.12
420917.00ms : 0.93;-0.29;-0.65;1.95;12.33;-12.57
420937.00ms : 0.96;-0.30;-0.61;4.94;10.56;-9.64
420957.00ms : 1.01;-0.38;-0.69;2.20;7.81;-15.01
420977.00ms : 0.99;-0.35;-0.71;-1.28;1.34;-16.24
420997.00ms : 0.94;-0.34;-0.70;-0.67;-0.12;-13.92
421017.00ms : 0.94;-0.33;-0.75;-0.12;1.28;-12.51
421037.00ms : 0.96;-0.38;-0.71;7.08;0.73;-6.16
421057.00ms : 0.94;-0.42;-0.64;9.16;-2.20;-5.86
421077.00ms : 0.93;-0.40;-0.61;5.68;-3.05;-8.85
421097.00ms : 0.95;-0.37;-0.62;3.36;-2.01;-7.20
421117.00ms : 0.93;-0.33;-0.65;4.52;-2.75;-5.49
421137.00ms : 0.89;-0.35;-0.58;9.34;-1.34;-5.37
421157.00ms : 0.89;-0.39;-0.52;5.43;4.21;-10.19
421177.00ms : 0.94;-0.32;-0.54;-5.43;6.29;-11.96
421197.00ms : 0.96;-0.28;-0.67;-5.98;4.03;-9.22
421217.00ms : 0.94;-0.31;-0.72;5.25;1.89;-6.84
421237.00ms : 0.87;-0.32;-0.64;10.31;0.67;-10.68
421257.00ms : 0.91;-0.34;-0.63;5.13;5.07;-17.58
421277.00ms : 0.97;-0.29;-0.62;0.67;2.56;-15.87
421297.00ms : 0.89;-0.32;-0.60;5.31;1.83;-17.70
421317.00ms : 0.88;-0.38;-0.59;4.58;6.29;-22.22
421337.00ms : 0.93;-0.36;-0.57;0.24;6.16;-24.48
421357.00ms : 0.91;-0.35;-0.59;0.55;7.57;-22.16
421377.00ms : 0.86;-0.37;-0.60;0.37;10.25;-21.30
421397.00ms : 0.92;-0.43;-0.60;-2.69;15.75;-23.44
421417.00ms : 1.06;-0.45;-0.67;-6.29;16.78;-19.47
421437.00ms : 1.01;-0.46;-0.71;-14.59;10.56;-19.53
421457.00ms : 0.92;-0.45;-0.71;-15.20;8.18;-18.86
421477.00ms : 0.91;-0.50;-0.79;-10.68;3.42;-13.55
421497.00ms : 0.83;-0.61;-0.84;-9.09;-3.42;-6.65
421517.00ms : 0.89;-0.67;-0.75;-5.80;-4.70;-5.00
421537.00ms : 1.06;-0.68;-0.76;-2.44;-10.07;-2.20
421557.00ms : 1.14;-0.75;-0.82;-1.28;-17.09;5.55
421577.00ms : 1.08;-0.81;-0.71;1.04;-26.12;14.22
421597.00ms : 1.05;-0.90;-0.61;7.08;-29.54;21.48
421617.00ms : 1.12;-1.04;-0.45;4.52;-28.75;22.34
421637.00ms : 1.42;-1.06;-0.59;-17.46;-28.99;29.05
421657.00ms : 1.59;-1.04;-0.94;-42.05;-41.38;51.15
421677.00ms : 1.49;-1.17;-1.25;-64.64;-57.74;75.44
421697.00ms : 1.38;-1.34;-1.27;-78.25;-78.86;100.34
421717.00ms : 1.51;-1.21;-1.04;-69.34;-102.23;127.08
421737.00ms : 1.95;-0.59;-0.60;-44.86;-141.78;157.65
421757.00ms : 1.78;-0.19;-0.45;-20.26;-179.99;172.06
421777.00ms : 1.03;0.20;-0.21;14.71;-184.39;192.87
421797.00ms : 0.49;1.22;0.74;23.07;-168.09;186.77
421817.00ms : -0.74;1.15;-0.68;62.93;1.34;19.96
421837.00ms : -0.76;1.20;-0.15;86.73;21.73;-62.07
421857.00ms : -0.05;0.36;-0.33;54.50;65.00;-103.39
421877.00ms : 0.19;-0.02;-0.36;19.78;67.81;-115.97
421897.00ms : 0.22;-0.49;-0.39;11.17;58.04;-99.24
421917.00ms : 0.29;-0.58;-0.50;-7.32;18.68;-42.66
421937.00ms : 0.12;-0.46;-0.48;-31.49;-16.78;9.28
421957.00ms : 0.01;-0.14;-0.53;-45.96;-30.46;44.62
421977.00ms : 0.04;0.16;-0.43;-41.44;-34.36;62.74
421997.00ms : 0.02;0.23;-0.34;-35.58;-36.07;68.12
422017.00ms : 0.04;0.26;-0.25;-48.10;-32.53;59.75
422037.00ms : -0.02;0.46;-0.36;-62.13;-10.74;33.63
422057.00ms : 0.02;0.48;-0.19;-74.89;9.40;-0.37
422077.00ms : -0.08;0.28;-0.22;-61.16;32.47;-38.15
422097.00ms : -0.18;0.08;-1.09;-0.98;141.42;-178.10
422117.00ms : 1.73;0.20;0.41;94.54;132.20;-240.97
422137.00ms : 5.58;0.52;-0.26;107.30;121.28;-209.96
422157.00ms : 1.50;-0.47;-0.75;158.81;-18.37;-22.58
422177.00ms : 0.20;-1.96;-0.90;140.44;94.60;-51.27
422197.00ms : 0.31;-2.24;-1.39;80.32;65.49;-27.22
422217.00ms : -0.10;-1.88;-1.35;-20.02;41.44;-13.61
422237.00ms : 0.22;-0.35;-0.88;-121.15;53.77;-51.88
422257.00ms : 11.09;2.96;-0.83;-9.34;419.62;-44.13
422277.00ms : 1.96;-0.33;-0.68;162.29;-312.07;34.97
422297.00ms : -1.23;-1.67;-1.00;185.18;-2.32;13.18
422317.00ms : -0.60;-1.45;-0.77;-42.24;56.76;30.46
422337.00ms : 0.55;-0.19;-0.92;-92.53;67.32;-68.18
422357.00ms : 2.49;0.02;-0.46;17.27;109.99;-18.37
422377.00ms : 1.80;-0.58;-0.39;21.91;-27.65;70.25
422397.00ms : 0.74;-0.58;-0.71;-4.88;-27.77;15.75
422417.00ms : 0.50;-0.45;-0.71;-19.90;-18.01;8.18
422437.00ms : 0.65;-0.19;-0.70;-1.10;8.97;9.09
422457.00ms : 1.06;-0.33;-0.75;30.70;30.70;17.33
422477.00ms : 1.25;-0.42;-0.67;25.33;1.40;26.49
422497.00ms : 0.96;-0.40;-0.57;8.06;-19.90;18.31
422517.00ms : 0.85;-0.40;-0.56;-5.43;-4.94;9.22
422537.00ms : 0.93;-0.32;-0.67;-16.97;-0.79;12.88
422557.00ms : 0.95;-0.14;-0.70;-12.27;-6.47;15.63
422577.00ms : 0.93;-0.12;-0.66;11.41;-6.29;14.16
422597.00ms : 0.87;-0.27;-0.53;23.99;-1.46;12.33
422617.00ms : 0.87;-0.35;-0.42;16.60;5.98;9.09
422637.00ms : 0.90;-0.25;-0.43;1.89;9.34;6.41
422657.00ms : 0.96;-0.24;-0.61;2.56;12.76;8.67
422677.00ms : 0.99;-0.29;-0.68;6.16;10.99;13.18
422697.00ms : 0.90;-0.28;-0.66;2.44;8.48;6.96
422717.00ms : 0.91;-0.25;-0.69;-5.00;13.00;-0.37
422737.00ms : 1.00;-0.21;-0.76;-10.25;9.64;2.38
422757.00ms : 1.00;-0.19;-0.81;-1.71;2.56;4.58
422777.00ms : 0.92;-0.21;-0.73;11.41;0.73;2.81
422797.00ms : 0.93;-0.29;-0.67;13.85;3.42;-1.10
422817.00ms : 0.98;-0.32;-0.66;4.09;1.59;-1.10
422837.00ms : 0.97;-0.30;-0.71;0.92;-1.89;0.92
422857.00ms : 0.96;-0.32;-0.67;3.91;-1.28;2.81
422877.00ms : 0.97;-0.39;-0.65;2.75;-0.79;2.20
422897.00ms : 0.95;-0.33;-0.65;-8.24;-2.56;1.40
422917.00ms : 0.96;-0.28;-0.69;-5.00;-1.95;4.39
422937.00ms : 0.98;-0.36;-0.69;2.44;-1.77;7.57
422957.00ms : 0.95;-0.36;-0.66;-0.06;-3.78;6.77
422977.00ms : 0.97;-0.37;-0.64;-3.78;-2.75;5.86
422997.00ms : 0.98;-0.37;-0.65;-7.57;-4.58;8.42
423017.00ms : 0.98;-0.34;-0.70;-8.79;-4.09;12.57
423037.00ms : 0.99;-0.27;-0.72;-9.16;-5.68;14.71
423057.00ms : 0.96;-0.28;-0.74;-3.91;-8.73;13.00
423077.00ms : 0.96;-0.29;-0.75;-2.32;-9.89;12.08
423097.00ms : 0.99;-0.24;-0.70;-3.97;-11.96;14.71
423117.00ms : 0.94;-0.26;-0.66;-0.85;-13.85;14.40
423137.00ms : 0.95;-0.26;-0.65;-1.77;-11.17;13.61
423157.00ms : 0.99;-0.28;-0.66;-2.62;-13.85;14.65
423177.00ms : 0.96;-0.23;-0.63;-3.23;-16.17;16.30
423197.00ms : 0.94;-0.20;-0.63;-6.65;-15.14;14.59
423217.00ms : 0.92;-0.19;-0.61;-3.85;-12.94;12.08
423237.00ms : 0.97;-0.22;-0.60;-2.32;-10.93;11.23
423257.00ms : 0.97;-0.23;-0.58;-1.89;-11.54;12.70
423277.00ms : 0.96;-0.20;-0.59;-6.59;-12.94;13.73
423297.00ms : 0.94;-0.15;-0.59;-8.24;-13.31;9.83
423317.00ms : 0.95;-0.14;-0.58;-4.52;-11.17;6.77
423337.00ms : 0.97;-0.16;-0.60;-1.22;-9.40;6.53
423357.00ms : 0.98;-0.16;-0.59;4.09;-8.67;8.00
423377.00ms : 0.97;-0.18;-0.59;1.65;-10.07;7.20
423397.00ms : 0.96;-0.19;-0.57;-0.12;-8.36;4.70
423417.00ms : 0.99;-0.22;-0.61;-1.59;-9.34;3.54
423437.00ms : 1.01;-0.23;-0.62;-1.95;-11.78;7.39
423457.00ms : 0.99;-0.25;-0.57;-1.22;-14.22;11.66
423477.00ms : 0.94;-0.25;-0.49;-3.17;-12.94;9.58
423497.00ms : 0.94;-0.21;-0.49;-10.13;-8.48;5.13
423517.00ms : 1.00;-0.18;-0.59;-13.85;-6.23;5.92
423537.00ms : 1.04;-0.19;-0.63;-10.99;-9.03;12.76
423557.00ms : 0.99;-0.17;-0.59;-8.73;-13.37;15.63
423577.00ms : 0.96;-0.15;-0.57;-8.18;-14.53;9.64
423597.00ms : 0.97;-0.12;-0.60;-10.07;-12.94;4.39
423617.00ms : 1.03;-0.12;-0.65;-7.51;-13.49;6.77
423637.00ms : 1.02;-0.12;-0.63;-0.98;-16.60;13.06
423657.00ms : 0.98;-0.12;-0.55;5.19;-17.94;12.15
423677.00ms : 0.97;-0.15;-0.53;5.86;-18.31;6.90
423697.00ms : 0.98;-0.14;-0.53;3.05;-17.64;4.76
423717.00ms : 1.01;-0.15;-0.55;2.50;-18.07;7.93
423737.00ms : 0.99;-0.13;-0.50;4.58;-18.92;10.56
423757.00ms : 0.96;-0.11;-0.45;5.07;-19.65;8.54
423777.00ms : 0.97;-0.12;-0.47;2.38;-17.88;5.98
423797.00ms : 0.99;-0.10;-0.49;1.28;-16.17;4.70
423817.00ms : 0.99;-0.12;-0.52;4.52;-15.56;6.35
423837.00ms : 0.98;-0.13;-0.44;7.20;-14.47;7.14
423857.00ms : 0.94;-0.10;-0.39;5.07;-11.72;3.17
423877.00ms : 0.98;-0.06;-0.51;0.73;-10.93;-2.44
423897.00ms : 1.05;-0.08;-0.54;4.39;-14.04;0.67
423917.00ms : 1.01;-0.11;-0.50;9.70;-14.22;7.39
423937.00ms : 0.96;-0.13;-0.42;12.33;-13.61;5.25
423957.00ms : 0.95;-0.15;-0.39;8.85;-10.01;0.24
423977.00ms : 1.00;-0.12;-0.43;-0.61;-10.44;-1.16
423997.00ms : 1.00;-0.05;-0.46;-5.43;-10.93;0.49
424017.00ms : 0.98;-0.01;-0.51;-2.08;-10.56;2.32
424037.00ms : 0.98;-0.05;-0.46;5.00;-10.93;2.69
424057.00ms : 0.97;-0.10;-0.41;4.33;-9.40;-0.43
424077.00ms : 1.00;-0.10;-0.45;-0.06;-9.52;-3.91
424097.00ms : 1.04;-0.11;-0.48;2.44;-11.96;-2.81
424117.00ms : 0.99;-0.19;-0.44;9.16;-11.47;-0.55
424137.00ms : 0.98;-0.22;-0.43;9.70;-9.95;0.79
424157.00ms : 1.01;-0.23;-0.41;5.13;-11.23;0.18
424177.00ms : 1.02;-0.21;-0.45;-1.34;-12.27;-0.67
424197.00ms : 1.01;-0.12;-0.46;-2.75;-13.55;1.16
424217.00ms : 0.99;-0.12;-0.44;1.34;-12.70;2.20
424237.00ms : 0.99;-0.18;-0.42;3.17;-11.90;2.08
424257.00ms : 1.00;-0.20;-0.39;-1.04;-12.45;2.08
424277.00ms : 0.99;-0.11;-0.39;-5.68;-12.82;1.34
424297.00ms : 1.01;-0.05;-0.45;-1.22;-12.94;3.11
424317.00ms : 0.97;-0.09;-0.39;7.39;-10.80;4.94
424337.00ms : 0.97;-0.15;-0.35;8.67;-9.52;4.46
424357.00ms : 1.00;-0.15;-0.38;5.25;-10.13;2.81
424377.00ms : 1.02;-0.12;-0.41;4.70;-11.17;2.50
424397.00ms : 1.00;-0.10;-0.39;7.87;-9.64;4.15
424417.00ms : 0.96;-0.09;-0.35;9.58;-8.12;3.97
424437.00ms : 0.97;-0.09;-0.35;7.32;-7.14;1.89
424457.00ms : 0.98;-0.09;-0.33;3.85;-6.16;0.61
424477.00ms : 1.00;-0.10;-0.36;2.38;-5.62;0.49
424497.00ms : 0.98;-0.10;-0.38;2.56;-4.94;-0.67
424517.00ms : 0.99;-0.12;-0.38;3.23;-4.88;-1.10
424537.00ms : 0.98;-0.13;-0.36;1.89;-4.58;-1.22
424557.00ms : 1.01;-0.15;-0.37;0.37;-4.58;-0.24
424577.00ms : 0.99;-0.13;-0.37;-1.16;-4.88;-0.24
424597.00ms : 1.00;-0.12;-0.38;-0.12;-4.46;0.31
424617.00ms : 0.98;-0.10;-0.38;1.71;-3.54;-0.18
424637.00ms : 1.00;-0.12;-0.37;2.99;-3.72;0.24
424657.00ms : 0.99;-0.12;-0.38;1.77;-3.85;0.67
424677.00ms : 0.99;-0.09;-0.38;1.95;-4.15;0.61
424697.00ms : 0.98;-0.10;-0.36;4.33;-2.81;0.06
424717.00ms : 1.00;-0.15;-0.37;2.14;-2.81;0.67
424737.00ms : 0.98;-0.12;-0.36;-1.22;-2.99;-0.55
424757.00ms : 1.00;-0.06;-0.38;-0.98;-3.48;-0.55
424777.00ms : 0.99;-0.11;-0.38;2.62;-3.36;-0.55
424797.00ms : 1.00;-0.15;-0.35;3.05;-2.87;0.12
424817.00ms : 1.00;-0.15;-0.36;-0.79;-3.78;-0.67
424837.00ms : 1.00;-0.15;-0.36;-3.23;-3.66;-0.49
424857.00ms : 1.00;-0.11;-0.37;-3.42;-3.54;0.43
424877.00ms : 0.98;-0.11;-0.35;-1.16;-2.75;-0.06
424897.00ms : 1.01;-0.11;-0.35;-0.79;-2.93;0.06
424917.00ms : 0.99;-0.14;-0.36;-1.22;-3.48;-0.37
424937.00ms : 1.00;-0.13;-0.37;-2.75;-3.60;0.61
424957.00ms : 0.98;-0.11;-0.36;-2.44;-2.69;0.67
424977.00ms : 1.00;-0.14;-0.37;-3.85;-2.81;0.43
424997.00ms : 1.00;-0.15;-0.36;-7.20;-3.54;0.73
425017.00ms : 1.00;-0.11;-0.36;-8.54;-3.66;0.55
425037.00ms : 1.00;-0.09;-0.36;-7.69;-3.11;1.10
425057.00ms : 0.99;-0.12;-0.35;-5.92;-3.11;1.53
425077.00ms : 0.99;-0.14;-0.34;-7.51;-2.81;1.83
425097.00ms : 1.00;-0.13;-0.37;-9.64;-3.17;1.77
425117.00ms : 0.99;-0.13;-0.36;-9.40;-3.85;2.50
425137.00ms : 0.98;-0.13;-0.35;-9.40;-2.56;3.48
425157.00ms : 1.00;-0.15;-0.35;-9.70;-2.87;3.91
425177.00ms : 0.99;-0.12;-0.35;-8.97;-3.23;3.60
425197.00ms : 1.00;-0.08;-0.35;-6.77;-3.17;3.23
425217.00ms : 0.98;-0.07;-0.34;-3.17;-2.26;3.78
425237.00ms : 0.99;-0.11;-0.34;-5.62;-1.16;3.72
425257.00ms : 1.00;-0.13;-0.34;-8.73;-2.62;4.15
425277.00ms : 0.99;-0.10;-0.35;-9.40;-2.38;3.23
425297.00ms : 1.00;-0.10;-0.34;-7.63;-2.01;2.87
425317.00ms : 1.00;-0.12;-0.34;-8.48;-2.32;3.05
425337.00ms : 0.98;-0.06;-0.34;-9.22;-2.01;2.50
425357.00ms : 1.01;-0.08;-0.35;-7.45;-2.14;1.83
425377.00ms : 1.02;-0.16;-0.36;-11.41;-3.60;2.50
425397.00ms : 0.99;-0.19;-0.35;-17.15;-4.52;3.23
425417.00ms : 0.98;-0.08;-0.33;-19.10;-4.27;1.77
425437.00ms : 1.00;-0.03;-0.34;-13.85;-4.58;1.71
425457.00ms : 0.99;-0.06;-0.34;-9.16;-3.85;2.75
425477.00ms : 0.97;-0.05;-0.32;-8.24;-3.60;2.50
425497.00ms : 0.98;0.02;-0.33;-4.64;-2.44;1.40
425517.00ms : 1.00;-0.04;-0.34;1.40;-2.38;1.10
425537.00ms : 1.00;-0.12;-0.33;1.71;-2.62;2.26
425557.00ms : 0.98;-0.10;-0.33;-0.55;-1.83;1.34
425577.00ms : 1.00;-0.07;-0.34;0.55;-2.08;0.31
425597.00ms : 1.00;-0.09;-0.34;2.56;-2.32;1.04
425617.00ms : 0.99;-0.08;-0.33;3.11;-2.56;1.83
425637.00ms : 0.99;-0.09;-0.34;5.00;-2.75;1.71
425657.00ms : 0.99;-0.11;-0.32;3.72;-2.69;1.89
425677.00ms : 0.98;-0.08;-0.32;1.89;-2.44;1.83
425697.00ms : 0.99;-0.06;-0.32;3.54;-2.20;1.89
425717.00ms : 0.99;-0.08;-0.31;5.13;-1.89;2.14
425737.00ms : 0.98;-0.08;-0.33;5.37;-1.40;1.46
425757.00ms : 1.01;-0.10;-0.34;4.64;-2.26;2.20
425777.00ms : 0.98;-0.09;-0.32;3.36;-1.53;1.89
425797.00ms : 0.99;-0.09;-0.32;2.93;-1.77;1.40
425817.00ms : 0.98;-0.07;-0.33;3.66;-0.67;1.22
425837.00ms : 0.99;-0.05;-0.33;4.82;-0.49;1.28
425857.00ms : 1.00;-0.07;-0.33;6.47;-0.55;1.89
425877.00ms : 1.00;-0.10;-0.34;5.37;-1.28;1.89
425897.00ms : 0.98;-0.10;-0.33;4.70;-0.79;1.40
425917.00ms : 0.99;-0.08;-0.32;5.19;-0.37;1.28
425937.00ms : 1.00;-0.08;-0.33;5.13;-0.12;1.40
425957.00ms : 1.00;-0.08;-0.34;5.07;-0.92;1.77
425977.00ms : 0.98;-0.09;-0.34;4.94;-1.10;1.89
425997.00ms : 0.99;-0.08;-0.34;4.58;-0.67;1.59
426017.00ms : 0.99;-0.07;-0.33;4.70;-0.85;1.53
426037.00ms : 0.99;-0.08;-0.32;4.03;-0.31;1.59
426057.00ms : 0.99;-0.07;-0.33;4.33;-0.31;1.22
426077.00ms : 1.00;-0.07;-0.33;4.46;-0.49;0.79
426097.00ms : 1.00;-0.08;-0.34;4.09;-0.43;1.71
426117.00ms : 1.00;-0.09;-0.34;3.72;-0.06;1.46
426137.00ms : 1.00;-0.09;-0.34;1.71;-0.18;1.22
426157.00ms : 0.99;-0.08;-0.34;0.85;-0.43;1.16
426177.00ms : 1.00;-0.08;-0.34;0.00;-1.10;1.16
426197.00ms : 0.99;-0.08;-0.34;0.24;-0.98;1.46
426217.00ms : 0.99;-0.08;-0.34;1.28;-1.04;1.34
426237.00ms : 0.99;-0.10;-0.33;1.34;-1.22;1.28
426257.00ms : 0.99;-0.08;-0.33;0.43;-1.10;1.34
426277.00ms : 1.00;-0.05;-0.33;1.53;-0.92;1.22
426297.00ms : 0.98;-0.04;-0.33;2.26;-0.49;0.73
426317.00ms : 1.00;-0.04;-0.34;2.62;-0.31;0.85
426337.00ms : 1.00;-0.07;-0.35;3.36;-0.31;1.65
426357.00ms : 0.99;-0.11;-0.33;1.65;-0.24;1.34
426377.00ms : 0.99;-0.09;-0.33;-0.24;-0.37;0.55
426397.00ms : 1.00;-0.04;-0.34;1.77;-0.24;0.92
426417.00ms : 1.00;-0.07;-0.34;4.21;0.24;1.16
426437.00ms : 1.00;-0.10;-0.34;3.23;0.06;1.77
426457.00ms : 0.98;-0.07;-0.33;2.14;0.00;0.92
426477.00ms : 1.00;-0.04;-0.34;3.91;0.49;0.55
426497.00ms : 0.99;-0.06;-0.34;4.88;0.67;0.92
426517.00ms : 0.99;-0.07;-0.34;3.85;0.67;1.16
426537.00ms : 1.00;-0.10;-0.34;2.14;0.00;0.98
426557.00ms : 1.00;-0.12;-0.35;-1.16;-0.06;0.73
426577.00ms : 0.99;-0.11;-0.33;-3.11;0.00;0.92
426597.00ms : 1.00;-0.08;-0.33;-3.85;0.49;0.55
426617.00ms : 1.00;-0.07;-0.34;-5.31;-0.12;0.37
426637.00ms : 1.00;-0.07;-0.35;-5.25;-0.55;0.85
426657.00ms : 1.00;-0.09;-0.35;-4.94;-0.79;1.10
426677.00ms : 0.98;-0.06;-0.33;-4.76;0.43;0.24
426697.00ms : 1.00;-0.05;-0.34;-4.03;0.37;0.43
426717.00ms : 1.00;-0.06;-0.35;-1.89;-0.12;0.85
426737.00ms : 0.99;-0.06;-0.34;0.06;0.06;0.67
426757.00ms : 0.99;-0.07;-0.34;1.46;0.31;0.24
426777.00ms : 1.00;-0.07;-0.36;0.67;-0.18;-0.73
426797.00ms : 1.00;-0.09;-0.35;-0.61;-0.06;-0.06
426817.00ms : 1.00;-0.10;-0.35;-2.87;-0.31;-0.43
426837.00ms : 1.00;-0.07;-0.35;-3.60;-0.73;-2.01
426857.00ms : 1.00;-0.05;-0.36;-2.56;-2.14;0.00
426877.00ms : 0.98;-0.05;-0.35;-1.22;-1.77;1.46
426897.00ms : 0.97;-0.05;-0.32;-0.73;-0.92;0.98
426917.00ms : 1.00;-0.05;-0.32;-2.01;-1.22;1.10
426937.00ms : 1.00;-0.07;-0.34;-2.50;-1.04;-0.98
426957.00ms : 0.99;-0.10;-0.35;-4.15;-0.55;-1.83
426977.00ms : 0.99;-0.08;-0.35;-5.86;-0.55;-2.62
426997.00ms : 1.00;-0.09;-0.34;-6.53;-0.49;-2.44
427017.00ms : 1.00;-0.09;-0.34;-6.71;-0.18;-2.08
427037.00ms : 0.98;-0.06;-0.33;-5.37;-0.18;-1.77
427057.00ms : 1.00;-0.04;-0.35;-2.50;0.92;-2.38
427077.00ms : 1.01;-0.05;-0.35;1.28;0.73;-1.95
427097.00ms : 0.98;-0.04;-0.34;2.56;0.85;-1.34
427117.00ms : 0.97;0.00;-0.32;3.66;1.04;-3.17
427137.00ms : 1.00;0.01;-0.32;5.98;1.28;-2.62
427157.00ms : 0.99;-0.04;-0.32;7.93;2.87;-2.50
427177.00ms : 0.98;-0.09;-0.32;5.98;4.09;-4.27
427197.00ms : 0.96;-0.05;-0.32;0.73;5.55;-9.83
427217.00ms : 0.99;-0.04;-0.34;0.37;6.41;-10.93
427237.00ms : 1.00;-0.08;-0.36;2.81;6.96;-9.16
427257.00ms : 0.99;-0.11;-0.36;3.66;6.35;-6.41
427277.00ms : 0.96;-0.07;-0.32;2.14;8.54;-8.85
427297.00ms : 0.99;-0.05;-0.34;0.73;9.89;-12.82
427317.00ms : 1.01;-0.09;-0.37;3.54;10.31;-13.92
427337.00ms : 0.97;-0.11;-0.36;3.30;10.86;-11.84
427357.00ms : 0.95;-0.05;-0.34;0.79;12.27;-14.04
427377.00ms : 1.00;-0.05;-0.41;3.48;12.02;-14.59
427397.00ms : 0.99;-0.08;-0.40;7.39;12.94;-12.51
427417.00ms : 0.99;-0.10;-0.41;6.16;14.04;-13.85
427437.00ms : 1.00;-0.14;-0.40;6.53;15.44;-21.06
427457.00ms : 0.98;-0.17;-0.39;6.84;15.20;-16.11
427477.00ms : 0.95;-0.20;-0.37;5.19;17.94;-14.28
427497.00ms : 0.99;-0.21;-0.39;2.87;16.48;-12.08
427517.00ms : 1.00;-0.18;-0.42;-0.79;15.32;-12.02
427537.00ms : 1.00;-0.18;-0.41;-0.43;15.01;-15.08
427557.00ms : 0.96;-0.14;-0.44;-2.08;16.42;-15.32
427577.00ms : 0.95;-0.13;-0.40;-1.04;19.65;-15.26
427597.00ms : 0.99;-0.18;-0.42;-2.81;20.63;-14.40
427617.00ms : 0.98;-0.20;-0.43;-7.32;19.65;-12.33
427637.00ms : 0.98;-0.20;-0.47;-10.19;18.92;-12.94
427657.00ms : 0.98;-0.21;-0.46;-9.28;18.80;-14.10
427677.00ms : 0.98;-0.22;-0.49;-7.02;19.10;-14.10
427697.00ms : 0.96;-0.19;-0.48;-5.68;19.90;-13.37
427717.00ms : 0.97;-0.18;-0.47;-3.78;20.14;-11.96
427737.00ms : 1.00;-0.23;-0.52;-1.95;19.71;-10.68
427757.00ms : 0.99;-0.28;-0.51;-1.46;19.29;-8.73
427777.00ms : 0.97;-0.25;-0.52;-3.42;17.21;-10.01
427797.00ms : 0.96;-0.17;-0.52;-4.76;16.91;-12.33
427817.00ms : 0.96;-0.14;-0.55;0.18;18.13;-13.85
427837.00ms : 0.99;-0.23;-0.58;6.35;19.04;-9.58
427857.00ms : 0.99;-0.27;-0.54;6.84;17.27;-6.65
427877.00ms : 0.97;-0.23;-0.58;1.77;13.24;-10.44
427897.00ms : 0.95;-0.19;-0.55;2.87;13.92;-14.47
427917.00ms : 0.96;-0.22;-0.56;4.52;15.99;-13.12
427937.00ms : 0.97;-0.28;-0.53;5.80;19.47;-10.13
427957.00ms : 0.99;-0.26;-0.56;-0.92;15.26;-11.23
427977.00ms : 0.96;-0.24;-0.60;-3.42;13.12;-15.44
427997.00ms : 0.94;-0.22;-0.61;0.12;13.98;-14.47
428017.00ms : 0.94;-0.25;-0.58;5.19;17.27;-12.51
428037.00ms : 0.97;-0.31;-0.60;4.39;17.15;-13.49
428057.00ms : 1.01;-0.26;-0.61;-0.55;13.00;-14.22
428077.00ms : 0.94;-0.23;-0.61;1.71;10.50;-15.87
428097.00ms : 0.91;-0.26;-0.63;6.90;14.83;-15.14
428117.00ms : 0.95;-0.29;-0.63;8.18;16.17;-13.85
428137.00ms : 0.96;-0.32;-0.60;6.84;15.26;-13.85
428157.00ms : 0.94;-0.28;-0.60;2.32;11.17;-14.95
428177.00ms : 0.94;-0.30;-0.63;2.56;11.23;-15.69
428197.00ms : 0.96;-0.29;-0.67;3.05;10.99;-14.47
428217.00ms : 0.94;-0.28;-0.64;5.31;10.25;-14.83
428237.00ms : 0.91;-0.29;-0.64;5.68;9.52;-16.91
428257.00ms : 0.91;-0.33;-0.64;6.04;11.54;-18.01
428277.00ms : 0.98;-0.32;-0.67;3.30;10.31;-16.72
428297.00ms : 0.98;-0.33;-0.71;5.07;5.68;-14.53
428317.00ms : 0.89;-0.35;-0.65;7.75;5.49;-16.85
428337.00ms : 0.87;-0.33;-0.61;4.15;7.69;-19.71
428357.00ms : 0.98;-0.33;-0.70;-1.40;7.75;-17.70
428377.00ms : 0.98;-0.37;-0.72;2.56;3.66;-15.87
428397.00ms : 0.89;-0.42;-0.69;3.23;1.65;-18.19
428417.00ms : 0.89;-0.44;-0.64;3.60;5.92;-17.70
428437.00ms : 0.94;-0.43;-0.67;-1.77;6.77;-13.85
428457.00ms : 0.94;-0.41;-0.71;0.31;1.95;-13.67
428477.00ms : 0.89;-0.39;-0.67;6.35;0.55;-14.47
428497.00ms : 0.90;-0.41;-0.65;7.57;4.64;-11.72
428517.00ms : 0.92;-0.40;-0.58;4.09;6.35;-9.46
428537.00ms : 0.93;-0.38;-0.66;-2.99;4.64;-11.54
428557.00ms : 0.90;-0.35;-0.71;-2.20;4.76;-13.18
428577.00ms : 0.88;-0.34;-0.66;1.10;4.82;-12.88
428597.00ms : 0.90;-0.37;-0.74;-0.37;6.53;-12.08
428617.00ms : 0.91;-0.37;-0.73;-0.85;5.19;-13.85
428637.00ms : 0.88;-0.39;-0.71;-1.04;1.22;-17.15
428657.00ms : 0.90;-0.39;-0.73;-0.79;2.69;-17.03
428677.00ms : 0.92;-0.40;-0.68;0.43;2.50;-16.36
428697.00ms : 0.87;-0.43;-0.64;-0.06;3.78;-19.04
428717.00ms : 0.90;-0.46;-0.69;-4.39;5.80;-18.68
428737.00ms : 0.85;-0.45;-0.69;-7.08;3.78;-16.97
428757.00ms : 0.90;-0.45;-0.69;-3.11;7.32;-16.24
428777.00ms : 0.93;-0.45;-0.68;-2.56;7.93;-17.70
428797.00ms : 0.96;-0.45;-0.66;-1.89;6.35;-17.88
428817.00ms : 0.93;-0.44;-0.67;-2.08;0.55;-19.41
428837.00ms : 0.80;-0.46;-0.70;-2.32;-0.24;-18.86
428857.00ms : 0.83;-0.45;-0.74;-0.31;4.64;-16.11
428877.00ms : 0.89;-0.50;-0.79;0.98;2.81;-11.78
428897.00ms : 0.90;-0.55;-0.75;-1.04;1.16;-11.60
428917.00ms : 0.87;-0.52;-0.72;-6.77;-5.19;-11.47
428937.00ms : 0.82;-0.61;-0.66;-0.37;-9.34;-8.30
428957.00ms : 0.89;-0.54;-0.84;-7.26;-8.30;-2.38
428977.00ms : 0.91;-0.64;-0.76;-3.23;-8.30;-1.16
428997.00ms : 0.95;-0.74;-0.70;-8.24;-10.07;-2.01
429017.00ms : 0.92;-0.68;-0.72;-12.57;-17.09;1.53
429037.00ms : 0.84;-0.70;-0.77;-7.02;-17.88;6.90
429057.00ms : 0.87;-0.73;-0.75;-3.11;-18.43;14.16
429077.00ms : 0.97;-0.76;-0.75;-2.01;-18.74;22.09
429097.00ms : 1.01;-0.82;-0.72;-2.99;-23.80;26.06
429117.00ms : 1.04;-0.80;-0.69;-8.00;-34.36;28.50
429137.00ms : 1.02;-0.77;-0.62;-6.23;-41.44;36.93
429157.00ms : 1.05;-0.77;-0.66;-7.02;-41.02;45.35
429177.00ms : 1.13;-0.84;-0.70;-15.99;-39.98;54.63
429197.00ms : 1.21;-0.96;-0.71;-34.61;-40.34;69.46
429217.00ms : 1.28;-1.15;-0.79;-62.62;-43.88;84.59
429237.00ms : 1.36;-1.39;-0.93;-96.98;-56.70;104.13
429257.00ms : 1.60;-1.43;-1.12;-125.98;-79.22;122.92
429277.00ms : 2.10;-0.79;-1.03;-119.75;-127.32;148.56
429297.00ms : 2.05;-0.02;-0.79;-75.81;-187.26;172.24
429317.00ms : 1.28;0.28;-0.63;-22.83;-196.53;186.46
429337.00ms : 0.73;0.86;0.16;44.19;-193.30;197.14
429357.00ms : -0.47;1.29;0.74;-19.90;-65.06;52.19
429377.00ms : -0.66;1.39;-0.66;16.60;28.26;-61.71
429397.00ms : -0.33;0.91;-0.15;29.85;51.94;-86.12
429417.00ms : 0.02;0.33;-0.47;31.19;75.87;-110.41
429437.00ms : 0.21;0.04;-0.37;45.17;66.47;-90.88
429457.00ms : 0.21;-0.40;-0.40;54.69;66.89;-81.85
429477.00ms : 0.14;-0.60;-0.53;28.26;40.47;-42.60
429497.00ms : 0.18;-0.42;-0.54;-0.18;0.98;5.68
429517.00ms : 0.05;-0.25;-0.38;-4.64;-14.47;35.34
429537.00ms : -0.09;-0.18;-0.37;-17.70;-14.65;45.23
429557.00ms : -0.16;-0.02;-0.35;-45.72;-11.41;42.24
429577.00ms : -0.02;0.25;-0.30;-69.27;-14.95;43.76
429597.00ms : 0.07;0.35;-0.10;-72.20;-8.12;29.97
429617.00ms : 0.12;0.39;-0.19;-82.34;4.64;1.89
429637.00ms : -0.34;0.98;0.64;-71.90;32.04;-51.51
429657.00ms : 0.10;0.78;-0.47;25.27;88.38;-166.08
429677.00ms : 1.87;0.99;1.00;88.01;126.40;-244.20
429697.00ms : 4.93;-0.13;-0.44;141.42;127.20;-151.73
429717.00ms : 1.08;-1.39;-0.97;76.17;28.69;-9.34
429737.00ms : 0.19;-2.40;-0.92;26.49;92.29;-38.94
429757.00ms : 0.36;-1.75;-1.01;-58.04;66.41;-45.53
429777.00ms : 0.98;-0.81;-0.91;-133.61;86.67;-87.46
429797.00ms : 6.70;1.10;-0.82;-14.22;189.09;-49.87
429817.00ms : 1.61;-0.18;-0.74;135.56;-156.92;4.82
429837.00ms : -0.45;-1.21;-0.66;165.53;18.19;-20.94
429857.00ms : -0.49;-1.63;-0.81;2.99;86.43;20.14
429877.00ms : 0.43;-0.83;-0.80;-98.02;83.62;-18.43
429897.00ms : 1.56;-0.23;-0.53;-79.10;47.61;-47.85
429917.00ms : 1.89;0.13;-0.66;-9.46;-10.56;7.63
429937.00ms : 0.76;-0.37;-0.73;39.61;1.04;-3.72
429957.00ms : 0.68;-0.68;-0.83;26.43;36.44;-9.03
429977.00ms : 0.88;-0.50;-0.74;-7.08;22.89;-6.04
429997.00ms : 0.90;-0.48;-0.69;-15.69;8.42;-4.46
430017.00ms : 0.88;-0.53;-0.68;-20.45;1.89;-4.39
430037.00ms : 1.02;-0.44;-0.79;-18.74;-4.64;-9.40
430057.00ms : 0.90;-0.34;-0.78;3.78;-18.92;-4.52
430077.00ms : 0.77;-0.54;-0.68;18.31;-4.15;-9.95
430097.00ms : 0.88;-0.59;-0.55;12.45;2.75;-9.03
430117.00ms : 0.99;-0.56;-0.61;0.67;-0.92;-7.81
430137.00ms : 0.91;-0.49;-0.60;4.09;-7.87;-1.71
430157.00ms : 0.72;-0.52;-0.66;10.68;-5.55;4.94
430177.00ms : 0.72;-0.59;-0.61;14.22;8.00;1.65
430197.00ms : 0.98;-0.58;-0.66;8.54;8.18;-1.46
430217.00ms : 0.96;-0.53;-0.65;4.15;-3.91;2.69
430237.00ms : 0.87;-0.56;-0.68;4.88;-1.95;5.86
430257.00ms : 0.82;-0.61;-0.71;0.49;-1.40;7.63
430277.00ms : 0.88;-0.54;-0.70;-0.06;-1.22;4.88
430297.00ms : 0.94;-0.53;-0.64;4.46;-2.08;8.24
430317.00ms : 0.92;-0.56;-0.71;3.11;-2.87;14.10
430337.00ms : 0.91;-0.55;-0.73;5.55;-2.87;15.87
430357.00ms : 0.91;-0.52;-0.71;6.84;-7.08;16.05
430377.00ms : 0.89;-0.54;-0.68;5.43;-5.74;15.99
430397.00ms : 0.92;-0.54;-0.69;-0.43;-5.49;19.65
430417.00ms : 0.94;-0.53;-0.70;-4.76;-9.03;23.25
430437.00ms : 0.94;-0.48;-0.72;-5.19;-13.12;25.15
430457.00ms : 0.91;-0.45;-0.69;-3.42;-16.42;25.27
430477.00ms : 0.88;-0.47;-0.68;1.53;-15.08;27.28
430497.00ms : 0.91;-0.47;-0.67;3.54;-12.70;29.30
430517.00ms : 0.94;-0.46;-0.64;2.75;-15.01;30.15
430537.00ms : 0.94;-0.43;-0.62;1.34;-19.71;32.96
430557.00ms : 0.91;-0.44;-0.62;1.71;-20.57;34.61
430577.00ms : 0.88;-0.43;-0.62;3.17;-17.52;33.14
430597.00ms : 0.90;-0.41;-0.62;3.85;-12.76;32.53
430617.00ms : 0.93;-0.39;-0.61;0.85;-12.21;33.26
430637.00ms : 0.95;-0.35;-0.61;-5.25;-15.81;34.12
430657.00ms : 0.93;-0.30;-0.59;-9.22;-18.98;34.67
430677.00ms : 0.90;-0.27;-0.58;-8.48;-19.47;34.91
430697.00ms : 0.90;-0.28;-0.57;-7.63;-16.72;33.33
430717.00ms : 0.95;-0.29;-0.62;-8.30;-15.26;32.35
430737.00ms : 0.99;-0.24;-0.63;-11.29;-21.12;33.45
430757.00ms : 0.96;-0.19;-0.60;-9.28;-26.73;32.78
430777.00ms : 0.91;-0.15;-0.58;-3.85;-24.05;28.44
430797.00ms : 0.93;-0.13;-0.58;-0.24;-20.08;24.11
430817.00ms : 0.98;-0.15;-0.59;1.28;-19.78;25.09
430837.00ms : 0.98;-0.14;-0.56;3.36;-22.22;26.43
430857.00ms : 0.95;-0.16;-0.53;4.88;-24.11;22.89
430877.00ms : 0.95;-0.17;-0.52;5.62;-23.68;18.37
430897.00ms : 0.97;-0.17;-0.51;6.16;-23.32;18.92
430917.00ms : 0.97;-0.15;-0.53;7.51;-23.01;20.39
430937.00ms : 0.96;-0.14;-0.50;10.07;-22.16;19.65
430957.00ms : 0.95;-0.14;-0.48;12.63;-20.63;16.60
430977.00ms : 0.96;-0.16;-0.46;13.00;-18.86;15.75
430997.00ms : 0.96;-0.16;-0.42;10.38;-17.21;15.14
431017.00ms : 0.96;-0.14;-0.44;6.77;-15.63;11.47
431037.00ms : 0.98;-0.12;-0.46;3.36;-15.44;10.31
431057.00ms : 0.99;-0.10;-0.47;2.38;-15.99;10.68
431077.00ms : 0.97;-0.07;-0.48;4.94;-14.22;10.62
431097.00ms : 0.99;-0.12;-0.48;10.13;-13.24;11.17
431117.00ms : 0.98;-0.15;-0.45;11.05;-12.88;10.56
431137.00ms : 0.97;-0.11;-0.42;8.42;-13.55;9.03
431157.00ms : 0.97;-0.04;-0.44;10.50;-11.78;6.77
431177.00ms : 0.99;-0.08;-0.43;13.92;-9.95;6.41
431197.00ms : 1.01;-0.17;-0.42;10.62;-8.42;5.92
431217.00ms : 0.98;-0.15;-0.40;1.40;-8.97;3.66
431237.00ms : 1.00;-0.10;-0.47;-3.23;-10.01;3.05
431257.00ms : 1.01;-0.12;-0.47;1.65;-10.19;4.64
431277.00ms : 1.00;-0.16;-0.44;5.92;-9.64;5.92
431297.00ms : 0.98;-0.12;-0.38;7.45;-8.30;2.62
431317.00ms : 1.02;-0.15;-0.44;6.16;-8.73;2.01
431337.00ms : 1.02;-0.19;-0.45;2.56;-10.13;5.98
431357.00ms : 0.98;-0.17;-0.42;0.67;-10.86;5.98
431377.00ms : 0.96;-0.03;-0.42;2.32;-9.77;3.78
431397.00ms : 1.01;-0.08;-0.43;8.24;-8.61;4.70
431417.00ms : 1.02;-0.22;-0.39;5.43;-7.75;7.51
431437.00ms : 0.99;-0.22;-0.39;-5.86;-8.54;7.51
431457.00ms : 0.98;-0.10;-0.41;-12.88;-9.52;3.54
431477.00ms : 0.97;-0.02;-0.40;-10.50;-8.18;1.34
431497.00ms : 0.96;0.02;-0.37;-5.37;-6.47;1.59
431517.00ms : 0.99;-0.02;-0.36;0.92;-5.49;1.16
431537.00ms : 0.99;-0.10;-0.38;1.28;-3.97;-0.06
431557.00ms : 0.98;-0.05;-0.39;2.01;-3.17;-2.81
431577.00ms : 1.00;-0.05;-0.41;7.02;-3.17;-2.75
431597.00ms : 1.01;-0.14;-0.42;9.58;-2.62;-0.43
431617.00ms : 1.00;-0.19;-0.41;7.14;-3.11;0.37
431637.00ms : 0.99;-0.15;-0.42;6.41;-3.72;-0.67
431657.00ms : 1.00;-0.08;-0.42;11.41;-3.72;-0.18
431677.00ms : 1.00;-0.13;-0.40;16.05;-3.11;1.83
431697.00ms : 1.01;-0.19;-0.40;14.77;-3.85;3.05
431717.00ms : 1.00;-0.15;-0.42;9.77;-4.39;1.10
431737.00ms : 1.01;-0.12;-0.42;9.95;-5.68;1.46
431757.00ms : 0.98;-0.10;-0.41;10.38;-4.70;1.95
431777.00ms : 0.99;-0.11;-0.37;11.72;-3.78;2.38
431797.00ms : 0.98;-0.09;-0.38;11.17;-2.81;1.53
431817.00ms : 1.00;-0.10;-0.39;11.60;-3.17;1.34
431837.00ms : 1.00;-0.14;-0.41;10.74;-3.60;1.40
431857.00ms : 0.99;-0.12;-0.39;8.48;-3.78;1.46
431877.00ms : 1.00;-0.19;-0.39;7.08;-4.33;1.22
431897.00ms : 1.00;-0.19;-0.39;2.32;-4.76;2.14
431917.00ms : 1.00;-0.13;-0.40;-0.98;-5.31;0.73
431937.00ms : 0.99;-0.07;-0.40;0.06;-5.86;0.55
431957.00ms : 0.98;-0.06;-0.38;1.59;-3.91;0.61
431977.00ms : 1.00;-0.09;-0.37;0.31;-4.21;1.10
431997.00ms : 0.99;-0.15;-0.38;-2.38;-3.72;1.10
432017.00ms : 0.98;-0.10;-0.39;-4.70;-3.91;-0.37
432037.00ms : 0.99;-0.04;-0.39;-0.79;-3.60;-0.79
432057.00ms : 1.00;-0.09;-0.38;3.23;-2.75;0.37
432077.00ms : 0.99;-0.19;-0.37;0.61;-2.38;0.73
432097.00ms : 1.00;-0.14;-0.40;-4.39;-3.30;-0.12
432117.00ms : 1.00;-0.10;-0.40;-3.48;-4.52;-0.61
432137.00ms : 1.00;-0.10;-0.38;-1.22;-4.09;0.55
432157.00ms : 0.97;-0.10;-0.37;-0.98;-2.87;0.85
432177.00ms : 1.00;-0.09;-0.37;-1.46;-2.93;0.79
432197.00ms : 1.01;-0.13;-0.38;-0.92;-3.42;0.67
432217.00ms : 1.00;-0.13;-0.37;-2.81;-3.60;1.10
432237.00ms : 1.00;-0.11;-0.38;-2.01;-4.09;1.10
432257.00ms : 0.99;-0.13;-0.36;-0.73;-3.17;3.11
432277.00ms : 0.99;-0.15;-0.40;-1.46;-2.81;3.11
432297.00ms : 1.00;-0.12;-0.39;-2.81;-4.15;2.75
432317.00ms : 1.00;-0.10;-0.38;-2.14;-4.33;2.69
432337.00ms : 0.97;-0.11;-0.35;-3.97;-3.05;2.93
432357.00ms : 0.99;-0.11;-0.35;-5.92;-2.56;3.23
432377.00ms : 0.99;-0.10;-0.38;-6.23;-2.50;2.44
432397.00ms : 1.00;-0.07;-0.38;-5.55;-2.93;1.77
432417.00ms : 1.00;-0.11;-0.37;-4.09;-3.54;2.38
432437.00ms : 1.00;-0.14;-0.35;-6.47;-3.72;2.75
432457.00ms : 0.99;-0.15;-0.37;-9.28;-3.54;1.77
432477.00ms : 0.99;-0.10;-0.36;-10.80;-3.97;2.44
432497.00ms : 1.00;-0.03;-0.36;-6.29;-3.85;3.11
432517.00ms : 0.99;-0.05;-0.37;-0.31;-3.54;3.42
432537.00ms : 0.99;-0.09;-0.36;2.62;-2.99;3.54
432557.00ms : 0.99;-0.09;-0.36;2.44;-3.23;2.50
432577.00ms : 0.99;-0.07;-0.36;2.26;-2.69;2.44
432597.00ms : 1.00;-0.05;-0.36;3.78;-2.01;2.69
432617.00ms : 1.00;-0.07;-0.36;5.25;-2.08;2.20
432637.00ms : 0.99;-0.11;-0.36;3.23;-1.89;1.71
432657.00ms : 1.00;-0.10;-0.35;1.59;-2.69;1.59
432677.00ms : 1.00;-0.11;-0.36;0.85;-1.95;1.59
432697.00ms : 1.00;-0.11;-0.37;-0.55;-1.95;2.26
432717.00ms : 0.98;-0.09;-0.36;-1.77;-1.22;1.46
432737.00ms : 1.00;-0.07;-0.36;-1.71;-1.65;1.53
432757.00ms : 1.01;-0.08;-0.36;-1.59;-1.77;1.46
432777.00ms : 1.00;-0.08;-0.36;-1.40;-1.83;1.28
432797.00ms : 0.99;-0.09;-0.36;-0.18;-1.16;1.40
432817.00ms : 0.99;-0.07;-0.34;0.92;-0.55;1.46
432837.00ms : 1.00;-0.06;-0.36;2.44;-0.31;1.10
432857.00ms : 1.02;-0.09;-0.36;2.93;-1.53;1.40
432877.00ms : 1.00;-0.14;-0.37;1.16;-1.65;2.32
432897.00ms : 1.00;-0.15;-0.37;-2.50;-1.83;3.11
432917.00ms : 0.99;-0.11;-0.36;-4.64;-2.01;2.32
432937.00ms : 1.00;-0.07;-0.35;-3.60;-2.62;2.32
432957.00ms : 1.00;-0.07;-0.36;-2.56;-2.32;2.69
432977.00ms : 0.99;-0.07;-0.35;-2.93;-1.83;2.50
432997.00ms : 0.99;-0.04;-0.35;-1.40;-1.71;2.14
433017.00ms : 1.00;-0.06;-0.35;1.16;-0.98;2.32
433037.00ms : 1.00;-0.10;-0.35;1.59;-0.61;2.26
433057.00ms : 0.99;-0.07;-0.36;0.73;-0.85;1.77
433077.00ms : 1.01;-0.06;-0.34;1.28;-1.40;2.44
433097.00ms : 1.01;-0.12;-0.36;1.83;-1.40;3.48
433117.00ms : 1.00;-0.16;-0.36;-1.28;-2.26;2.99
433137.00ms : 0.98;-0.09;-0.36;-5.49;-1.95;2.14
433157.00ms : 0.98;-0.02;-0.35;-4.33;-1.16;2.01
433177.00ms : 1.00;-0.03;-0.33;-0.12;0.12;2.44
433197.00ms : 0.99;-0.05;-0.34;2.01;0.37;2.44
433217.00ms : 1.00;-0.05;-0.35;4.33;0.31;2.01
433237.00ms : 1.01;-0.07;-0.37;4.03;-0.18;1.59
433257.00ms : 1.00;-0.09;-0.36;1.46;-1.16;2.14
433277.00ms : 0.99;-0.08;-0.35;-1.22;-0.67;1.89
433297.00ms : 1.00;-0.06;-0.35;-3.36;-0.43;0.73
433317.00ms : 0.98;-0.03;-0.35;-3.91;-0.49;0.49
433337.00ms : 0.99;-0.03;-0.36;-3.30;-0.24;0.61
433357.00ms : 1.00;-0.06;-0.35;-3.05;-0.49;0.18
433377.00ms : 1.00;-0.09;-0.37;-3.54;-0.79;0.37
433397.00ms : 1.00;-0.08;-0.36;-4.39;-1.40;0.24
433417.00ms : 0.99;-0.06;-0.37;-2.44;-1.28;0.31
433437.00ms : 0.99;-0.05;-0.36;-0.06;-0.67;0.67
433457.00ms : 1.00;-0.05;-0.35;2.44;-0.43;0.43
433477.00ms : 1.00;-0.06;-0.36;3.23;-0.55;0.67
433497.00ms : 0.99;-0.07;-0.37;2.81;-0.61;0.55
433517.00ms : 1.00;-0.09;-0.36;1.83;-0.12;0.85
433537.00ms : 1.00;-0.09;-0.36;0.67;-0.12;0.31
433557.00ms : 1.00;-0.09;-0.36;-0.18;-1.28;0.79
433577.00ms : 1.00;-0.09;-0.36;-0.18;-1.22;0.67
433597.00ms : 1.00;-0.07;-0.36;-2.01;-0.98;0.37
433617.00ms : 1.00;-0.05;-0.36;-1.04;-1.04;0.73
433637.00ms : 1.01;-0.08;-0.37;-0.55;-1.53;1.40
433657.00ms : 0.99;-0.09;-0.36;-1.59;-1.89;1.77
433677.00ms : 0.98;-0.04;-0.35;-0.37;-0.85;0.79
433697.00ms : 0.99;-0.01;-0.36;2.50;-0.06;0.43
433717.00ms : 1.02;-0.05;-0.36;3.91;-0.85;1.59
433737.00ms : 1.00;-0.09;-0.37;1.28;-1.89;2.14
433757.00ms : 0.99;-0.09;-0.36;-1.10;-1.59;1.34
433777.00ms : 1.00;-0.07;-0.36;-2.01;-1.34;0.43
433797.00ms : 0.99;-0.03;-0.35;-1.95;-1.46;0.73
433817.00ms : 1.01;-0.04;-0.35;-0.06;-1.40;0.98
433837.00ms : 1.00;-0.07;-0.37;-0.37;-1.22;0.85
433857.00ms : 1.00;-0.07;-0.36;-1.22;-1.34;0.12
433877.00ms : 0.99;-0.05;-0.36;-0.37;-1.10;0.06
433897.00ms : 1.01;-0.07;-0.36;0.24;-1.89;0.79
433917.00ms : 1.00;-0.08;-0.35;-0.37;-1.89;0.67
433937.00ms : 1.00;-0.05;-0.35;-0.31;-1.83;0.31
433957.00ms : 0.99;-0.04;-0.35;1.34;-0.85;0.37
433977.00ms : 1.00;-0.05;-0.35;1.40;-1.22;0.55
433997.00ms : 1.00;-0.08;-0.36;0.12;-1.59;1.10
434017.00ms : 1.00;-0.09;-0.36;-2.38;-1.53;0.55
434037.00ms : 1.00;-0.06;-0.36;-3.42;-1.46;-0.06
434057.00ms : 1.00;-0.04;-0.35;-2.62;-1.16;0.31
434077.00ms : 1.00;-0.06;-0.36;-2.99;-1.65;0.43
434097.00ms : 1.00;-0.07;-0.35;-5.07;-2.26;0.06
434117.00ms : 1.00;-0.06;-0.35;-6.96;-2.50;-0.12
434137.00ms : 0.99;-0.04;-0.36;-6.47;-1.22;-0.37
434157.00ms : 1.00;-0.05;-0.36;-4.21;-1.40;-0.43
434177.00ms : 1.00;-0.05;-0.35;-1.71;-1.46;-0.49
434197.00ms : 1.00;-0.05;-0.35;-0.06;-1.28;-0.67
434217.00ms : 0.99;-0.07;-0.36;0.73;-1.16;-0.12
434237.00ms : 1.00;-0.08;-0.35;-0.37;-1.10;-0.31
434257.00ms : 1.00;-0.07;-0.36;-1.22;-1.71;-0.43
434277.00ms : 0.99;-0.07;-0.36;-0.31;-1.59;-0.24
434297.00ms : 0.99;-0.06;-0.35;-0.31;-1.16;-0.18
434317.00ms : 0.99;-0.07;-0.36;-0.73;-0.79;-0.24
434337.00ms : 1.00;-0.07;-0.35;-2.01;-1.22;0.12
434357.00ms : 1.00;-0.06;-0.36;-1.16;-1.46;-0.12
434377.00ms : 1.00;-0.05;-0.35;0.31;-1.40;-0.37
434397.00ms : 0.99;-0.05;-0.35;1.40;-0.79;-0.06
434417.00ms : 1.00;-0.07;-0.35;0.49;-0.37;-0.24
434437.00ms : 1.00;-0.06;-0.36;0.00;-0.73;-0.31
434457.00ms : 1.01;-0.09;-0.36;-0.18;-1.83;-0.31
434477.00ms : 0.99;-0.08;-0.35;-0.12;-1.53;0.43
434497.00ms : 0.98;-0.07;-0.35;-0.55;-0.49;-0.12
434517.00ms : 1.00;-0.04;-0.35;-0.85;-0.43;-0.06
434537.00ms : 1.00;-0.06;-0.36;-0.55;-1.10;0.12
434557.00ms : 1.00;-0.07;-0.35;-0.73;-1.16;0.31
434577.00ms : 0.99;-0.06;-0.36;-0.18;-0.67;-0.37
434597.00ms : 1.00;-0.06;-0.36;-0.37;-0.61;-0.06
434617.00ms : 1.00;-0.07;-0.35;-1.16;-0.73;0.00
434637.00ms : 1.00;-0.06;-0.36;-1.65;-1.04;-0.55
434657.00ms : 1.00;-0.05;-0.36;-0.43;-0.55;-0.18
434677.00ms : 0.99;-0.07;-0.35;-1.40;-0.12;-0.06
434697.00ms : 1.00;-0.07;-0.35;-2.20;-0.43;-0.06
434717.00ms : 1.00;-0.07;-0.35;-2.38;0.00;-0.06
434737.00ms : 0.99;-0.06;-0.35;-2.56;0.73;0.06
434757.00ms : 1.00;-0.03;-0.36;-1.83;0.12;-0.79
434777.00ms : 1.01;-0.05;-0.36;0.31;0.00;-0.55
434797.00ms : 1.00;-0.08;-0.35;0.31;-0.24;-0.06
434817.00ms : 1.00;-0.10;-0.36;-2.32;-0.73;0.00
434837.00ms : 0.99;-0.08;-0.36;-4.09;-0.67;-0.55
434857.00ms : 1.00;-0.04;-0.36;-3.17;-0.31;-0.79
434877.00ms : 1.01;-0.04;-0.36;-0.79;-0.98;-0.06
434897.00ms : 0.99;-0.08;-0.35;-0.31;-0.85;-0.31
434917.00ms : 0.99;-0.08;-0.35;-1.77;-0.49;-0.85
434937.00ms : 1.01;-0.07;-0.36;-1.71;-0.79;-0.12
434957.00ms : 1.00;-0.07;-0.37;-1.59;-1.10;-0.43
434977.00ms : 1.00;-0.06;-0.35;-0.55;-1.04;-0.12
434997.00ms : 0.99;-0.05;-0.35;0.49;-0.12;-0.24
435017.00ms : 1.01;-0.07;-0.35;0.73;0.06;-0.18
435037.00ms : 0.99;-0.06;-0.37;-0.24;-0.24;-0.37
435057.00ms : 1.01;-0.09;-0.36;-0.18;-1.10;0.00
435077.00ms : 0.99;-0.08;-0.37;-0.92;-0.18;-0.06
435097.00ms : 1.01;-0.07;-0.36;-1.16;-0.43;-0.37
435117.00ms : 0.99;-0.06;-0.37;-1.77;-0.85;-0.24
435137.00ms : 1.00;-0.06;-0.36;-0.92;-0.85;-0.06
435157.00ms : 0.99;-0.07;-0.36;-0.92;-1.04;0.31
435177.00ms : 1.00;-0.09;-0.36;-1.53;-0.73;0.06
435197.00ms : 0.99;-0.07;-0.36;-2.14;-0.55;0.24
435217.00ms : 1.00;-0.05;-0.36;-1.28;-0.61;0.06
435237.00ms : 1.00;-0.06;-0.36;-0.31;-0.31;0.24
435257.00ms : 0.99;-0.05;-0.36;0.55;0.18;0.24
435277.00ms : 0.99;-0.04;-0.36;1.22;0.43;-0.24
435297.00ms : 1.00;-0.06;-0.36;1.04;0.37;-0.24
435317.00ms : 1.00;-0.07;-0.37;0.00;-0.31;-0.43
435337.00ms : 1.00;-0.06;-0.36;-0.37;-0.37;-0.37
435357.00ms : 1.00;-0.09;-0.35;-1.53;-0.12;-0.49
435377.00ms : 0.99;-0.07;-0.36;-3.85;-0.18;-0.49
435397.00ms : 1.00;-0.07;-0.37;-2.93;-0.73;-0.12
435417.00ms : 1.00;-0.08;-0.38;-2.14;-0.92;-0.43
435437.00ms : 1.00;-0.08;-0.36;-1.95;-0.67;-0.18
435457.00ms : 1.00;-0.07;-0.37;-2.01;-1.10;-0.24
435477.00ms : 1.00;-0.08;-0.36;-2.50;-0.79;-0.37
435497.00ms : 0.99;-0.06;-0.37;-2.62;-0.79;-0.31
435517.00ms : 1.00;-0.06;-0.36;-2.14;-0.98;-0.31
435537.00ms : 1.00;-0.06;-0.36;-1.16;-0.61;0.00
435557.00ms : 0.99;-0.08;-0.36;-0.98;-0.55;0.00
435577.00ms : 1.00;-0.07;-0.36;-0.92;-0.92;-0.43
435597.00ms : 1.00;-0.06;-0.37;-0.49;-1.65;-0.24
435617.00ms : 0.99;-0.06;-0.37;-0.31;-1.22;0.06
435637.00ms : 0.99;-0.07;-0.36;-0.73;-0.67;0.12
435657.00ms : 1.00;-0.06;-0.37;-0.73;-1.16;-0.31
435677.00ms : 1.00;-0.06;-0.37;0.92;-1.28;-0.06
435697.00ms : 1.00;-0.08;-0.37;1.46;-0.92;0.31
435717.00ms : 1.00;-0.09;-0.35;0.06;-0.79;-0.06
435737.00ms : 1.00;-0.07;-0.36;-0.92;-0.98;-0.18
435757.00ms : 1.00;-0.05;-0.37;0.00;-1.04;-0.31
435777.00ms : 1.00;-0.07;-0.37;0.85;-1.04;-0.24
435797.00ms : 1.00;-0.08;-0.37;0.61;-0.61;-0.24
435817.00ms : 0.99;-0.07;-0.37;-0.49;-0.98;-0.24
435837.00ms : 1.00;-0.07;-0.37;-0.98;-0.98;-0.12
435857.00ms : 1.00;-0.07;-0.36;-1.53;-1.10;-0.49
435877.00ms : 1.00;-0.07;-0.37;-0.67;-0.85;-0.18
435897.00ms : 0.99;-0.06;-0.36;0.06;-0.98;-0.31
435917.00ms : 1.00;-0.06;-0.36;0.18;-0.55;0.00
435937.00ms : 1.00;-0.07;-0.37;-0.55;-0.73;-0.18
435957.00ms : 1.00;-0.07;-0.36;0.12;-0.85;-0.31
435977.00ms : 1.00;-0.07;-0.36;-0.18;-0.92;-0.31
435997.00ms : 1.00;-0.07;-0.36;-0.49;-0.98;-0.24
436017.00ms : 1.00;-0.06;-0.37;-0.43;-0.73;-0.24
436037.00ms : 0.99;-0.06;-0.36;0.24;-0.92;-0.49
436057.00ms : 0.99;-0.06;-0.37;0.73;-0.49;-0.49
436077.00ms : 1.00;-0.07;-0.37;0.73;-0.98;-0.49
436097.00ms : 1.00;-0.06;-0.36;1.04;-1.10;-0.37
436117.00ms : 1.00;-0.10;-0.36;-0.24;-0.61;-0.43
436137.00ms : 0.99;-0.07;-0.37;-1.77;-0.98;-0.67
436157.00ms : 0.99;-0.05;-0.36;-0.85;-1.04;-0.98
436177.00ms : 1.00;-0.07;-0.36;0.00;-1.34;-0.37
436197.00ms : 1.00;-0.08;-0.37;0.43;-0.79;-0.67
436217.00ms : 1.00;-0.07;-0.37;-0.18;-1.04;-1.28
436237.00ms : 1.00;-0.05;-0.36;0.85;-0.98;-1.28
436257.00ms : 1.00;-0.08;-0.37;1.77;-0.79;-0.92
436277.00ms : 1.00;-0.08;-0.36;1.59;-0.61;-0.79
436297.00ms : 1.00;-0.07;-0.36;1.71;-0.18;-1.04
436317.00ms : 1.00;-0.08;-0.37;0.61;-0.31;-0.61
436337.00ms : 0.99;-0.10;-0.37;-0.37;-0.49;-0.31
436357.00ms : 1.00;-0.09;-0.37;-1.46;-1.04;-0.37
436377.00ms : 1.00;-0.08;-0.37;-1.16;-0.79;-0.31
436397.00ms : 1.00;-0.07;-0.37;-1.16;-0.67;-0.06
436417.00ms : 1.00;-0.06;-0.36;-1.10;-0.85;0.00
436437.00ms : 1.00;-0.07;-0.37;-0.55;-0.79;-0.12
436457.00ms : 1.00;-0.09;-0.37;-0.73;-0.85;0.00
436477.00ms : 1.00;-0.08;-0.37;-1.28;-0.98;-0.06
436497.00ms : 1.00;-0.07;-0.37;-1.53;-0.92;0.00
436517.00ms : 1.00;-0.07;-0.37;-0.73;-1.22;-0.06
436537.00ms : 1.00;-0.09;-0.37;-0.61;-1.04;0.43
436557.00ms : 0.99;-0.09;-0.36;-1.46;-1.16;0.06
436577.00ms : 1.00;-0.06;-0.37;-0.79;-1.22;0.12
436597.00ms : 0.99;-0.07;-0.37;0.18;-1.04;0.37
436617.00ms : 1.00;-0.08;-0.35;0.24;-0.98;0.49
436637.00ms : 1.00;-0.07;-0.37;0.18;-0.85;0.31
436657.00ms : 1.00;-0.05;-0.36;1.40;-1.40;0.12
436677.00ms : 0.99;-0.08;-0.36;2.69;-1.04;0.79
436697.00ms : 1.00;-0.09;-0.36;1.65;-0.92;0.61
436717.00ms : 1.00;-0.08;-0.36;0.67;-1.04;0.49
436737.00ms : 1.00;-0.07;-0.37;0.79;-0.98;0.55
436757.00ms : 1.00;-0.08;-0.36;0.31;-0.92;0.73
436777.00ms : 0.99;-0.08;-0.37;-0.06;-0.85;0.12
436797.00ms : 1.00;-0.07;-0.36;-0.85;-0.98;0.61
436817.00ms : 1.00;-0.06;-0.37;-0.12;-1.40;0.31
436837.00ms : 1.00;-0.09;-0.37;-0.12;-1.16;0.61
436857.00ms : 1.00;-0.08;-0.36;-1.71;-1.10;0.55
436877.00ms : 1.00;-0.05;-0.37;-0.98;-1.16;0.24
436897.00ms : 1.00;-0.07;-0.37;-0.31;-1.16;0.67
