701854.00ms : 0.95;-0.30;-0.30;-5.25;3.48;3.11
701873.00ms : 0.95;-0.36;-0.30;-8.73;1.40;0.79
701893.00ms : 0.92;-0.35;-0.28;-11.29;2.56;-3.05
701913.00ms : 0.93;-0.30;-0.31;-8.85;2.93;-3.85
701933.00ms : 1.02;-0.29;-0.26;-10.31;-0.43;-0.18
701953.00ms : 0.93;-0.29;-0.28;-10.38;2.93;-3.30
701973.00ms : 0.86;-0.36;-0.25;-8.42;0.98;6.77
701993.00ms : 0.98;-0.37;-0.31;-15.38;1.16;-1.28
702013.00ms : 0.93;-0.27;-0.34;-11.47;0.43;0.12
702033.00ms : 0.95;-0.35;-0.31;-8.67;-0.49;-1.04
702053.00ms : 0.92;-0.36;-0.31;-7.93;-1.53;1.04
702073.00ms : 0.94;-0.33;-0.31;-10.99;-0.67;-3.54
702093.00ms : 0.99;-0.28;-0.30;-5.37;-4.76;-1.10
702113.00ms : 1.01;-0.40;-0.22;5.74;-7.57;15.75
702133.00ms : 0.90;-0.27;-0.31;-1.34;-1.40;-9.83
702153.00ms : 0.99;-0.32;-0.27;2.56;-3.78;-6.59
702173.00ms : 0.95;-0.33;-0.27;0.79;-3.23;-8.61
702193.00ms : 0.93;-0.34;-0.26;0.43;-2.87;-10.25
702213.00ms : 0.92;-0.36;-0.30;-1.71;-3.42;-10.93
702233.00ms : 0.98;-0.32;-0.30;-2.62;-4.03;-12.63
702253.00ms : 0.98;-0.28;-0.29;-1.10;-4.94;-14.95
702273.00ms : 0.96;-0.30;-0.27;1.16;-5.07;-14.47
702293.00ms : 0.95;-0.30;-0.27;1.71;-5.49;-14.83
702313.00ms : 0.97;-0.31;-0.28;0.61;-3.36;-18.43
702333.00ms : 0.97;-0.34;-0.28;-2.08;-0.06;-19.65
702353.00ms : 0.98;-0.40;-0.27;-4.94;2.87;-20.20
702373.00ms : 0.99;-0.45;-0.22;-4.88;5.31;-23.13
702393.00ms : 0.95;-0.49;-0.23;-4.58;5.31;-26.43
702413.00ms : 0.91;-0.43;-0.24;-13.67;7.14;-24.78
702433.00ms : 0.91;-0.49;-0.30;-21.36;10.19;-24.23
702453.00ms : 0.90;-0.45;-0.29;-21.67;12.57;-22.64
702473.00ms : 0.91;-0.44;-0.27;-17.40;11.05;-19.23
702493.00ms : 0.87;-0.42;-0.29;-12.63;7.08;-17.46
702513.00ms : 0.89;-0.47;-0.34;-8.67;7.69;-19.41
702533.00ms : 0.87;-0.50;-0.31;-7.08;9.95;-22.22
702553.00ms : 0.89;-0.50;-0.31;-6.04;9.83;-21.24
702573.00ms : 0.89;-0.49;-0.32;-3.72;12.27;-26.55
702593.00ms : 0.91;-0.49;-0.35;-1.77;17.33;-36.68
702613.00ms : 0.91;-0.46;-0.35;0.43;19.78;-45.29
702633.00ms : 0.92;-0.42;-0.33;6.41;16.05;-44.74
702653.00ms : 0.97;-0.45;-0.25;16.30;1.59;-37.11
702673.00ms : 0.95;-0.40;-0.25;25.94;-11.60;-32.84
702693.00ms : 0.96;-0.32;-0.30;31.74;-11.96;-31.07
702713.00ms : 1.00;-0.38;-0.31;38.15;-9.52;-26.31
702733.00ms : 0.97;-0.50;-0.29;39.79;-3.85;-26.12
702753.00ms : 0.95;-0.54;-0.28;32.78;2.01;-28.69
702773.00ms : 0.96;-0.48;-0.31;22.34;5.74;-30.15
702793.00ms : 1.03;-0.43;-0.33;19.35;6.04;-27.59
702813.00ms : 1.06;-0.44;-0.34;22.89;2.50;-18.55
702833.00ms : 1.03;-0.52;-0.35;28.20;-0.79;-12.63
702853.00ms : 0.99;-0.54;-0.36;30.76;-8.30;-10.56
702873.00ms : 0.97;-0.52;-0.38;33.63;-15.81;-5.55
702893.00ms : 0.98;-0.57;-0.42;35.58;-16.60;-1.10
702913.00ms : 0.98;-0.68;-0.40;30.46;-10.74;-5.37
702933.00ms : 0.96;-0.69;-0.40;16.60;-5.98;-8.67
702953.00ms : 0.94;-0.59;-0.41;13.55;-3.36;-2.87
702973.00ms : 0.95;-0.62;-0.47;17.88;3.23;8.42
702993.00ms : 0.91;-0.67;-0.46;20.81;1.59;14.83
703013.00ms : 0.89;-0.66;-0.49;20.20;-2.26;19.84
703033.00ms : 0.92;-0.59;-0.55;25.33;-6.71;31.80
703053.00ms : 0.94;-0.55;-0.55;31.74;-9.70;45.72
703073.00ms : 0.91;-0.58;-0.54;39.06;-10.86;56.34
703093.00ms : 0.93;-0.62;-0.54;42.48;-11.60;62.01
703113.00ms : 0.94;-0.61;-0.51;43.70;-12.02;65.61
703133.00ms : 0.91;-0.58;-0.49;44.80;-13.67;74.10
703153.00ms : 0.91;-0.56;-0.52;44.62;-14.40;82.70
703173.00ms : 0.92;-0.55;-0.49;41.75;-14.28;87.83
703193.00ms : 0.90;-0.51;-0.48;36.99;-14.53;93.14
703213.00ms : 0.87;-0.43;-0.44;34.48;-15.32;99.30
703233.00ms : 0.87;-0.44;-0.49;30.03;-14.22;107.12
703253.00ms : 0.93;-0.41;-0.43;25.45;-13.31;108.03
703273.00ms : 0.95;-0.34;-0.46;22.77;-13.43;111.51
703293.00ms : 0.97;-0.31;-0.42;21.00;-15.01;114.14
703313.00ms : 0.98;-0.29;-0.45;16.91;-16.24;116.94
703333.00ms : 0.97;-0.25;-0.42;15.44;-18.31;116.39
703353.00ms : 1.01;-0.18;-0.44;14.89;-20.20;120.42
703373.00ms : 1.03;-0.15;-0.42;15.99;-22.64;122.68
703393.00ms : 1.05;-0.09;-0.37;16.30;-30.64;124.82
703413.00ms : 1.06;-0.04;-0.42;14.89;-34.61;123.96
703433.00ms : 1.08;0.05;-0.39;17.03;-43.82;130.92
703453.00ms : 1.08;0.12;-0.37;22.09;-56.34;140.69
703473.00ms : 1.06;0.22;-0.38;27.95;-66.89;149.66
703493.00ms : 1.09;0.19;-0.35;28.14;-78.55;155.15
703513.00ms : 1.04;0.15;-0.32;25.76;-86.18;153.14
703533.00ms : 0.96;0.19;-0.27;22.83;-91.43;148.56
703553.00ms : 0.92;0.20;-0.21;14.95;-91.31;145.69
703573.00ms : 0.87;0.17;-0.17;1.04;-88.32;141.85
703593.00ms : 0.82;0.19;-0.15;-17.40;-85.14;137.70
703613.00ms : 0.77;0.25;-0.17;-32.29;-83.25;138.31
703633.00ms : 0.70;0.29;-0.19;-42.42;-77.15;141.91
703653.00ms : 0.62;0.30;-0.21;-45.72;-72.75;143.01
703673.00ms : 0.58;0.35;-0.25;-49.44;-66.41;142.88
703693.00ms : 0.52;0.42;-0.24;-41.32;-65.73;145.32
703713.00ms : 0.50;0.41;-0.22;-41.20;-68.05;144.10
703733.00ms : 0.49;0.43;-0.17;-43.33;-68.73;133.61
703753.00ms : 0.52;0.47;-0.21;-40.28;-72.57;120.36
703773.00ms : 0.48;0.55;-0.19;-33.45;-70.56;115.17
703793.00ms : 0.45;0.56;-0.15;-26.18;-66.10;108.70
703813.00ms : 0.31;0.51;-0.10;-24.72;-60.18;96.31
703833.00ms : 0.30;0.54;-0.11;-17.21;-60.91;79.53
703853.00ms : 0.33;0.59;-0.13;-5.13;-63.48;67.63
703873.00ms : 0.30;0.58;-0.10;6.47;-53.47;51.15
703893.00ms : 0.30;0.57;-0.11;11.05;-42.48;35.64
703913.00ms : 0.34;0.59;-0.15;13.31;-39.55;18.37
703933.00ms : 0.31;0.60;-0.14;15.08;-33.45;5.31
703953.00ms : 0.26;0.55;-0.15;11.54;-21.55;-3.36
703973.00ms : 0.28;0.60;-0.12;10.13;-15.01;-12.76
703993.00ms : 0.34;0.72;-0.12;14.59;-13.06;-17.94
704013.00ms : 0.33;0.72;-0.07;19.53;-9.34;-20.14
704033.00ms : 0.29;0.59;-0.08;16.11;-5.19;-24.17
704053.00ms : 0.34;0.66;-0.02;8.48;-2.87;-31.80
704073.00ms : 0.40;0.80;0.00;5.80;0.43;-36.32
704093.00ms : 0.40;0.88;-0.02;10.99;0.55;-36.56
704113.00ms : 0.37;0.77;0.00;16.36;1.16;-38.76
704133.00ms : 0.38;0.69;0.02;12.70;2.93;-39.61
704153.00ms : 0.42;0.75;0.01;7.14;3.42;-41.56
704173.00ms : 0.43;0.83;0.05;5.31;4.09;-42.48
704193.00ms : 0.44;0.77;0.02;2.69;6.77;-45.90
704213.00ms : 0.47;0.78;-0.00;0.18;8.67;-47.00
704233.00ms : 0.46;0.70;-0.02;-4.27;11.35;-45.84
704253.00ms : 0.46;0.71;-0.01;-6.59;10.68;-43.21
704273.00ms : 0.49;0.79;0.00;-8.18;11.23;-45.35
704293.00ms : 0.53;0.81;-0.00;-5.00;10.86;-45.29
704313.00ms : 0.52;0.74;-0.02;-1.59;12.51;-44.19
704333.00ms : 0.49;0.67;-0.07;-5.37;14.34;-45.78
704353.00ms : 0.54;0.70;0.01;-9.16;15.20;-47.97
704373.00ms : 0.59;0.75;-0.02;-7.81;14.28;-49.32
704393.00ms : 0.60;0.75;-0.04;-0.67;10.50;-47.12
704413.00ms : 0.60;0.68;-0.06;4.03;11.84;-45.10
704433.00ms : 0.58;0.64;-0.03;-0.55;15.14;-45.29
704453.00ms : 0.61;0.68;-0.05;-2.75;14.65;-44.68
704473.00ms : 0.59;0.62;-0.09;-1.34;16.17;-47.85
704493.00ms : 0.66;0.59;-0.08;-0.98;14.40;-48.83
704513.00ms : 0.72;0.61;-0.06;2.44;13.06;-48.89
704533.00ms : 0.73;0.61;-0.07;11.41;11.35;-47.00
704553.00ms : 0.75;0.64;-0.07;22.16;10.01;-45.29
704573.00ms : 0.72;0.56;-0.05;22.89;14.04;-46.69
704593.00ms : 0.73;0.55;-0.00;13.92;15.56;-50.17
704613.00ms : 0.80;0.61;-0.02;10.50;14.89;-53.34
704633.00ms : 0.75;0.53;-0.05;16.30;12.27;-50.29
704653.00ms : 0.79;0.54;-0.02;19.47;9.89;-47.91
704673.00ms : 0.91;0.70;0.01;28.14;3.17;-41.99
704693.00ms : 0.85;0.63;-0.00;41.50;1.83;-35.89
704713.00ms : 0.75;0.42;-0.06;41.02;5.13;-34.61
704733.00ms : 0.81;0.47;0.03;30.58;6.10;-35.95
704753.00ms : 0.86;0.53;0.06;23.68;10.93;-38.27
704773.00ms : 0.82;0.47;0.02;18.92;12.63;-39.55
704793.00ms : 0.80;0.42;-0.03;18.19;12.15;-36.56
704813.00ms : 0.84;0.41;-0.00;19.78;10.44;-33.39
704833.00ms : 0.84;0.49;0.09;12.57;12.57;-34.30
704853.00ms : 0.79;0.31;-0.02;22.46;12.15;-34.12
704873.00ms : 0.76;0.25;-0.01;15.81;11.11;-37.35
704893.00ms : 0.86;0.30;0.03;10.99;10.25;-40.16
704913.00ms : 0.92;0.40;0.05;11.41;9.89;-41.20
704933.00ms : 0.85;0.35;0.01;15.99;10.62;-41.32
704953.00ms : 0.81;0.24;0.01;15.81;9.40;-42.11
704973.00ms : 0.92;0.32;0.01;17.70;6.53;-43.09
704993.00ms : 0.95;0.34;0.00;25.76;3.72;-43.27
705013.00ms : 0.90;0.31;-0.01;30.94;3.85;-39.55
705033.00ms : 0.85;0.21;0.00;30.46;3.11;-33.33
705053.00ms : 0.89;0.19;0.03;23.13;3.30;-32.84
705073.00ms : 0.91;0.19;0.06;14.34;4.27;-33.63
705093.00ms : 0.87;0.17;-0.00;3.05;7.75;-36.68
705113.00ms : 0.83;0.10;-0.07;-3.72;11.60;-36.13
705133.00ms : 0.90;0.07;-0.06;-10.62;16.05;-39.06
705153.00ms : 0.94;0.12;-0.06;-8.54;15.20;-46.45
705173.00ms : 0.90;0.17;-0.04;-1.53;9.52;-47.49
705193.00ms : 0.84;0.06;-0.06;5.62;6.29;-43.82
705213.00ms : 0.91;0.07;-0.06;1.34;9.16;-48.40
705233.00ms : 0.96;0.03;-0.05;-2.26;14.40;-57.86
705253.00ms : 1.00;0.10;-0.04;-4.58;13.98;-66.77
705273.00ms : 0.94;0.01;-0.10;0.55;10.38;-59.75
705293.00ms : 0.89;-0.04;-0.08;-1.59;13.61;-57.19
705313.00ms : 0.97;-0.01;-0.12;-1.34;15.63;-61.10
705333.00ms : 1.03;0.03;-0.15;1.46;15.38;-64.94
705353.00ms : 0.96;-0.10;-0.12;3.54;13.31;-61.52
705373.00ms : 0.92;-0.15;-0.08;0.24;13.61;-62.50
705393.00ms : 1.04;-0.05;-0.08;-7.32;14.71;-66.35
705413.00ms : 1.05;-0.01;-0.13;-2.81;14.04;-69.58
705433.00ms : 1.02;-0.05;-0.11;6.10;10.93;-64.03
705453.00ms : 0.96;-0.08;-0.10;11.60;8.97;-55.11
705473.00ms : 0.96;-0.10;-0.13;9.09;12.33;-56.09
705493.00ms : 0.99;-0.09;-0.10;3.42;16.36;-61.46
705513.00ms : 1.00;-0.14;-0.13;-1.71;15.75;-61.77
705533.00ms : 0.96;-0.20;-0.11;-3.72;16.24;-58.65
705553.00ms : 0.98;-0.13;-0.11;-10.44;16.42;-58.96
705573.00ms : 1.01;-0.12;-0.14;-10.31;18.25;-60.85
705593.00ms : 1.00;-0.21;-0.09;-14.65;21.61;-63.23
705613.00ms : 0.98;-0.22;-0.11;-23.93;22.03;-64.51
705633.00ms : 0.96;-0.24;-0.15;-29.85;22.64;-60.91
705653.00ms : 0.92;-0.33;-0.15;-33.81;22.83;-58.35
705673.00ms : 0.93;-0.33;-0.16;-38.64;20.02;-61.10
705693.00ms : 0.96;-0.25;-0.14;-41.69;16.30;-57.37
705713.00ms : 1.01;-0.20;-0.13;-33.63;13.31;-61.40
705733.00ms : 1.02;-0.17;-0.19;-25.82;9.34;-56.88
705753.00ms : 1.00;-0.22;-0.24;-10.80;6.10;-50.11
705773.00ms : 0.95;-0.32;-0.21;-5.68;6.23;-39.92
705793.00ms : 0.99;-0.29;-0.21;-1.65;3.42;-39.49
705813.00ms : 1.00;-0.22;-0.24;8.48;2.56;-38.64
705833.00ms : 0.95;-0.24;-0.22;17.21;6.10;-37.41
705853.00ms : 0.94;-0.32;-0.21;19.90;8.54;-37.41
705873.00ms : 0.92;-0.38;-0.25;15.87;12.82;-39.73
705893.00ms : 0.90;-0.40;-0.24;13.24;17.03;-41.14
705913.00ms : 0.85;-0.39;-0.21;7.87;20.45;-37.23
705933.00ms : 0.89;-0.41;-0.22;4.70;17.82;-29.66
705953.00ms : 0.86;-0.43;-0.19;1.53;16.24;-23.19
705973.00ms : 0.82;-0.46;-0.16;-8.24;17.94;-17.03
705993.00ms : 0.80;-0.47;-0.13;-27.16;23.13;-13.31
706013.00ms : 0.88;-0.50;-0.13;-48.52;26.67;-8.18
706033.00ms : 0.98;-0.29;-0.17;-59.81;23.07;-1.22
706053.00ms : 0.99;-0.16;-0.25;-51.09;23.80;7.26
706073.00ms : 0.95;-0.24;-0.26;-37.17;26.06;13.67
706093.00ms : 0.95;-0.37;-0.30;-27.77;25.15;13.85
706113.00ms : 0.88;-0.44;-0.31;-18.74;24.48;12.70
706133.00ms : 0.85;-0.48;-0.22;-10.99;21.48;13.98
706153.00ms : 0.83;-0.54;-0.09;-4.70;10.31;13.24
706173.00ms : 0.78;-0.66;-0.16;-3.17;5.13;5.13
706193.00ms : 0.81;-0.62;-0.22;-6.04;2.99;-0.31
706213.00ms : 0.90;-0.52;-0.28;-6.29;2.81;-1.04
706233.00ms : 0.92;-0.44;-0.28;-2.26;3.30;3.97
706253.00ms : 0.92;-0.44;-0.22;-0.61;3.78;6.29
706273.00ms : 0.91;-0.45;-0.19;0.06;0.98;5.00
706293.00ms : 0.91;-0.41;-0.19;3.05;-0.98;4.94
706313.00ms : 0.92;-0.42;-0.22;6.53;-0.98;5.86
706333.00ms : 0.90;-0.45;-0.25;5.86;0.24;5.80
706353.00ms : 0.88;-0.44;-0.24;1.59;2.14;4.52
706373.00ms : 0.89;-0.42;-0.23;-3.85;2.75;2.87
706393.00ms : 0.91;-0.35;-0.23;-4.64;3.42;1.59
706413.00ms : 0.93;-0.35;-0.27;-2.20;2.56;3.54
706433.00ms : 0.90;-0.40;-0.28;0.92;2.87;6.23
706453.00ms : 0.90;-0.44;-0.27;2.56;1.22;4.88
706473.00ms : 0.89;-0.44;-0.26;4.58;0.31;2.99
706493.00ms : 0.90;-0.45;-0.27;4.15;-0.18;2.50
706513.00ms : 0.88;-0.48;-0.26;3.91;-0.18;3.36
706533.00ms : 0.88;-0.46;-0.26;4.82;-0.73;3.17
706553.00ms : 0.91;-0.42;-0.27;6.65;-2.20;2.81
706573.00ms : 0.93;-0.41;-0.27;7.63;-2.50;4.64
706593.00ms : 0.90;-0.42;-0.28;6.90;-3.42;7.57
706613.00ms : 0.87;-0.42;-0.29;8.79;-3.85;9.22
706633.00ms : 0.88;-0.48;-0.28;7.57;-3.66;10.13
706653.00ms : 0.89;-0.48;-0.27;4.03;-2.44;7.63
706673.00ms : 0.88;-0.48;-0.26;0.31;-0.92;6.23
706693.00ms : 0.88;-0.48;-0.25;-3.78;0.31;4.94
706713.00ms : 0.89;-0.44;-0.24;-4.94;1.22;2.56
706733.00ms : 0.91;-0.40;-0.26;-4.33;1.46;2.38
706753.00ms : 0.91;-0.41;-0.28;-2.62;0.98;4.94
706773.00ms : 0.90;-0.42;-0.27;-1.28;0.98;5.25
706793.00ms : 0.90;-0.42;-0.26;-1.53;-0.18;5.00
706813.00ms : 0.91;-0.42;-0.29;-0.67;-1.65;4.88
706833.00ms : 0.90;-0.42;-0.26;0.37;-0.92;5.62
706853.00ms : 0.89;-0.37;-0.23;-0.12;-0.67;4.15
706873.00ms : 0.91;-0.37;-0.24;-2.01;0.43;4.64
706893.00ms : 0.91;-0.43;-0.25;-5.49;-0.18;4.58
706913.00ms : 0.90;-0.44;-0.29;-7.02;-0.06;4.15
706933.00ms : 0.92;-0.43;-0.28;-7.14;0.24;2.93
706953.00ms : 0.92;-0.39;-0.26;-5.74;0.43;2.69
706973.00ms : 0.92;-0.36;-0.25;-3.05;0.37;2.32
706993.00ms : 0.92;-0.37;-0.26;-0.85;-0.67;3.17
707013.00ms : 0.92;-0.38;-0.28;-0.12;-1.10;4.52
707033.00ms : 0.91;-0.39;-0.26;1.04;-1.22;3.54
707053.00ms : 0.92;-0.38;-0.26;1.65;-1.71;2.32
707073.00ms : 0.92;-0.39;-0.27;2.38;-2.20;2.44
707093.00ms : 0.91;-0.43;-0.26;2.38;-2.26;3.48
707113.00ms : 0.90;-0.40;-0.26;4.27;-2.62;2.99
707133.00ms : 0.93;-0.36;-0.26;5.00;-3.17;2.75
707153.00ms : 0.91;-0.39;-0.26;5.98;-2.14;4.03
707173.00ms : 0.90;-0.43;-0.26;4.52;-2.14;4.58
707193.00ms : 0.90;-0.40;-0.25;4.15;-1.53;2.50
707213.00ms : 0.91;-0.37;-0.27;3.97;-2.20;1.89
707233.00ms : 0.91;-0.42;-0.27;1.77;-1.46;3.36
707253.00ms : 0.90;-0.43;-0.26;-2.56;-0.43;1.83
707273.00ms : 0.91;-0.41;-0.27;-5.31;-0.12;0.12
707293.00ms : 0.91;-0.39;-0.27;-5.07;0.12;0.06
707313.00ms : 0.92;-0.39;-0.27;-4.21;0.06;1.28
707333.00ms : 0.92;-0.37;-0.24;-2.56;-0.43;0.85
707353.00ms : 0.92;-0.35;-0.26;-0.12;-1.16;1.04
707373.00ms : 0.91;-0.38;-0.27;1.77;-1.71;2.26
707393.00ms : 0.92;-0.40;-0.27;2.26;-2.26;2.56
707413.00ms : 0.92;-0.38;-0.27;3.54;-2.08;1.71
707433.00ms : 0.92;-0.37;-0.25;4.15;-2.14;1.59
707453.00ms : 0.92;-0.37;-0.26;4.58;-2.56;1.65
707473.00ms : 0.92;-0.39;-0.27;4.64;-2.69;1.77
707493.00ms : 0.91;-0.41;-0.28;3.36;-3.17;2.32
707513.00ms : 0.91;-0.41;-0.26;2.50;-2.26;1.53
707533.00ms : 0.92;-0.39;-0.25;1.53;-2.44;-0.18
707553.00ms : 0.93;-0.37;-0.26;1.65;-2.75;-0.79
707573.00ms : 0.92;-0.38;-0.26;2.20;-2.69;0.00
707593.00ms : 0.91;-0.40;-0.26;2.69;-2.75;0.18
707613.00ms : 0.91;-0.40;-0.26;3.11;-2.93;-0.43
707633.00ms : 0.91;-0.39;-0.27;3.36;-3.11;-0.49
707653.00ms : 0.91;-0.40;-0.25;3.78;-2.50;-0.43
707673.00ms : 0.90;-0.40;-0.27;2.81;-2.32;0.31
707693.00ms : 0.90;-0.41;-0.26;2.56;-1.40;0.24
707713.00ms : 0.90;-0.40;-0.26;2.08;-1.28;-0.43
707733.00ms : 0.91;-0.39;-0.26;1.65;-0.73;0.79
707753.00ms : 0.90;-0.42;-0.27;-0.37;0.61;2.14
707773.00ms : 0.90;-0.44;-0.26;-4.21;0.79;-0.31
707793.00ms : 0.93;-0.40;-0.25;-6.65;1.10;-2.08
707813.00ms : 0.91;-0.38;-0.26;-7.02;1.40;-0.92
707833.00ms : 0.91;-0.40;-0.27;-7.08;1.40;0.18
707853.00ms : 0.91;-0.40;-0.26;-5.98;0.79;-0.18
707873.00ms : 0.92;-0.39;-0.27;-4.39;0.12;-0.12
707893.00ms : 0.91;-0.39;-0.27;-3.30;-0.06;0.61
707913.00ms : 0.91;-0.38;-0.26;-2.44;-0.67;-0.31
707933.00ms : 0.91;-0.37;-0.26;-1.28;-0.37;0.12
707953.00ms : 0.92;-0.37;-0.27;-0.06;-0.79;0.79
707973.00ms : 0.92;-0.39;-0.27;0.73;-1.04;0.67
707993.00ms : 0.91;-0.41;-0.27;0.43;-1.10;-0.06
708013.00ms : 0.91;-0.42;-0.27;-0.18;-1.10;0.31
708033.00ms : 0.91;-0.41;-0.27;-0.67;-1.16;0.43
708053.00ms : 0.91;-0.39;-0.26;-0.55;-1.59;-0.12
708073.00ms : 0.92;-0.39;-0.26;0.31;-1.28;0.06
708093.00ms : 0.91;-0.39;-0.27;0.24;-1.28;0.12
708113.00ms : 0.91;-0.40;-0.26;-0.12;-1.59;0.49
708133.00ms : 0.91;-0.40;-0.26;0.18;-1.53;0.37
708153.00ms : 0.91;-0.40;-0.26;0.55;-1.83;0.18
708173.00ms : 0.91;-0.39;-0.26;1.04;-1.83;0.31
708193.00ms : 0.91;-0.39;-0.26;1.83;-1.59;0.67
708213.00ms : 0.91;-0.40;-0.28;1.34;-1.77;0.79
708233.00ms : 0.91;-0.40;-0.26;0.92;-1.89;0.55
708253.00ms : 0.91;-0.40;-0.27;0.61;-1.71;0.24
708273.00ms : 0.91;-0.41;-0.26;-0.37;-1.22;0.43
708293.00ms : 0.91;-0.40;-0.26;-0.31;-1.28;0.18
708313.00ms : 0.91;-0.38;-0.27;0.12;-1.77;0.12
708333.00ms : 0.92;-0.40;-0.27;0.73;-1.59;1.22
708353.00ms : 0.91;-0.41;-0.26;1.40;-1.71;0.92
708373.00ms : 0.91;-0.39;-0.26;1.40;-1.53;0.37
708393.00ms : 0.91;-0.39;-0.26;1.59;-1.28;0.49
708413.00ms : 0.91;-0.40;-0.27;1.34;-1.53;1.10
708433.00ms : 0.91;-0.41;-0.27;1.22;-2.01;1.04
708453.00ms : 0.91;-0.40;-0.26;1.04;-1.71;0.49
708473.00ms : 0.92;-0.40;-0.27;0.31;-1.59;0.67
708493.00ms : 0.91;-0.39;-0.26;-0.18;-1.28;0.49
708513.00ms : 0.91;-0.39;-0.26;-0.61;-1.46;1.22
708533.00ms : 0.91;-0.41;-0.27;-0.24;-1.04;0.85
708553.00ms : 0.91;-0.39;-0.26;-0.18;-1.04;0.55
708573.00ms : 0.91;-0.38;-0.27;-0.24;-1.46;-0.12
708593.00ms : 0.91;-0.40;-0.27;-1.22;-1.16;0.37
708613.00ms : 0.91;-0.40;-0.27;0.18;-0.92;1.10
708633.00ms : 0.91;-0.41;-0.25;-0.73;-0.37;-0.31
708653.00ms : 0.91;-0.38;-0.26;-2.69;-0.18;-1.28
708673.00ms : 0.91;-0.38;-0.28;-2.99;-0.06;0.37
708693.00ms : 0.91;-0.41;-0.28;-2.38;-1.10;1.34
708713.00ms : 0.90;-0.42;-0.27;-2.50;-1.16;0.73
708733.00ms : 0.91;-0.40;-0.26;-2.99;-1.22;-0.24
708753.00ms : 0.91;-0.38;-0.26;-1.95;-1.28;-0.79
708773.00ms : 0.91;-0.37;-0.26;-1.65;-0.92;0.06
708793.00ms : 0.90;-0.38;-0.26;0.00;-1.53;0.73
708813.00ms : 0.91;-0.39;-0.26;2.01;-1.89;0.79
708833.00ms : 0.91;-0.39;-0.27;2.69;-1.71;0.79
708853.00ms : 0.92;-0.41;-0.27;2.26;-2.62;0.92
708873.00ms : 0.89;-0.43;-0.27;0.98;-2.26;1.04
708893.00ms : 0.91;-0.42;-0.25;-0.98;-1.95;-0.24
708913.00ms : 0.92;-0.38;-0.26;-1.77;-1.71;-0.67
708933.00ms : 0.91;-0.39;-0.26;-1.77;-1.16;0.06
708953.00ms : 0.90;-0.39;-0.25;-1.59;-1.46;-0.24
708973.00ms : 0.91;-0.38;-0.26;-0.92;-1.83;-0.18
708993.00ms : 0.91;-0.39;-0.27;-0.55;-1.46;0.98
709013.00ms : 0.91;-0.40;-0.26;-0.61;-1.46;0.06
709033.00ms : 0.91;-0.41;-0.27;-1.46;-1.65;-0.49
709053.00ms : 0.91;-0.41;-0.25;-2.56;-1.28;-0.49
709073.00ms : 0.91;-0.39;-0.26;-2.20;-0.73;0.18
709093.00ms : 0.91;-0.39;-0.26;-1.65;-1.16;0.12
709113.00ms : 0.91;-0.39;-0.26;-1.34;-0.92;0.18
709133.00ms : 0.91;-0.40;-0.25;-2.38;-0.67;-0.31
709153.00ms : 0.90;-0.40;-0.26;-3.17;-0.43;-1.40
709173.00ms : 0.91;-0.39;-0.26;-3.17;0.00;-0.79
709193.00ms : 0.91;-0.40;-0.27;-2.26;-0.55;-0.06
709213.00ms : 0.91;-0.40;-0.27;-1.04;-0.73;0.43
709233.00ms : 0.91;-0.39;-0.25;-0.24;-0.73;-0.37
709253.00ms : 0.91;-0.38;-0.27;0.06;-1.16;-0.43
709273.00ms : 0.91;-0.39;-0.27;0.61;-0.85;0.85
709293.00ms : 0.91;-0.41;-0.27;0.79;-1.28;0.43
709313.00ms : 0.91;-0.40;-0.26;1.28;-1.71;0.12
709333.00ms : 0.92;-0.37;-0.27;1.28;-1.89;0.06
709353.00ms : 0.91;-0.38;-0.27;2.32;-1.65;0.61
709373.00ms : 0.90;-0.41;-0.26;1.28;-1.71;0.79
709393.00ms : 0.89;-0.42;-0.26;-0.24;-1.77;-0.18
709413.00ms : 0.92;-0.40;-0.27;-1.22;-1.28;-0.43
709433.00ms : 0.90;-0.41;-0.25;-1.46;-1.34;-0.24
709453.00ms : 0.90;-0.41;-0.27;-1.40;-1.28;-0.43
709473.00ms : 0.91;-0.40;-0.25;-0.98;-1.65;0.00
709493.00ms : 0.91;-0.38;-0.26;-0.18;-1.40;0.31
709513.00ms : 0.91;-0.38;-0.26;0.98;-1.65;0.67
709533.00ms : 0.90;-0.40;-0.26;1.40;-1.65;0.98
709553.00ms : 0.90;-0.41;-0.26;0.61;-1.65;0.79
709573.00ms : 0.91;-0.40;-0.25;0.43;-1.10;0.24
709593.00ms : 0.92;-0.39;-0.27;0.49;-1.10;0.31
709613.00ms : 0.90;-0.40;-0.26;0.43;-1.40;0.55
709633.00ms : 0.91;-0.41;-0.25;0.37;-1.10;0.79
709653.00ms : 0.91;-0.38;-0.25;1.59;-1.10;0.61
709673.00ms : 0.92;-0.39;-0.26;2.93;-1.71;0.61
709693.00ms : 0.92;-0.40;-0.27;1.83;-1.53;-0.67
709713.00ms : 0.91;-0.38;-0.26;1.89;-1.59;-0.55
709733.00ms : 0.92;-0.38;-0.26;3.36;-1.65;0.49
709753.00ms : 0.90;-0.42;-0.26;4.03;-1.22;0.98
709773.00ms : 0.91;-0.40;-0.26;2.01;-1.59;-0.67
709793.00ms : 0.92;-0.39;-0.27;2.01;-2.08;-0.92
709813.00ms : 0.91;-0.43;-0.28;-0.55;-0.85;-0.31
709833.00ms : 0.91;-0.41;-0.27;-2.14;-1.04;-1.53
709853.00ms : 0.91;-0.42;-0.26;-2.44;-1.04;-1.46
709873.00ms : 0.91;-0.43;-0.26;-2.32;-1.28;-2.14
709893.00ms : 0.92;-0.42;-0.25;-3.23;-1.40;-3.36
709913.00ms : 0.92;-0.38;-0.24;-0.85;-1.34;-8.00
709933.00ms : 0.94;-0.35;-0.18;-2.56;-0.06;-10.93
709953.00ms : 0.93;-0.28;-0.15;-0.92;1.95;-18.07
709973.00ms : 0.98;-0.26;-0.16;-4.58;5.43;-24.96
709993.00ms : 0.99;-0.28;-0.18;-9.83;6.10;-25.45
710013.00ms : 0.97;-0.41;-0.22;-11.17;12.39;-27.10
710033.00ms : 1.00;-0.47;-0.19;-9.40;19.59;-35.71
710053.00ms : 0.99;-0.50;-0.24;-13.00;22.09;-44.74
710073.00ms : 1.00;-0.44;-0.22;-14.53;21.91;-49.07
710093.00ms : 0.99;-0.40;-0.21;-13.49;22.52;-42.42
710113.00ms : 0.96;-0.45;-0.24;-12.88;22.16;-36.50
710133.00ms : 0.93;-0.45;-0.25;-13.55;23.13;-30.76
710153.00ms : 0.93;-0.49;-0.29;-19.29;27.53;-27.77
710173.00ms : 0.93;-0.50;-0.28;-21.91;29.97;-30.09
710193.00ms : 0.95;-0.45;-0.30;-13.24;29.66;-29.91
710213.00ms : 0.98;-0.42;-0.30;7.63;26.55;-30.03
710233.00ms : 0.94;-0.46;-0.31;24.60;22.03;-25.21
710253.00ms : 0.92;-0.55;-0.33;32.04;13.43;-19.90
710273.00ms : 0.93;-0.58;-0.34;35.83;1.77;-18.86
710293.00ms : 0.98;-0.53;-0.37;40.89;-8.18;-17.15
710313.00ms : 1.03;-0.48;-0.49;52.61;-10.19;-15.20
710333.00ms : 0.94;-0.56;-0.40;57.37;-10.80;-13.49
710353.00ms : 0.91;-0.65;-0.42;55.11;-8.00;-15.14
710373.00ms : 0.94;-0.67;-0.42;48.03;-4.70;-19.65
710393.00ms : 0.96;-0.64;-0.41;41.81;-3.30;-21.85
710413.00ms : 1.02;-0.64;-0.45;35.58;-0.98;-22.40
710433.00ms : 0.97;-0.66;-0.47;35.64;-1.10;-22.22
710453.00ms : 0.90;-0.67;-0.48;36.74;-2.44;-18.25
710473.00ms : 0.90;-0.67;-0.49;33.81;-5.62;-16.54
710493.00ms : 0.88;-0.63;-0.45;32.96;-13.55;-13.06
710513.00ms : 0.88;-0.65;-0.50;33.02;-19.78;-3.11
710533.00ms : 0.86;-0.64;-0.50;32.59;-19.47;2.44
710553.00ms : 0.83;-0.63;-0.50;31.31;-19.17;12.82
710573.00ms : 0.82;-0.65;-0.52;28.56;-15.14;21.42
710593.00ms : 0.83;-0.62;-0.50;26.61;-14.16;30.46
710613.00ms : 0.84;-0.61;-0.53;27.40;-14.71;41.87
710633.00ms : 0.86;-0.60;-0.57;26.43;-13.73;50.35
710653.00ms : 0.84;-0.60;-0.53;22.52;-9.09;58.53
710673.00ms : 0.86;-0.60;-0.53;16.97;-6.65;69.21
710693.00ms : 0.90;-0.56;-0.54;12.02;-4.15;77.76
710713.00ms : 0.95;-0.51;-0.54;11.47;-2.69;85.88
710733.00ms : 0.93;-0.51;-0.52;11.60;-2.56;92.22
710753.00ms : 0.92;-0.45;-0.54;13.85;-2.14;96.44
710773.00ms : 0.94;-0.43;-0.54;19.04;-3.54;104.37
710793.00ms : 0.92;-0.45;-0.50;20.75;-2.14;103.21
710813.00ms : 0.92;-0.36;-0.48;25.94;-3.72;107.73
710833.00ms : 0.93;-0.31;-0.47;31.31;-6.41;112.92
710853.00ms : 0.96;-0.29;-0.48;36.13;-6.90;117.19
710873.00ms : 0.99;-0.27;-0.48;36.74;-11.11;119.26
710893.00ms : 0.95;-0.30;-0.42;33.75;-11.17;118.35
710913.00ms : 0.87;-0.21;-0.39;28.87;-13.85;120.54
710933.00ms : 0.89;-0.16;-0.43;22.46;-14.16;124.39
710953.00ms : 0.93;-0.21;-0.37;10.44;-10.07;122.07
710973.00ms : 0.91;-0.18;-0.38;-1.77;-13.00;120.36
710993.00ms : 0.89;-0.05;-0.42;-9.40;-14.04;125.24
711013.00ms : 0.92;0.02;-0.44;-9.70;-18.19;132.32
711033.00ms : 0.92;-0.03;-0.42;-14.16;-15.63;129.82
711053.00ms : 0.92;0.04;-0.41;-14.95;-21.24;126.22
711073.00ms : 0.91;0.15;-0.40;-10.13;-27.10;130.25
711093.00ms : 0.87;0.23;-0.38;-7.51;-29.36;135.74
711113.00ms : 0.84;0.17;-0.42;-9.09;-30.82;137.76
711133.00ms : 0.85;0.07;-0.40;-18.68;-23.74;122.50
711153.00ms : 0.82;0.20;-0.39;-26.67;-27.65;109.62
711173.00ms : 0.75;0.35;-0.45;-31.92;-27.65;110.05
711193.00ms : 0.77;0.40;-0.47;-34.73;-26.43;113.77
711213.00ms : 0.79;0.34;-0.45;-34.30;-29.24;106.45
711233.00ms : 0.79;0.38;-0.42;-33.33;-30.82;92.77
711253.00ms : 0.82;0.44;-0.41;-32.53;-36.56;85.94
711273.00ms : 0.75;0.45;-0.40;-34.12;-40.10;80.69
711293.00ms : 0.73;0.44;-0.43;-28.69;-42.05;79.71
711313.00ms : 0.72;0.46;-0.40;-27.10;-44.01;74.52
711333.00ms : 0.66;0.49;-0.39;-28.20;-43.33;71.29
711353.00ms : 0.64;0.49;-0.41;-21.67;-44.37;70.68
711373.00ms : 0.66;0.49;-0.40;-23.32;-40.71;68.36
711393.00ms : 0.64;0.48;-0.38;-25.70;-37.54;63.60
711413.00ms : 0.60;0.48;-0.37;-29.05;-36.68;56.40
711433.00ms : 0.63;0.58;-0.35;-28.32;-34.36;48.58
711453.00ms : 0.68;0.61;-0.33;-22.89;-33.20;38.33
711473.00ms : 0.67;0.62;-0.36;-13.31;-34.91;32.84
711493.00ms : 0.59;0.54;-0.41;-7.14;-34.12;29.72
711513.00ms : 0.56;0.58;-0.34;-1.71;-35.83;23.01
711533.00ms : 0.60;0.71;-0.30;5.74;-36.32;16.42
711553.00ms : 0.67;0.73;-0.27;14.71;-33.39;6.96
711573.00ms : 0.64;0.59;-0.34;13.92;-31.01;6.53
711593.00ms : 0.54;0.50;-0.38;9.64;-30.82;5.80
711613.00ms : 0.59;0.68;-0.28;9.77;-31.80;1.16
711633.00ms : 0.69;0.85;-0.20;19.65;-27.53;-1.40
711653.00ms : 0.67;0.70;-0.22;24.35;-19.84;-5.92
711673.00ms : 0.67;0.59;-0.26;17.88;-21.85;-10.01
711693.00ms : 0.67;0.70;-0.23;15.93;-22.95;-11.17
711713.00ms : 0.66;0.77;-0.21;20.63;-19.65;-13.67
711733.00ms : 0.71;0.77;-0.19;25.51;-18.98;-11.41
711753.00ms : 0.69;0.65;-0.22;21.73;-16.78;-10.56
711773.00ms : 0.64;0.64;-0.19;15.26;-13.73;-14.83
711793.00ms : 0.70;0.82;-0.13;13.85;-11.05;-17.21
711813.00ms : 0.67;0.67;-0.16;12.76;-7.93;-12.82
711833.00ms : 0.64;0.62;-0.18;5.68;-10.68;-14.16
711853.00ms : 0.68;0.69;-0.15;3.78;-9.52;-13.31
711873.00ms : 0.69;0.73;-0.11;3.91;-2.81;-16.48
711893.00ms : 0.69;0.67;-0.15;2.26;1.34;-20.63
711913.00ms : 0.65;0.63;-0.22;0.55;-2.62;-23.56
711933.00ms : 0.64;0.63;-0.18;-4.94;-6.90;-26.92
711953.00ms : 0.65;0.58;-0.20;6.10;-4.88;-17.27
711973.00ms : 0.61;0.55;-0.20;6.29;-1.10;-21.73
711993.00ms : 0.68;0.55;-0.16;3.05;-0.24;-28.69
712013.00ms : 0.71;0.55;-0.25;2.08;-1.04;-31.37
712033.00ms : 0.69;0.55;-0.18;2.14;1.59;-34.97
712053.00ms : 0.69;0.57;-0.14;1.83;2.62;-40.47
712073.00ms : 0.76;0.67;-0.12;4.39;2.62;-44.43
712093.00ms : 0.84;0.65;-0.19;10.31;1.59;-42.54
712113.00ms : 0.76;0.52;-0.17;17.76;-1.34;-39.37
712133.00ms : 0.68;0.51;-0.15;15.50;-1.83;-39.49
712153.00ms : 0.76;0.59;-0.14;10.80;0.24;-41.26
712173.00ms : 0.83;0.55;-0.14;9.09;4.09;-43.09
712193.00ms : 0.79;0.44;-0.18;3.11;9.64;-46.57
712213.00ms : 0.74;0.39;-0.21;-2.50;14.34;-51.09
712233.00ms : 0.77;0.43;-0.15;-9.58;13.73;-53.96
712253.00ms : 0.86;0.55;-0.17;-9.46;3.66;-49.19
712273.00ms : 0.83;0.51;-0.17;1.04;6.10;-48.83
712293.00ms : 0.83;0.47;-0.15;8.48;3.85;-52.98
712313.00ms : 0.91;0.52;-0.15;18.55;0.24;-53.77
712333.00ms : 0.92;0.42;-0.16;28.26;-1.89;-52.98
712353.00ms : 0.90;0.42;-0.15;29.97;0.37;-53.10
712373.00ms : 0.87;0.34;-0.15;27.59;3.66;-53.96
712393.00ms : 0.88;0.31;-0.16;25.88;-0.98;-52.31
712413.00ms : 0.94;0.42;-0.17;31.49;-8.73;-46.81
712433.00ms : 0.97;0.41;-0.12;41.50;-6.96;-44.80
712453.00ms : 0.97;0.38;-0.07;48.89;-10.62;-43.52
712473.00ms : 0.95;0.37;-0.11;54.75;-13.61;-39.92
712493.00ms : 0.90;0.27;-0.12;57.74;-12.15;-35.46
712513.00ms : 0.89;0.20;-0.11;51.70;-8.67;-36.56
712533.00ms : 0.92;0.20;-0.10;40.47;-1.71;-40.95
712553.00ms : 0.94;0.24;-0.04;28.32;0.73;-43.82
712573.00ms : 0.96;0.19;-0.08;25.15;-1.71;-42.24
712593.00ms : 0.96;0.18;-0.09;24.17;2.93;-40.65
712613.00ms : 0.95;0.17;-0.12;18.74;8.30;-39.86
712633.00ms : 0.91;0.14;-0.11;17.03;8.42;-40.22
712653.00ms : 0.96;0.23;-0.12;16.17;8.85;-41.87
712673.00ms : 0.99;0.18;-0.04;21.06;5.31;-37.41
712693.00ms : 0.97;0.10;-0.10;23.99;-1.59;-34.24
712713.00ms : 0.94;0.17;-0.07;25.88;4.33;-33.75
712733.00ms : 0.95;0.10;-0.05;21.42;14.95;-44.25
712753.00ms : 1.03;0.11;-0.09;14.95;16.66;-49.38
712773.00ms : 0.95;-0.03;-0.03;14.10;11.66;-42.42
712793.00ms : 0.89;-0.10;-0.04;9.89;5.62;-38.27
712813.00ms : 1.01;0.08;-0.10;7.81;3.48;-42.11
712833.00ms : 1.07;0.13;-0.07;19.90;5.68;-43.64
712853.00ms : 1.04;-0.02;-0.10;27.89;4.27;-43.09
712873.00ms : 0.89;-0.15;-0.15;25.70;4.03;-41.14
712893.00ms : 0.82;-0.21;-0.06;15.81;8.12;-44.74
712913.00ms : 0.97;-0.06;-0.17;4.76;5.49;-48.22
712933.00ms : 1.06;0.07;-0.03;8.42;3.11;-43.52
712953.00ms : 1.04;-0.04;-0.09;13.18;-3.23;-37.48
712973.00ms : 0.95;-0.10;-0.07;17.52;-5.00;-36.50
712993.00ms : 0.98;-0.03;-0.11;12.88;-3.23;-37.41
713013.00ms : 1.02;-0.01;-0.11;9.58;-0.18;-37.66
713033.00ms : 1.01;-0.06;-0.11;6.59;0.73;-37.41
713053.00ms : 0.98;-0.16;-0.11;4.70;-0.37;-32.17
713073.00ms : 0.95;-0.16;-0.13;2.01;1.10;-28.32
713093.00ms : 0.98;-0.12;-0.18;-11.41;8.67;-22.09
713113.00ms : 0.97;-0.21;-0.10;-19.29;18.68;-21.97
713133.00ms : 0.96;-0.26;-0.17;-29.17;23.68;-31.86
713153.00ms : 0.89;-0.29;-0.25;-42.30;30.58;-41.81
713173.00ms : 0.90;-0.28;-0.21;-50.05;32.29;-44.19
713193.00ms : 0.93;-0.23;-0.22;-45.78;30.94;-47.49
713213.00ms : 0.94;-0.21;-0.19;-36.50;29.97;-50.96
713233.00ms : 0.92;-0.26;-0.20;-21.67;27.40;-54.63
713253.00ms : 0.96;-0.23;-0.25;-12.94;21.97;-54.93
713273.00ms : 0.98;-0.21;-0.21;-3.17;12.82;-45.41
713293.00ms : 1.00;-0.22;-0.19;4.52;4.15;-37.48
713313.00ms : 1.00;-0.19;-0.16;9.70;-0.31;-32.84
713333.00ms : 1.01;-0.24;-0.16;6.53;-2.93;-27.22
713353.00ms : 1.05;-0.15;-0.17;1.10;-8.12;-20.81
713373.00ms : 1.03;-0.16;-0.15;-0.55;-10.31;-8.91
713393.00ms : 1.02;-0.19;-0.15;4.46;-7.63;-9.34
713413.00ms : 1.00;-0.17;-0.16;6.41;-7.51;-12.51
713433.00ms : 0.94;-0.19;-0.17;13.31;-0.79;-16.85
713453.00ms : 0.84;-0.34;-0.17;8.61;12.39;-24.29
713473.00ms : 0.83;-0.43;-0.17;-11.35;23.38;-34.85
713493.00ms : 0.88;-0.40;-0.20;-24.96;30.03;-43.82
713513.00ms : 0.91;-0.37;-0.21;-25.88;31.07;-47.00
713533.00ms : 0.89;-0.39;-0.23;-22.77;30.15;-43.46
713553.00ms : 0.88;-0.45;-0.23;-20.63;28.99;-44.13
713573.00ms : 0.90;-0.45;-0.26;-24.35;24.78;-39.61
713593.00ms : 0.90;-0.39;-0.25;-21.79;21.12;-33.63
713613.00ms : 0.92;-0.40;-0.23;-13.49;15.44;-28.69
713633.00ms : 0.91;-0.40;-0.24;-6.65;9.77;-25.70
713653.00ms : 0.89;-0.42;-0.23;-5.00;8.48;-23.01
713673.00ms : 0.92;-0.43;-0.22;-7.63;6.65;-20.63
713693.00ms : 0.93;-0.37;-0.24;-8.36;6.23;-17.40
713713.00ms : 0.93;-0.39;-0.24;-6.65;7.26;-14.53
713733.00ms : 0.91;-0.42;-0.22;-10.74;10.38;-13.00
713753.00ms : 0.91;-0.44;-0.25;-15.26;14.89;-14.28
713773.00ms : 0.88;-0.47;-0.28;-21.06;18.19;-16.91
713793.00ms : 0.83;-0.45;-0.25;-28.08;22.09;-17.46
713813.00ms : 0.83;-0.50;-0.26;-38.21;28.26;-16.54
713833.00ms : 0.90;-0.50;-0.28;-48.65;30.64;-17.76
713853.00ms : 0.94;-0.40;-0.30;-52.73;27.34;-16.91
713873.00ms : 0.96;-0.29;-0.29;-46.75;20.81;-8.73
713893.00ms : 0.93;-0.28;-0.32;-32.71;15.63;0.98
713913.00ms : 0.93;-0.31;-0.29;-14.47;10.13;8.24
713933.00ms : 0.95;-0.37;-0.27;2.69;4.70;9.03
713953.00ms : 0.89;-0.48;-0.25;11.54;-1.16;6.77
713973.00ms : 0.83;-0.57;-0.25;10.31;-3.05;2.44
713993.00ms : 0.83;-0.56;-0.29;2.20;-1.65;-0.61
714013.00ms : 0.88;-0.48;-0.31;-3.66;-2.01;2.99
714033.00ms : 0.89;-0.42;-0.33;-1.34;-1.89;8.30
714053.00ms : 0.87;-0.45;-0.31;0.18;-0.61;11.84
714073.00ms : 0.87;-0.47;-0.27;0.06;-0.79;11.90
714093.00ms : 0.91;-0.44;-0.25;-0.67;-3.11;10.99
714113.00ms : 0.91;-0.44;-0.21;1.22;-4.39;11.47
714133.00ms : 0.89;-0.43;-0.20;1.53;-3.05;10.86
714153.00ms : 0.89;-0.41;-0.22;-0.55;-1.40;9.22
714173.00ms : 0.92;-0.40;-0.25;-1.59;-0.43;7.51
714193.00ms : 0.92;-0.39;-0.23;-1.89;2.38;5.92
714213.00ms : 0.92;-0.39;-0.25;-6.90;4.39;5.07
714233.00ms : 0.93;-0.42;-0.27;-11.11;5.68;4.39
714253.00ms : 0.90;-0.47;-0.26;-12.27;5.98;5.37
714273.00ms : 0.89;-0.52;-0.29;-13.43;4.03;3.97
714293.00ms : 0.88;-0.52;-0.29;-13.06;3.17;2.44
714313.00ms : 0.89;-0.50;-0.27;-10.86;1.46;0.43
714333.00ms : 0.90;-0.43;-0.27;-7.45;0.31;0.61
714353.00ms : 0.90;-0.40;-0.27;-2.93;0.00;3.60
714373.00ms : 0.91;-0.41;-0.27;0.79;-0.98;4.21
714393.00ms : 0.92;-0.39;-0.28;3.66;-2.75;3.97
714413.00ms : 0.91;-0.40;-0.27;6.29;-3.30;5.07
714433.00ms : 0.90;-0.41;-0.27;7.45;-3.66;4.82
714453.00ms : 0.89;-0.42;-0.28;6.59;-3.23;4.88
714473.00ms : 0.91;-0.42;-0.27;5.07;-3.48;4.70
714493.00ms : 0.92;-0.40;-0.28;5.43;-3.78;4.09
714513.00ms : 0.92;-0.39;-0.28;5.74;-3.97;3.91
714533.00ms : 0.91;-0.40;-0.25;7.02;-3.85;4.88
714553.00ms : 0.91;-0.36;-0.24;7.32;-3.30;3.23
714573.00ms : 0.93;-0.33;-0.24;9.09;-3.17;1.95
714593.00ms : 0.93;-0.35;-0.28;10.99;-3.11;3.60
714613.00ms : 0.89;-0.41;-0.29;10.68;-3.05;6.29
714633.00ms : 0.88;-0.51;-0.28;6.77;-2.62;4.33
714653.00ms : 0.89;-0.51;-0.27;1.53;-2.93;0.18
714673.00ms : 0.90;-0.45;-0.26;-0.37;-2.26;-0.92
714693.00ms : 0.91;-0.41;-0.27;-0.37;-2.44;-1.46
714713.00ms : 0.91;-0.41;-0.28;1.22;-2.20;1.40
714733.00ms : 0.90;-0.41;-0.26;2.08;-2.38;1.77
714753.00ms : 0.90;-0.40;-0.27;2.32;-2.44;1.53
714773.00ms : 0.90;-0.41;-0.26;2.14;-2.01;0.98
714793.00ms : 0.90;-0.41;-0.26;1.71;-0.79;0.49
714813.00ms : 0.91;-0.40;-0.27;1.22;-0.61;0.61
714833.00ms : 0.90;-0.42;-0.27;1.59;-0.55;1.46
714853.00ms : 0.90;-0.44;-0.28;0.61;-1.16;1.71
714873.00ms : 0.89;-0.44;-0.27;0.61;-0.79;0.98
714893.00ms : 0.90;-0.43;-0.27;0.18;-0.67;0.79
714913.00ms : 0.91;-0.41;-0.27;0.00;-0.43;0.92
714933.00ms : 0.91;-0.41;-0.27;0.12;-0.49;1.40
714953.00ms : 0.90;-0.41;-0.27;1.04;-0.49;1.65
714973.00ms : 0.91;-0.41;-0.28;2.01;-0.85;1.04
714993.00ms : 0.91;-0.41;-0.28;2.62;-1.04;1.46
715013.00ms : 0.91;-0.42;-0.28;1.71;-1.53;1.65
715033.00ms : 0.90;-0.43;-0.28;1.04;-1.34;1.34
715053.00ms : 0.90;-0.42;-0.28;0.31;-1.10;1.40
715073.00ms : 0.91;-0.42;-0.27;0.37;-0.92;0.85
715093.00ms : 0.91;-0.40;-0.28;0.67;-1.34;0.37
715113.00ms : 0.90;-0.41;-0.29;0.67;-1.04;2.08
715133.00ms : 0.90;-0.42;-0.27;1.10;-0.85;2.01
715153.00ms : 0.90;-0.41;-0.26;1.71;-1.10;0.92
715173.00ms : 0.92;-0.39;-0.28;2.56;-1.65;0.43
715193.00ms : 0.91;-0.40;-0.28;3.48;-1.89;1.77
715213.00ms : 0.89;-0.43;-0.28;2.44;-1.28;2.93
715233.00ms : 0.90;-0.44;-0.27;1.59;-1.22;0.85
715253.00ms : 0.91;-0.40;-0.28;0.06;-0.79;-0.55
715273.00ms : 0.91;-0.40;-0.29;0.43;-0.85;0.55
715293.00ms : 0.90;-0.41;-0.29;1.10;-0.85;2.26
715313.00ms : 0.90;-0.41;-0.27;1.65;-1.10;1.10
715333.00ms : 0.91;-0.39;-0.27;2.01;-1.40;0.12
715353.00ms : 0.91;-0.40;-0.28;1.59;-1.46;0.73
715373.00ms : 0.90;-0.42;-0.29;1.53;-1.22;2.08
715393.00ms : 0.91;-0.42;-0.28;2.56;-1.83;1.10
715413.00ms : 0.91;-0.40;-0.27;3.91;-2.50;0.73
715433.00ms : 0.90;-0.41;-0.28;3.60;-2.08;1.95
715453.00ms : 0.90;-0.44;-0.28;2.38;-2.26;2.14
715473.00ms : 0.90;-0.43;-0.27;1.22;-2.01;1.28
715493.00ms : 0.90;-0.42;-0.28;-0.18;-1.59;0.61
715513.00ms : 0.90;-0.42;-0.28;-1.46;-1.34;0.98
715533.00ms : 0.91;-0.42;-0.28;-2.75;-0.79;1.16
715553.00ms : 0.91;-0.41;-0.28;-2.50;-0.98;1.16
715573.00ms : 0.90;-0.42;-0.28;-2.08;-0.31;1.65
715593.00ms : 0.91;-0.42;-0.28;-2.56;-1.10;0.92
715613.00ms : 0.91;-0.38;-0.28;-1.77;-1.04;0.67
715633.00ms : 0.91;-0.39;-0.28;-0.55;-0.98;1.46
715653.00ms : 0.91;-0.40;-0.27;-0.18;-0.43;1.65
715673.00ms : 0.92;-0.39;-0.27;0.12;-0.85;0.85
715693.00ms : 0.91;-0.39;-0.27;0.98;-0.85;1.28
715713.00ms : 0.91;-0.41;-0.27;0.00;-0.73;0.24
715733.00ms : 0.92;-0.40;-0.27;-0.49;-0.61;-0.61
715753.00ms : 0.94;-0.39;-0.24;0.49;-0.49;-2.69
715773.00ms : 0.93;-0.33;-0.21;1.46;0.55;-8.42
715793.00ms : 0.95;-0.25;-0.19;2.50;2.56;-16.48
715813.00ms : 0.99;-0.25;-0.19;-0.43;4.15;-22.52
715833.00ms : 1.02;-0.30;-0.24;0.85;6.23;-28.87
715853.00ms : 1.03;-0.37;-0.25;0.61;8.67;-29.91
715873.00ms : 1.02;-0.50;-0.28;-4.15;12.88;-29.54
715893.00ms : 1.00;-0.62;-0.32;-12.82;23.25;-38.88
715913.00ms : 0.97;-0.58;-0.32;-26.67;31.25;-55.24
715933.00ms : 0.95;-0.42;-0.24;-35.64;29.48;-49.87
715953.00ms : 0.90;-0.46;-0.26;-37.84;28.20;-32.71
715973.00ms : 0.87;-0.49;-0.28;-36.56;26.00;-21.06
715993.00ms : 0.90;-0.53;-0.31;-27.28;25.88;-25.21
716013.00ms : 0.93;-0.46;-0.30;-18.13;24.35;-32.35
716033.00ms : 0.98;-0.45;-0.30;-3.42;22.46;-34.30
716053.00ms : 0.97;-0.43;-0.29;14.34;15.99;-35.83
716073.00ms : 0.91;-0.52;-0.33;28.32;11.41;-33.20
716093.00ms : 0.89;-0.61;-0.32;35.03;6.23;-34.97
716113.00ms : 0.89;-0.61;-0.35;38.64;0.73;-36.01
716133.00ms : 0.89;-0.60;-0.39;42.48;-2.38;-35.03
716153.00ms : 0.88;-0.59;-0.37;47.24;-3.60;-34.85
716173.00ms : 0.84;-0.62;-0.42;46.02;-1.77;-29.66
716193.00ms : 0.85;-0.66;-0.42;38.94;0.12;-26.25
716213.00ms : 0.89;-0.64;-0.41;30.94;-0.06;-21.18
716233.00ms : 0.85;-0.61;-0.37;26.37;-0.55;-17.52
716253.00ms : 0.84;-0.69;-0.42;18.55;1.53;-13.67
716273.00ms : 0.84;-0.71;-0.44;11.05;0.61;-13.12
716293.00ms : 0.90;-0.66;-0.43;8.97;-1.65;-11.60
716313.00ms : 0.93;-0.60;-0.40;11.78;-4.88;-8.36
716333.00ms : 0.88;-0.58;-0.47;19.10;-10.25;2.01
716353.00ms : 0.87;-0.65;-0.45;23.56;-13.06;5.80
716373.00ms : 0.90;-0.67;-0.44;24.54;-18.74;8.06
716393.00ms : 0.90;-0.65;-0.44;25.45;-21.85;13.24
716413.00ms : 0.86;-0.68;-0.44;24.66;-20.20;18.31
716433.00ms : 0.84;-0.72;-0.45;22.83;-16.24;19.84
716453.00ms : 0.83;-0.69;-0.45;19.53;-10.74;21.06
716473.00ms : 0.83;-0.66;-0.47;17.52;-5.49;26.86
716493.00ms : 0.82;-0.66;-0.48;15.99;-0.98;31.19
716513.00ms : 0.82;-0.62;-0.51;15.63;2.01;36.25
716533.00ms : 0.83;-0.59;-0.49;15.14;5.00;39.92
716553.00ms : 0.81;-0.63;-0.51;11.72;5.80;41.93
716573.00ms : 0.81;-0.59;-0.51;10.93;8.42;43.33
716593.00ms : 0.82;-0.53;-0.52;11.90;9.77;48.34
716613.00ms : 0.85;-0.51;-0.56;14.71;8.97;54.02
716633.00ms : 0.88;-0.48;-0.57;18.62;6.59;57.13
716653.00ms : 0.93;-0.46;-0.59;23.13;3.60;63.48
716673.00ms : 0.93;-0.44;-0.58;26.06;0.49;69.27
716693.00ms : 0.90;-0.41;-0.53;29.72;-2.69;75.01
716713.00ms : 0.90;-0.33;-0.52;32.71;-7.45;86.00
716733.00ms : 0.96;-0.42;-0.55;26.92;-7.81;89.66
716753.00ms : 0.95;-0.39;-0.49;21.91;-9.28;87.04
716773.00ms : 0.96;-0.24;-0.48;21.18;-13.24;97.78
716793.00ms : 1.00;-0.24;-0.47;21.06;-18.01;107.67
716813.00ms : 1.02;-0.32;-0.50;16.66;-18.98;108.46
716833.00ms : 1.00;-0.29;-0.47;11.78;-19.53;103.70
716853.00ms : 1.01;-0.18;-0.47;9.77;-21.12;107.54
716873.00ms : 1.01;-0.17;-0.43;10.80;-22.09;113.22
716893.00ms : 1.00;-0.16;-0.44;9.16;-23.62;115.17
716913.00ms : 1.00;-0.14;-0.41;7.93;-24.05;113.53
716933.00ms : 0.96;-0.11;-0.39;8.85;-25.70;111.51
716953.00ms : 0.92;0.01;-0.37;13.67;-30.64;116.09
716973.00ms : 0.94;-0.02;-0.48;10.80;-28.69;120.42
716993.00ms : 0.96;-0.06;-0.35;9.22;-27.47;109.01
717013.00ms : 0.92;0.06;-0.34;8.79;-32.29;108.34
717033.00ms : 0.89;0.17;-0.34;4.82;-37.05;117.49
717053.00ms : 0.90;0.19;-0.35;3.78;-40.89;127.87
717073.00ms : 0.89;0.14;-0.37;1.95;-44.56;127.14
717093.00ms : 0.90;0.07;-0.32;-6.41;-37.11;112.24
717113.00ms : 0.81;0.22;-0.30;-15.63;-42.54;108.03
717133.00ms : 0.74;0.30;-0.35;-22.22;-40.65;121.34
717153.00ms : 0.81;0.25;-0.34;-26.61;-39.43;124.27
717173.00ms : 0.86;0.25;-0.32;-31.07;-35.77;109.31
717193.00ms : 0.82;0.32;-0.28;-37.78;-33.63;98.69
717213.00ms : 0.76;0.40;-0.32;-43.15;-33.51;98.82
717233.00ms : 0.74;0.42;-0.31;-47.06;-33.08;101.56
717253.00ms : 0.73;0.43;-0.36;-42.66;-34.85;101.26
717273.00ms : 0.72;0.42;-0.36;-43.52;-34.48;93.26
717293.00ms : 0.72;0.49;-0.34;-49.80;-40.10;83.01
717313.00ms : 0.66;0.57;-0.38;-36.68;-39.61;84.17
717333.00ms : 0.64;0.50;-0.34;-33.87;-39.92;83.25
717353.00ms : 0.56;0.44;-0.38;-32.59;-41.87;77.82
717373.00ms : 0.54;0.46;-0.35;-38.51;-37.60;63.17
717393.00ms : 0.59;0.55;-0.34;-40.47;-36.87;52.67
717413.00ms : 0.65;0.59;-0.40;-31.86;-34.42;50.84
717433.00ms : 0.59;0.56;-0.36;-20.08;-32.35;43.09
717453.00ms : 0.53;0.54;-0.35;-14.10;-29.36;33.14
717473.00ms : 0.55;0.59;-0.35;-8.36;-31.86;24.35
717493.00ms : 0.59;0.66;-0.32;3.60;-35.34;17.94
717513.00ms : 0.56;0.59;-0.33;11.78;-32.41;12.39
717533.00ms : 0.53;0.47;-0.35;11.60;-30.09;7.69
717553.00ms : 0.56;0.59;-0.28;11.47;-29.97;-2.20
717573.00ms : 0.64;0.74;-0.24;18.49;-27.16;-10.50
717593.00ms : 0.62;0.62;-0.27;24.54;-23.68;-13.79
717613.00ms : 0.59;0.61;-0.26;24.90;-26.00;-18.80
717633.00ms : 0.62;0.65;-0.21;29.11;-23.50;-22.28
717653.00ms : 0.67;0.74;-0.15;33.20;-20.87;-26.25
717673.00ms : 0.71;0.73;-0.16;37.29;-21.85;-27.04
717693.00ms : 0.68;0.71;-0.16;39.43;-23.44;-24.41
717713.00ms : 0.64;0.63;-0.16;38.15;-18.68;-25.88
717733.00ms : 0.68;0.64;-0.10;34.00;-15.63;-27.22
717753.00ms : 0.71;0.71;-0.07;24.96;-8.54;-30.33
717773.00ms : 0.69;0.66;-0.09;15.75;-3.72;-31.43
717793.00ms : 0.64;0.60;-0.10;6.71;-2.32;-34.06
717813.00ms : 0.69;0.64;-0.11;2.81;-3.23;-34.48
717833.00ms : 0.69;0.73;-0.05;8.18;-4.03;-31.86
717853.00ms : 0.66;0.61;-0.08;8.24;2.08;-32.71
717873.00ms : 0.71;0.48;-0.09;-0.06;7.26;-39.31
717893.00ms : 0.76;0.55;-0.10;-2.56;0.79;-42.48
717913.00ms : 0.75;0.64;-0.10;8.18;-1.53;-40.89
717933.00ms : 0.75;0.69;-0.08;18.55;0.24;-45.41
717953.00ms : 0.80;0.54;-0.03;17.58;6.29;-50.72
717973.00ms : 0.77;0.46;-0.09;10.68;5.86;-53.34
717993.00ms : 0.65;0.40;-0.16;12.76;0.43;-49.62
718013.00ms : 0.77;0.52;-0.15;10.19;2.99;-53.59
718033.00ms : 0.90;0.49;-0.00;11.90;5.68;-56.34
718053.00ms : 0.89;0.49;-0.06;9.58;5.49;-57.80
718073.00ms : 0.71;0.32;-0.18;10.56;3.48;-54.08
718093.00ms : 0.78;0.36;-0.09;2.01;2.75;-56.09
718113.00ms : 0.91;0.42;-0.07;11.72;1.53;-56.34
718133.00ms : 0.91;0.39;-0.09;11.41;4.21;-57.62
718153.00ms : 0.81;0.29;-0.09;5.98;6.65;-62.07
718173.00ms : 0.87;0.33;-0.06;-1.46;6.71;-67.08
718193.00ms : 0.97;0.42;-0.04;-5.19;9.28;-67.02
718213.00ms : 0.94;0.41;-0.07;-1.53;7.20;-66.47
718233.00ms : 0.87;0.33;-0.17;6.04;3.42;-64.21
718253.00ms : 0.93;0.32;-0.08;9.34;-0.55;-61.95
718273.00ms : 1.01;0.39;-0.01;6.53;0.61;-61.58
718293.00ms : 1.00;0.33;-0.02;3.72;1.22;-60.30
718313.00ms : 0.90;0.21;-0.13;1.77;-1.22;-60.12
718333.00ms : 0.98;0.35;-0.13;-3.11;-0.43;-58.78
718353.00ms : 1.05;0.37;-0.06;-2.26;3.72;-55.05
718373.00ms : 1.04;0.30;-0.07;-5.00;3.54;-54.14
718393.00ms : 0.95;0.21;-0.12;-2.26;-2.75;-48.22
718413.00ms : 0.96;0.24;-0.16;2.01;-5.74;-44.49
718433.00ms : 1.05;0.33;-0.16;11.29;-5.80;-39.79
718453.00ms : 0.96;0.16;-0.09;12.02;2.69;-39.43
718473.00ms : 0.95;0.09;-0.14;4.46;1.65;-41.75
718493.00ms : 0.97;0.15;-0.15;5.00;-4.21;-34.67
718513.00ms : 1.04;0.25;-0.08;15.44;-8.48;-34.30
718533.00ms : 0.97;0.17;-0.07;19.84;-3.91;-32.35
718553.00ms : 0.90;-0.03;-0.10;11.90;1.10;-38.21
718573.00ms : 0.87;-0.05;-0.17;0.31;1.16;-39.98
718593.00ms : 1.02;0.13;-0.11;-0.85;0.98;-41.14
718613.00ms : 1.04;0.17;-0.12;9.52;2.87;-41.75
718633.00ms : 1.00;0.04;-0.10;15.93;5.49;-43.33
718653.00ms : 0.89;-0.09;-0.15;12.63;5.62;-41.63
718673.00ms : 0.94;-0.08;-0.14;7.75;5.68;-44.13
718693.00ms : 1.02;0.04;-0.11;5.98;7.39;-47.85
718713.00ms : 1.02;-0.02;-0.11;6.16;9.22;-49.38
718733.00ms : 0.93;-0.12;-0.12;4.70;10.07;-50.54
718753.00ms : 0.92;-0.21;-0.15;4.58;9.64;-53.41
718773.00ms : 1.01;-0.12;-0.12;3.42;8.36;-55.30
718793.00ms : 1.04;0.01;-0.11;5.43;6.41;-52.80
718813.00ms : 1.01;-0.04;-0.16;15.01;4.33;-49.32
718833.00ms : 0.93;-0.12;-0.22;23.32;2.20;-41.93
718853.00ms : 0.94;-0.14;-0.16;30.70;-0.92;-36.74
718873.00ms : 0.98;-0.15;-0.12;32.53;-3.54;-38.02
718893.00ms : 0.94;-0.20;-0.12;30.33;-1.34;-42.79
718913.00ms : 0.96;-0.24;-0.17;24.35;-2.62;-40.83
718933.00ms : 0.89;-0.24;-0.20;19.90;1.65;-35.77
718953.00ms : 0.94;-0.31;-0.17;14.65;4.88;-33.63
718973.00ms : 0.95;-0.30;-0.18;8.36;7.26;-42.30
718993.00ms : 0.95;-0.25;-0.13;3.72;9.83;-47.42
719013.00ms : 0.96;-0.22;-0.16;0.85;9.64;-40.41
719033.00ms : 0.92;-0.31;-0.17;-0.12;14.04;-40.95
719053.00ms : 0.93;-0.36;-0.17;-7.20;15.26;-43.88
719073.00ms : 0.95;-0.34;-0.18;-12.27;17.03;-50.29
719093.00ms : 0.97;-0.27;-0.19;-11.72;15.63;-47.97
719113.00ms : 0.94;-0.28;-0.18;-8.85;14.40;-43.40
719133.00ms : 0.92;-0.39;-0.19;-5.25;18.55;-45.72
719153.00ms : 0.89;-0.44;-0.21;-13.92;20.75;-49.93
719173.00ms : 0.92;-0.38;-0.20;-24.78;19.47;-46.88
719193.00ms : 0.92;-0.31;-0.20;-30.52;18.62;-39.12
719213.00ms : 0.95;-0.33;-0.18;-28.99;19.53;-32.04
719233.00ms : 0.96;-0.34;-0.20;-28.32;20.14;-32.96
719253.00ms : 0.95;-0.32;-0.23;-26.92;20.45;-34.36
719273.00ms : 0.94;-0.31;-0.21;-24.54;21.55;-34.97
719293.00ms : 0.96;-0.37;-0.22;-18.74;21.73;-34.79
719313.00ms : 0.94;-0.41;-0.25;-17.40;22.22;-33.02
719333.00ms : 0.90;-0.44;-0.26;-19.59;24.23;-34.06
719353.00ms : 0.92;-0.44;-0.28;-22.40;24.96;-35.58
719373.00ms : 0.93;-0.39;-0.24;-19.96;22.09;-30.27
719393.00ms : 0.91;-0.41;-0.27;-13.06;19.78;-19.78
719413.00ms : 0.87;-0.46;-0.23;-5.62;14.47;-13.73
719433.00ms : 0.85;-0.45;-0.23;-8.42;7.75;-5.62
719453.00ms : 0.89;-0.43;-0.22;-11.35;2.81;3.72
719473.00ms : 0.92;-0.40;-0.20;-11.35;0.49;11.23
719493.00ms : 0.88;-0.44;-0.25;-13.12;7.02;12.15
719513.00ms : 0.86;-0.50;-0.25;-19.29;14.83;8.06
719533.00ms : 0.87;-0.51;-0.24;-24.84;17.21;3.17
719553.00ms : 0.90;-0.46;-0.20;-20.20;12.21;-0.49
719573.00ms : 0.88;-0.46;-0.17;-8.36;4.33;-1.04
719593.00ms : 0.87;-0.44;-0.19;-2.99;-1.71;4.76
719613.00ms : 0.89;-0.42;-0.26;0.85;-3.48;10.19
719633.00ms : 0.88;-0.45;-0.29;5.62;-2.38;8.79
719653.00ms : 0.89;-0.49;-0.28;6.47;-1.46;6.04
719673.00ms : 0.87;-0.47;-0.26;5.13;-2.99;7.08
719693.00ms : 0.88;-0.42;-0.27;5.19;-5.55;8.91
719713.00ms : 0.86;-0.39;-0.30;11.47;-7.75;13.06
719733.00ms : 0.87;-0.43;-0.27;15.99;-8.67;17.03
719753.00ms : 0.91;-0.49;-0.23;17.40;-9.16;14.65
719773.00ms : 0.91;-0.46;-0.22;15.44;-8.67;11.66
719793.00ms : 0.90;-0.43;-0.22;13.43;-5.43;8.67
719813.00ms : 0.90;-0.41;-0.23;11.72;-3.97;5.74
719833.00ms : 0.92;-0.44;-0.23;11.90;-2.62;6.16
719853.00ms : 0.89;-0.44;-0.23;11.11;-1.89;4.52
719873.00ms : 0.88;-0.47;-0.24;9.46;-0.73;2.69
719893.00ms : 0.86;-0.49;-0.27;5.74;0.49;2.08
719913.00ms : 0.85;-0.51;-0.24;2.32;2.26;2.93
719933.00ms : 0.88;-0.48;-0.23;1.04;1.22;-0.24
719953.00ms : 0.90;-0.42;-0.25;1.95;0.12;-0.37
719973.00ms : 0.90;-0.43;-0.27;3.30;0.55;3.66
719993.00ms : 0.87;-0.49;-0.27;3.17;1.40;5.43
720013.00ms : 0.87;-0.55;-0.27;-0.43;2.87;4.70
720033.00ms : 0.87;-0.52;-0.27;-4.58;2.87;2.20
720053.00ms : 0.89;-0.47;-0.25;-6.16;2.62;0.06
720073.00ms : 0.90;-0.42;-0.28;-5.31;1.89;1.34
720093.00ms : 0.90;-0.42;-0.28;-3.60;2.14;4.88
720113.00ms : 0.89;-0.45;-0.26;-1.53;1.59;5.98
720133.00ms : 0.90;-0.46;-0.26;-1.34;0.79;3.48
720153.00ms : 0.89;-0.44;-0.26;-2.38;0.98;2.56
720173.00ms : 0.90;-0.44;-0.27;-4.33;1.89;3.72
720193.00ms : 0.89;-0.44;-0.28;-4.39;1.40;4.58
720213.00ms : 0.89;-0.43;-0.27;-3.36;1.59;3.78
720233.00ms : 0.92;-0.42;-0.26;-2.32;0.73;2.56
720253.00ms : 0.91;-0.42;-0.28;-2.08;0.85;2.87
720273.00ms : 0.90;-0.43;-0.28;-2.62;0.49;2.99
720293.00ms : 0.90;-0.43;-0.27;-2.14;-0.31;2.93
720313.00ms : 0.90;-0.40;-0.27;0.00;-1.34;2.26
720333.00ms : 0.91;-0.39;-0.27;2.99;-2.56;2.75
720353.00ms : 0.90;-0.41;-0.27;4.64;-2.26;4.27
720373.00ms : 0.90;-0.43;-0.25;4.27;-2.38;2.69
720393.00ms : 0.91;-0.41;-0.26;3.54;-2.99;0.67
720413.00ms : 0.91;-0.40;-0.28;3.05;-1.89;1.77
720433.00ms : 0.89;-0.44;-0.27;2.20;-0.73;2.62
720453.00ms : 0.89;-0.45;-0.26;0.31;-0.55;0.37
720473.00ms : 0.90;-0.43;-0.28;-0.37;-0.79;-0.98
720493.00ms : 0.90;-0.43;-0.27;-0.06;-0.12;0.49
720513.00ms : 0.90;-0.44;-0.27;-0.24;-0.73;0.79
720533.00ms : 0.90;-0.42;-0.26;-0.37;-0.85;0.06
720553.00ms : 0.90;-0.42;-0.26;0.49;-0.31;0.00
720573.00ms : 0.90;-0.42;-0.27;1.34;-0.49;0.12
720593.00ms : 0.90;-0.42;-0.27;1.53;-0.85;0.73
720613.00ms : 0.89;-0.45;-0.28;1.22;-0.73;0.61
720633.00ms : 0.90;-0.45;-0.28;0.24;-0.49;0.61
720653.00ms : 0.90;-0.44;-0.28;0.18;-0.85;0.06
720673.00ms : 0.90;-0.42;-0.28;-0.18;-0.61;0.12
720693.00ms : 0.91;-0.43;-0.28;-0.55;-0.55;0.12
720713.00ms : 0.89;-0.44;-0.28;-1.10;-0.61;0.55
720733.00ms : 0.90;-0.43;-0.27;-0.67;-0.79;-0.06
720753.00ms : 0.90;-0.41;-0.26;0.31;-0.67;0.49
720773.00ms : 0.90;-0.42;-0.28;0.98;-0.85;0.85
720793.00ms : 0.90;-0.43;-0.28;1.10;-1.22;0.73
720813.00ms : 0.90;-0.44;-0.28;1.22;-1.46;0.85
720833.00ms : 0.89;-0.45;-0.28;1.04;-1.16;0.79
720853.00ms : 0.90;-0.43;-0.27;0.55;-1.53;-0.06
720873.00ms : 0.90;-0.42;-0.28;0.24;-1.59;1.40
720893.00ms : 0.89;-0.45;-0.27;-0.43;-0.43;1.77
720913.00ms : 0.90;-0.44;-0.27;-1.34;-1.16;-0.18
720933.00ms : 0.90;-0.42;-0.28;-0.92;-0.79;0.31
720953.00ms : 0.91;-0.42;-0.27;-0.06;-1.16;0.92
720973.00ms : 0.89;-0.42;-0.27;0.31;-0.79;2.08
720993.00ms : 0.89;-0.44;-0.27;-0.06;-1.10;1.77
721013.00ms : 0.90;-0.43;-0.27;-0.31;-1.40;0.31
721033.00ms : 0.90;-0.42;-0.29;-0.55;-0.98;0.85
721053.00ms : 0.90;-0.44;-0.28;-0.85;-0.98;1.59
721073.00ms : 0.90;-0.45;-0.28;-1.22;-1.22;1.77
721093.00ms : 0.89;-0.44;-0.26;-0.92;-1.04;0.31
721113.00ms : 0.91;-0.40;-0.27;-1.28;-1.65;-0.24
721133.00ms : 0.90;-0.41;-0.27;-1.22;-0.98;1.71
721153.00ms : 0.90;-0.44;-0.27;-1.34;-0.12;2.44
721173.00ms : 0.90;-0.43;-0.27;-1.46;-0.79;0.61
721193.00ms : 0.90;-0.42;-0.28;-1.04;-0.92;0.18
721213.00ms : 0.90;-0.43;-0.28;-1.22;-0.92;1.34
721233.00ms : 0.90;-0.43;-0.27;-1.28;-1.40;1.46
721253.00ms : 0.90;-0.44;-0.27;-1.65;-1.34;1.34
721273.00ms : 0.90;-0.43;-0.27;-2.26;-0.85;0.06
721293.00ms : 0.90;-0.43;-0.28;-3.23;-0.49;0.06
721313.00ms : 0.90;-0.43;-0.27;-3.66;-0.31;0.79
721333.00ms : 0.90;-0.43;-0.27;-3.23;-0.73;0.73
721353.00ms : 0.90;-0.41;-0.27;-2.26;-0.37;0.61
721373.00ms : 0.91;-0.41;-0.27;-1.77;-0.67;0.98
721393.00ms : 0.90;-0.42;-0.28;-1.89;-0.61;1.40
721413.00ms : 0.90;-0.42;-0.27;-0.98;-1.10;1.10
721433.00ms : 0.90;-0.42;-0.27;0.18;-1.59;1.46
721453.00ms : 0.90;-0.43;-0.27;0.92;-1.65;0.92
721473.00ms : 0.91;-0.42;-0.27;0.43;-1.34;0.55
721493.00ms : 0.90;-0.43;-0.27;-0.12;-0.61;1.04
721513.00ms : 0.90;-0.43;-0.28;-0.31;-0.98;1.28
721533.00ms : 0.90;-0.42;-0.27;0.37;-1.10;0.73
721553.00ms : 0.91;-0.41;-0.27;0.00;-1.71;0.79
721573.00ms : 0.90;-0.41;-0.27;0.61;-1.22;1.95
721593.00ms : 0.90;-0.43;-0.27;0.00;-1.28;2.01
721613.00ms : 0.90;-0.42;-0.27;0.49;-1.65;0.61
721633.00ms : 0.91;-0.42;-0.27;0.67;-1.40;0.92
721653.00ms : 0.90;-0.42;-0.28;0.73;-1.16;0.73
721673.00ms : 0.90;-0.42;-0.27;0.00;-1.04;1.10
721693.00ms : 0.90;-0.42;-0.27;0.49;-0.98;0.61
721713.00ms : 0.90;-0.42;-0.27;0.92;-1.04;0.98
721733.00ms : 0.90;-0.42;-0.28;0.55;-1.28;1.53
721753.00ms : 0.90;-0.43;-0.27;0.00;-1.04;1.22
721773.00ms : 0.90;-0.42;-0.28;-0.31;-1.16;0.43
721793.00ms : 0.90;-0.42;-0.26;-0.55;-0.61;0.85
721813.00ms : 0.91;-0.41;-0.27;-1.10;-1.10;0.49
721833.00ms : 0.91;-0.39;-0.26;-0.98;-1.95;1.22
721853.00ms : 0.91;-0.41;-0.28;-0.73;-1.04;2.50
721873.00ms : 0.89;-0.45;-0.27;0.43;-1.16;1.95
721893.00ms : 0.90;-0.43;-0.27;0.18;-1.28;0.31
721913.00ms : 0.91;-0.41;-0.27;0.18;-0.73;-0.31
721933.00ms : 0.90;-0.41;-0.28;-0.12;-0.92;-0.12
721953.00ms : 0.90;-0.42;-0.28;-0.12;-0.55;0.79
721973.00ms : 0.90;-0.43;-0.27;-0.31;-0.79;0.12
721993.00ms : 0.91;-0.40;-0.27;-0.06;-0.61;-0.73
722013.00ms : 0.91;-0.40;-0.28;0.43;-0.79;-0.18
722033.00ms : 0.90;-0.43;-0.28;0.31;-0.73;0.55
722053.00ms : 0.90;-0.43;-0.27;0.37;-1.04;0.00
722073.00ms : 0.90;-0.40;-0.26;0.98;-0.73;-0.92
722093.00ms : 0.91;-0.39;-0.27;1.22;-0.98;-0.61
722113.00ms : 0.91;-0.41;-0.28;1.22;-0.67;0.73
722133.00ms : 0.90;-0.44;-0.27;0.92;-0.79;0.49
722153.00ms : 0.90;-0.42;-0.27;1.04;-1.34;-0.37
722173.00ms : 0.91;-0.40;-0.28;0.92;-1.10;-0.73
722193.00ms : 0.91;-0.41;-0.30;0.43;-0.79;0.43
722213.00ms : 0.90;-0.45;-0.27;-0.98;-0.18;0.49
722233.00ms : 0.91;-0.42;-0.25;-3.97;-1.53;-0.43
722253.00ms : 0.91;-0.45;-0.29;-10.01;-0.43;1.77
722273.00ms : 0.88;-0.45;-0.24;-10.13;3.17;1.46
722293.00ms : 0.90;-0.42;-0.21;-9.16;5.49;-4.03
722313.00ms : 0.92;-0.42;-0.22;-11.54;6.04;-9.58
722333.00ms : 0.93;-0.39;-0.28;-12.33;5.80;-12.39
722353.00ms : 0.92;-0.43;-0.30;-10.99;7.08;-9.09
722373.00ms : 0.90;-0.52;-0.28;-9.95;7.81;-7.81
722393.00ms : 0.92;-0.52;-0.25;-17.40;8.79;-15.38
722413.00ms : 0.95;-0.49;-0.19;-21.61;11.54;-28.50
722433.00ms : 0.97;-0.41;-0.24;-29.48;14.40;-34.97
722453.00ms : 1.05;-0.34;-0.23;-31.74;18.92;-36.87
722473.00ms : 1.02;-0.27;-0.19;-29.42;18.55;-32.90
722493.00ms : 1.02;-0.31;-0.23;-17.40;19.53;-25.27
722513.00ms : 0.97;-0.39;-0.25;-9.34;21.30;-24.78
722533.00ms : 0.94;-0.44;-0.30;-7.26;22.46;-24.84
722553.00ms : 0.95;-0.45;-0.31;-4.82;26.25;-26.98
722573.00ms : 0.95;-0.47;-0.34;-2.26;30.64;-32.17
722593.00ms : 0.96;-0.49;-0.29;-1.40;23.01;-33.08
722613.00ms : 0.92;-0.49;-0.27;4.82;14.04;-32.41
722633.00ms : 0.94;-0.44;-0.28;15.56;9.16;-29.05
722653.00ms : 0.98;-0.43;-0.28;27.59;3.66;-26.79
722673.00ms : 0.91;-0.48;-0.34;36.74;-1.40;-21.12
722693.00ms : 0.91;-0.58;-0.35;39.37;-2.14;-23.19
722713.00ms : 0.91;-0.58;-0.37;34.12;-5.86;-24.11
722733.00ms : 0.90;-0.58;-0.39;33.63;-4.33;-25.09
722753.00ms : 0.85;-0.60;-0.37;32.35;-2.99;-23.86
722773.00ms : 0.82;-0.65;-0.41;29.05;-1.22;-20.57
722793.00ms : 0.87;-0.65;-0.39;25.76;-1.77;-20.14
722813.00ms : 0.90;-0.60;-0.38;26.06;-6.16;-18.92
722833.00ms : 0.89;-0.56;-0.37;29.24;-9.34;-12.94
722853.00ms : 0.86;-0.62;-0.39;28.93;-6.77;-9.52
722873.00ms : 0.83;-0.70;-0.38;22.40;-2.44;-10.86
722893.00ms : 0.84;-0.68;-0.39;14.77;1.10;-10.74
722913.00ms : 0.87;-0.64;-0.41;11.29;3.17;-6.16
722933.00ms : 0.87;-0.64;-0.43;11.90;3.30;0.55
722953.00ms : 0.84;-0.67;-0.42;11.05;3.17;4.03
722973.00ms : 0.85;-0.69;-0.43;7.63;4.03;6.65
722993.00ms : 0.86;-0.66;-0.44;4.64;7.87;12.15
723013.00ms : 0.79;-0.67;-0.42;1.10;11.78;15.93
723033.00ms : 0.81;-0.67;-0.46;-0.73;14.28;23.68
723053.00ms : 0.88;-0.65;-0.48;-2.32;15.38;27.22
723073.00ms : 0.87;-0.62;-0.44;-2.87;16.05;27.83
723093.00ms : 0.87;-0.57;-0.49;0.06;13.37;35.52
723113.00ms : 0.85;-0.62;-0.51;0.67;15.20;36.99
723133.00ms : 0.84;-0.61;-0.48;0.31;18.19;36.74
723153.00ms : 0.86;-0.53;-0.51;4.94;14.77;45.59
723173.00ms : 0.89;-0.59;-0.54;7.75;15.99;45.72
723193.00ms : 0.88;-0.55;-0.56;10.86;12.94;46.63
723213.00ms : 0.89;-0.52;-0.57;13.98;12.02;47.85
723233.00ms : 0.89;-0.52;-0.59;16.97;11.78;49.62
723253.00ms : 0.87;-0.49;-0.58;22.28;10.50;50.84
723273.00ms : 0.87;-0.48;-0.60;25.02;13.00;51.33
723293.00ms : 0.87;-0.44;-0.56;30.27;14.34;52.06
723313.00ms : 0.90;-0.40;-0.60;34.24;12.57;59.75
723333.00ms : 0.89;-0.39;-0.58;38.88;9.16;62.44
723353.00ms : 0.88;-0.37;-0.58;40.53;9.16;62.26
723373.00ms : 0.88;-0.31;-0.60;44.13;6.16;67.57
723393.00ms : 0.89;-0.33;-0.58;41.02;6.71;68.85
723413.00ms : 0.90;-0.19;-0.54;44.62;-3.05;79.10
723433.00ms : 0.93;-0.26;-0.60;40.41;-4.70;85.21
723453.00ms : 0.91;-0.19;-0.55;37.48;-11.54;85.45
723473.00ms : 0.90;-0.12;-0.60;31.62;-16.54;92.35
723493.00ms : 0.92;-0.12;-0.48;26.98;-16.97;89.90
723513.00ms : 0.96;-0.07;-0.54;19.96;-22.58;96.37
723533.00ms : 0.95;-0.16;-0.45;15.38;-22.28;91.00
723553.00ms : 0.97;0.02;-0.48;16.97;-35.83;99.00
723573.00ms : 1.01;-0.02;-0.51;17.21;-37.72;108.15
723593.00ms : 1.04;-0.08;-0.50;13.92;-38.57;103.88
723613.00ms : 1.01;-0.05;-0.45;9.09;-36.87;97.41
723633.00ms : 1.02;0.10;-0.44;8.67;-40.59;105.29
723653.00ms : 1.03;0.19;-0.44;15.20;-49.80;119.87
723673.00ms : 1.02;0.07;-0.49;14.34;-44.31;123.90
723693.00ms : 0.99;-0.01;-0.40;9.16;-40.16;107.85
723713.00ms : 0.93;0.16;-0.38;1.53;-42.48;108.64
723733.00ms : 0.90;0.29;-0.39;-0.92;-40.89;123.96
723753.00ms : 0.92;0.23;-0.40;-1.46;-40.10;133.42
723773.00ms : 0.95;0.16;-0.38;-3.72;-32.29;119.20
723793.00ms : 0.92;0.18;-0.37;-11.23;-30.40;102.72
723813.00ms : 0.87;0.31;-0.40;-19.10;-30.46;97.84
723833.00ms : 0.87;0.37;-0.35;-20.75;-29.79;101.44
723853.00ms : 0.86;0.34;-0.32;-18.31;-30.82;99.06
723873.00ms : 0.80;0.31;-0.35;-18.92;-34.97;92.65
723893.00ms : 0.77;0.37;-0.37;-20.69;-36.56;85.75
723913.00ms : 0.77;0.41;-0.37;-27.16;-37.17;79.22
723933.00ms : 0.74;0.46;-0.35;-22.52;-44.49;79.77
723953.00ms : 0.72;0.46;-0.36;-18.07;-53.89;81.30
723973.00ms : 0.69;0.29;-0.41;-2.01;-56.46;76.11
723993.00ms : 0.65;0.46;-0.36;-4.82;-57.56;66.41
724013.00ms : 0.65;0.47;-0.35;-6.23;-58.23;62.13
724033.00ms : 0.63;0.47;-0.27;-1.34;-59.45;58.35
724053.00ms : 0.68;0.50;-0.32;0.18;-56.27;51.45
724073.00ms : 0.63;0.52;-0.30;6.47;-55.91;47.00
724093.00ms : 0.57;0.50;-0.28;8.36;-47.97;41.56
724113.00ms : 0.58;0.52;-0.29;8.06;-44.13;34.48
724133.00ms : 0.56;0.57;-0.26;12.45;-43.58;30.09
724153.00ms : 0.53;0.57;-0.22;19.10;-40.34;24.05
724173.00ms : 0.53;0.54;-0.15;16.97;-31.25;15.38
724193.00ms : 0.55;0.55;-0.17;11.17;-27.89;9.89
724213.00ms : 0.57;0.56;-0.20;8.18;-25.21;8.12
724233.00ms : 0.54;0.58;-0.14;7.39;-20.63;0.92
724253.00ms : 0.61;0.67;-0.10;4.76;-17.82;-7.81
724273.00ms : 0.69;0.71;-0.14;8.85;-20.08;-13.24
724293.00ms : 0.65;0.67;-0.16;16.48;-16.91;-16.17
724313.00ms : 0.61;0.59;-0.14;17.94;-12.21;-16.60
724333.00ms : 0.63;0.61;-0.06;12.82;-12.33;-21.48
724353.00ms : 0.68;0.73;-0.11;13.79;-14.22;-23.13
724373.00ms : 0.71;0.65;-0.11;15.81;-13.06;-22.77
724393.00ms : 0.65;0.59;-0.11;10.19;-7.32;-25.09
724413.00ms : 0.70;0.60;-0.12;4.76;-3.97;-28.87
724433.00ms : 0.66;0.69;-0.12;6.35;-3.97;-31.37
724453.00ms : 0.68;0.61;-0.07;6.16;0.92;-33.94
724473.00ms : 0.69;0.47;-0.08;-4.27;10.19;-38.57
724493.00ms : 0.68;0.54;-0.13;-11.90;8.97;-41.26
724513.00ms : 0.71;0.68;-0.08;-11.17;7.63;-39.49
724533.00ms : 0.73;0.68;-0.06;-6.16;10.44;-40.47
724553.00ms : 0.82;0.61;-0.04;-6.59;12.08;-43.76
724573.00ms : 0.81;0.65;-0.10;-2.08;9.03;-48.58
724593.00ms : 0.74;0.68;-0.11;12.45;5.92;-45.53
724613.00ms : 0.75;0.56;-0.09;18.07;5.92;-45.84
724633.00ms : 0.81;0.47;-0.08;16.78;3.48;-45.35
724653.00ms : 0.80;0.48;-0.11;13.00;3.78;-45.84
724673.00ms : 0.68;0.48;-0.14;12.21;4.64;-44.86
724693.00ms : 0.78;0.51;-0.11;9.58;3.54;-45.04
724713.00ms : 0.84;0.43;-0.06;4.58;8.06;-46.45
724733.00ms : 0.82;0.50;-0.06;-2.38;9.58;-51.57
724753.00ms : 0.71;0.53;-0.13;0.61;8.79;-48.46
724773.00ms : 0.80;0.55;-0.12;6.16;4.33;-45.65
724793.00ms : 0.91;0.44;-0.09;11.29;2.56;-45.10
724813.00ms : 0.90;0.47;-0.07;10.68;3.11;-46.57
724833.00ms : 0.81;0.43;-0.13;10.13;4.88;-44.92
724853.00ms : 0.87;0.43;-0.10;7.02;4.39;-42.05
724873.00ms : 0.90;0.35;-0.08;1.95;7.63;-43.21
724893.00ms : 0.88;0.33;-0.09;-5.49;8.97;-44.19
724913.00ms : 0.82;0.31;-0.13;-7.81;8.42;-45.90
724933.00ms : 0.91;0.42;-0.10;-6.23;7.45;-47.49
724953.00ms : 1.00;0.40;-0.10;-3.66;8.30;-47.00
724973.00ms : 0.94;0.34;-0.07;1.04;6.10;-45.72
724993.00ms : 0.82;0.27;-0.14;4.46;6.47;-46.08
725013.00ms : 0.94;0.35;-0.11;4.64;7.69;-50.23
725033.00ms : 0.99;0.29;-0.09;3.85;8.67;-50.17
725053.00ms : 0.93;0.17;-0.11;6.65;6.96;-49.99
725073.00ms : 0.88;0.14;-0.20;12.15;1.83;-52.49
725093.00ms : 1.00;0.27;-0.15;22.40;2.20;-56.58
725113.00ms : 1.08;0.32;-0.11;33.14;1.53;-59.08
725133.00ms : 1.03;0.25;-0.14;37.41;-3.48;-48.52
725153.00ms : 0.88;0.02;-0.17;40.77;-3.36;-40.47
725173.00ms : 0.96;0.06;-0.10;32.78;-2.14;-47.79
725193.00ms : 1.01;0.21;-0.07;26.12;1.28;-52.55
725213.00ms : 1.02;0.13;-0.13;23.99;1.46;-47.91
725233.00ms : 0.91;-0.03;-0.20;21.42;-0.61;-39.49
725253.00ms : 0.95;-0.02;-0.13;16.48;-0.73;-39.18
725273.00ms : 1.03;0.12;-0.11;16.97;-0.55;-44.92
725293.00ms : 1.01;0.15;-0.07;15.63;2.01;-46.08
725313.00ms : 0.95;0.01;-0.16;13.55;0.67;-37.96
725333.00ms : 0.94;-0.03;-0.09;10.01;4.21;-36.38
725353.00ms : 1.00;-0.02;-0.11;2.20;5.74;-38.21
725373.00ms : 0.99;-0.03;-0.11;-2.50;8.79;-44.25
725393.00ms : 0.98;-0.06;-0.15;-4.27;8.54;-43.64
725413.00ms : 1.00;-0.09;-0.08;-5.55;10.80;-45.41
725433.00ms : 1.01;-0.08;-0.13;-5.19;11.96;-47.49
725453.00ms : 1.00;-0.10;-0.11;-3.91;12.15;-51.94
725473.00ms : 0.97;-0.14;-0.15;-0.31;8.79;-51.03
725493.00ms : 0.97;-0.16;-0.16;2.69;7.02;-48.65
725513.00ms : 0.99;-0.09;-0.13;4.70;5.86;-48.03
725533.00ms : 1.00;-0.07;-0.14;7.20;4.70;-45.78
725553.00ms : 0.98;-0.15;-0.17;15.32;3.17;-44.19
725573.00ms : 0.93;-0.23;-0.19;18.62;1.65;-41.81
725593.00ms : 0.94;-0.21;-0.17;15.38;2.38;-43.88
725613.00ms : 0.97;-0.18;-0.17;11.78;6.23;-46.57
725633.00ms : 0.95;-0.26;-0.18;10.99;10.44;-50.11
725653.00ms : 0.94;-0.30;-0.19;5.37;9.34;-46.63
725673.00ms : 0.90;-0.34;-0.19;-2.38;11.72;-43.15
725693.00ms : 0.97;-0.33;-0.19;-9.83;13.00;-47.49
725713.00ms : 0.98;-0.29;-0.19;-11.17;13.55;-52.06
725733.00ms : 0.96;-0.26;-0.18;-9.89;9.83;-48.28
725753.00ms : 0.92;-0.28;-0.19;-8.24;8.79;-40.71
725773.00ms : 0.94;-0.31;-0.20;-8.06;10.01;-36.93
725793.00ms : 0.91;-0.34;-0.17;-13.49;19.59;-39.00
725813.00ms : 0.87;-0.42;-0.11;-26.06;28.08;-44.25
725833.00ms : 0.91;-0.41;-0.25;-48.58;27.83;-40.95
725853.00ms : 0.98;-0.32;-0.28;-61.16;28.44;-37.84
725873.00ms : 0.99;-0.32;-0.23;-56.64;24.35;-37.90
725893.00ms : 0.96;-0.34;-0.23;-54.75;21.79;-37.05
725913.00ms : 0.99;-0.30;-0.23;-53.71;18.62;-36.19
725933.00ms : 0.98;-0.26;-0.24;-45.59;15.99;-29.11
725953.00ms : 0.99;-0.28;-0.24;-30.94;13.06;-25.57
725973.00ms : 0.99;-0.30;-0.26;-20.45;8.67;-21.79
725993.00ms : 0.95;-0.29;-0.26;-11.60;4.94;-20.08
726013.00ms : 0.92;-0.32;-0.27;-4.21;2.75;-17.09
726033.00ms : 0.95;-0.36;-0.27;1.04;1.89;-14.47
726053.00ms : 0.91;-0.39;-0.27;5.62;1.77;-13.43
726073.00ms : 0.89;-0.40;-0.28;5.74;4.09;-13.12
726093.00ms : 0.90;-0.38;-0.29;6.47;2.69;-11.11
726113.00ms : 0.88;-0.41;-0.26;5.49;5.07;-9.22
726133.00ms : 0.90;-0.44;-0.24;1.46;6.84;-9.70
726153.00ms : 0.94;-0.39;-0.23;-2.62;4.88;-9.64
726173.00ms : 0.90;-0.38;-0.24;-0.49;7.02;-7.69
726193.00ms : 0.90;-0.45;-0.19;-0.49;9.70;-9.46
726213.00ms : 0.90;-0.43;-0.18;-3.85;9.16;-11.90
726233.00ms : 0.93;-0.36;-0.19;-2.87;7.20;-9.09
726253.00ms : 0.89;-0.39;-0.19;2.26;6.47;-5.92
726273.00ms : 0.88;-0.46;-0.20;2.99;5.43;-4.94
726293.00ms : 0.87;-0.45;-0.19;-0.73;1.71;-3.48
726313.00ms : 0.88;-0.38;-0.21;-2.14;-1.83;3.54
726333.00ms : 0.88;-0.44;-0.25;-1.89;-0.24;7.57
726353.00ms : 0.86;-0.52;-0.26;-3.54;2.62;2.32
726373.00ms : 0.89;-0.48;-0.29;-8.12;2.56;-1.46
726393.00ms : 0.90;-0.47;-0.29;-5.86;3.91;-1.65
726413.00ms : 0.90;-0.49;-0.28;-1.22;4.52;-3.42
726433.00ms : 0.89;-0.47;-0.25;0.49;3.91;-2.93
726453.00ms : 0.89;-0.44;-0.22;0.24;2.56;1.10
726473.00ms : 0.86;-0.44;-0.21;2.81;0.92;5.80
726493.00ms : 0.86;-0.46;-0.24;3.91;0.61;6.35
726513.00ms : 0.85;-0.53;-0.22;4.58;-0.61;2.81
726533.00ms : 0.85;-0.52;-0.25;3.23;-1.77;-1.04
726553.00ms : 0.87;-0.47;-0.27;3.05;-1.83;-0.92
726573.00ms : 0.86;-0.45;-0.28;3.91;-2.20;2.01
726593.00ms : 0.86;-0.45;-0.26;2.69;-2.26;4.46
726613.00ms : 0.87;-0.46;-0.27;-1.28;0.43;3.85
726633.00ms : 0.92;-0.44;-0.26;-3.78;1.16;3.30
726653.00ms : 0.91;-0.42;-0.26;-1.77;-0.18;6.10
726673.00ms : 0.88;-0.43;-0.27;-1.71;0.98;8.79
726693.00ms : 0.85;-0.46;-0.25;-2.26;1.40;10.68
726713.00ms : 0.88;-0.43;-0.24;-2.50;-1.53;11.54
726733.00ms : 0.88;-0.44;-0.26;1.04;-2.14;12.88
726753.00ms : 0.90;-0.48;-0.27;2.69;-1.71;12.76
726773.00ms : 0.89;-0.46;-0.26;3.91;-2.62;9.89
726793.00ms : 0.89;-0.42;-0.25;4.09;-3.48;9.70
726813.00ms : 0.91;-0.41;-0.24;4.33;-2.99;9.34
726833.00ms : 0.95;-0.39;-0.23;4.94;-3.11;7.14
726853.00ms : 0.90;-0.38;-0.23;5.74;-1.53;8.85
726873.00ms : 0.87;-0.42;-0.22;3.54;2.56;7.02
726893.00ms : 0.91;-0.43;-0.25;0.85;2.44;2.62
726913.00ms : 0.92;-0.45;-0.28;-1.16;2.20;2.26
726933.00ms : 0.90;-0.48;-0.28;-1.40;1.71;4.15
726953.00ms : 0.87;-0.47;-0.28;-0.49;1.16;4.03
726973.00ms : 0.89;-0.43;-0.26;1.10;-0.18;2.26
726993.00ms : 0.93;-0.42;-0.26;0.79;-0.79;1.89
727013.00ms : 0.91;-0.41;-0.26;-0.85;-0.43;3.23
727033.00ms : 0.89;-0.42;-0.24;-2.38;0.85;2.93
727053.00ms : 0.90;-0.38;-0.25;-1.10;0.55;0.67
727073.00ms : 0.92;-0.39;-0.27;1.16;-0.37;1.16
727093.00ms : 0.91;-0.41;-0.27;3.48;-0.98;2.81
727113.00ms : 0.90;-0.42;-0.26;4.76;-1.10;2.38
727133.00ms : 0.89;-0.43;-0.27;5.68;-1.22;1.89
727153.00ms : 0.90;-0.43;-0.27;4.64;-1.10;2.01
727173.00ms : 0.92;-0.42;-0.27;3.78;-1.16;1.46
727193.00ms : 0.92;-0.41;-0.28;3.78;-1.59;1.95
727213.00ms : 0.91;-0.40;-0.27;4.70;-2.08;2.50
727233.00ms : 0.89;-0.41;-0.26;6.53;-1.53;1.71
727253.00ms : 0.90;-0.41;-0.26;5.68;-1.71;1.04
727273.00ms : 0.91;-0.41;-0.27;4.46;-1.83;1.83
727293.00ms : 0.90;-0.41;-0.27;5.00;-1.04;1.77
727313.00ms : 0.91;-0.41;-0.28;5.00;-1.71;1.34
727333.00ms : 0.90;-0.44;-0.27;4.09;-0.85;2.14
727353.00ms : 0.90;-0.46;-0.28;2.01;-0.49;0.92
727373.00ms : 0.91;-0.43;-0.28;0.73;-0.73;0.06
727393.00ms : 0.90;-0.41;-0.28;0.85;-0.55;0.92
727413.00ms : 0.91;-0.42;-0.28;1.22;-0.49;1.16
727433.00ms : 0.90;-0.44;-0.28;-0.61;0.55;1.10
727453.00ms : 0.90;-0.44;-0.27;-2.38;0.43;0.06
727473.00ms : 0.92;-0.41;-0.28;-2.26;-0.37;-1.04
727493.00ms : 0.91;-0.38;-0.29;-0.12;-0.92;0.67
727513.00ms : 0.90;-0.43;-0.28;1.04;0.00;2.14
727533.00ms : 0.90;-0.44;-0.27;0.24;0.06;0.92
727553.00ms : 0.90;-0.42;-0.26;-1.77;1.53;-1.10
727573.00ms : 0.92;-0.39;-0.28;-3.72;1.59;-1.59
727593.00ms : 0.93;-0.40;-0.31;-3.66;1.16;0.79
727613.00ms : 0.89;-0.46;-0.29;-2.50;0.92;1.83
727633.00ms : 0.90;-0.45;-0.30;-1.28;-1.28;-0.37
727653.00ms : 0.91;-0.44;-0.29;-0.24;-1.83;0.49
727673.00ms : 0.90;-0.44;-0.28;0.79;-2.32;1.28
727693.00ms : 0.90;-0.41;-0.27;0.92;-2.81;0.98
727713.00ms : 0.91;-0.41;-0.26;0.79;-2.20;1.28
727733.00ms : 0.90;-0.42;-0.27;0.06;-1.77;0.24
727753.00ms : 0.91;-0.40;-0.27;0.00;-1.46;0.18
727773.00ms : 0.91;-0.40;-0.28;0.61;-1.77;1.10
727793.00ms : 0.90;-0.42;-0.28;0.92;-1.53;1.71
727813.00ms : 0.90;-0.43;-0.27;0.06;-1.53;1.16
727833.00ms : 0.90;-0.42;-0.27;-1.34;-0.92;0.55
727853.00ms : 0.91;-0.40;-0.28;-1.10;-0.61;0.43
727873.00ms : 0.91;-0.40;-0.28;-0.49;-1.28;1.40
727893.00ms : 0.90;-0.42;-0.28;0.85;-1.40;2.75
727913.00ms : 0.89;-0.45;-0.26;0.18;-1.28;1.40
727933.00ms : 0.90;-0.42;-0.27;-0.85;-1.40;0.00
727953.00ms : 0.91;-0.40;-0.29;-0.18;-1.46;1.04
727973.00ms : 0.90;-0.41;-0.29;0.61;-1.53;2.56
727993.00ms : 0.91;-0.44;-0.28;0.79;-1.77;1.83
728013.00ms : 0.91;-0.41;-0.29;0.49;-2.14;0.31
728033.00ms : 0.91;-0.39;-0.27;0.61;-1.89;0.79
728053.00ms : 0.90;-0.41;-0.28;-0.43;-0.92;1.89
728073.00ms : 0.91;-0.42;-0.27;-1.46;-0.85;0.98
728093.00ms : 0.91;-0.41;-0.27;-1.46;-1.04;0.37
728113.00ms : 0.91;-0.40;-0.29;-0.12;-1.22;0.79
728133.00ms : 0.91;-0.42;-0.29;0.00;-1.40;1.34
728153.00ms : 0.91;-0.42;-0.27;0.06;-1.16;0.61
728173.00ms : 0.91;-0.41;-0.28;-0.43;-1.53;0.06
728193.00ms : 0.91;-0.41;-0.28;-0.12;-1.59;0.49
728213.00ms : 0.90;-0.40;-0.28;0.06;-1.53;0.98
728233.00ms : 0.91;-0.41;-0.26;0.24;-1.40;0.67
728253.00ms : 0.91;-0.41;-0.27;0.12;-2.08;0.67
728273.00ms : 0.90;-0.41;-0.28;0.92;-1.53;0.79
728293.00ms : 0.90;-0.43;-0.27;0.12;-1.16;0.67
728313.00ms : 0.90;-0.41;-0.28;-0.43;-0.85;0.18
728333.00ms : 0.91;-0.41;-0.28;-0.12;-0.92;0.31
728353.00ms : 0.91;-0.42;-0.28;0.00;-1.53;0.24
728373.00ms : 0.91;-0.42;-0.28;0.12;-1.46;0.79
728393.00ms : 0.90;-0.42;-0.28;0.24;-0.92;0.31
728413.00ms : 0.91;-0.41;-0.27;-0.43;-0.92;-0.43
728433.00ms : 0.91;-0.40;-0.28;-0.55;-1.16;-0.06
728453.00ms : 0.91;-0.40;-0.29;0.00;-1.04;0.61
728473.00ms : 0.90;-0.43;-0.28;-0.18;-0.92;0.85
728493.00ms : 0.90;-0.42;-0.28;-0.67;-1.28;0.06
728513.00ms : 0.91;-0.40;-0.28;-0.37;-1.16;-0.12
728533.00ms : 0.91;-0.40;-0.27;-0.55;-0.55;0.73
728553.00ms : 0.90;-0.42;-0.26;-1.71;-0.37;0.98
728573.00ms : 0.90;-0.42;-0.27;-2.08;-0.85;0.06
728593.00ms : 0.90;-0.42;-0.28;-1.22;-0.61;0.92
728613.00ms : 0.90;-0.46;-0.28;-2.08;0.06;1.53
728633.00ms : 0.89;-0.45;-0.28;-3.60;0.49;0.67
728653.00ms : 0.90;-0.41;-0.28;-3.05;0.24;-0.31
728673.00ms : 0.91;-0.38;-0.28;-1.77;-0.12;0.73
728693.00ms : 0.91;-0.38;-0.27;-0.85;-0.37;1.46
728713.00ms : 0.91;-0.40;-0.28;-0.55;-0.49;1.53
728733.00ms : 0.91;-0.41;-0.29;-0.49;-0.61;1.46
728753.00ms : 0.90;-0.41;-0.29;-0.18;-0.61;1.10
728773.00ms : 0.91;-0.41;-0.27;-0.67;-0.24;0.98
728793.00ms : 0.91;-0.41;-0.27;-1.28;-0.43;1.10
728813.00ms : 0.91;-0.41;-0.28;-1.10;-0.37;1.46
728833.00ms : 0.90;-0.43;-0.28;-1.28;-0.49;1.40
728853.00ms : 0.90;-0.43;-0.28;-1.46;-0.31;1.16
728873.00ms : 0.91;-0.40;-0.27;-0.92;-0.67;0.31
728893.00ms : 0.92;-0.38;-0.28;0.12;-0.67;0.92
728913.00ms : 0.91;-0.40;-0.29;-0.06;-1.16;1.59
728933.00ms : 0.90;-0.43;-0.28;-0.61;-0.73;1.53
728953.00ms : 0.91;-0.41;-0.28;-0.49;-1.04;0.31
728973.00ms : 0.92;-0.39;-0.29;0.43;-1.28;0.37
728993.00ms : 0.91;-0.40;-0.29;1.28;-1.22;1.10
729013.00ms : 0.91;-0.41;-0.28;0.98;-1.46;1.59
729033.00ms : 0.90;-0.43;-0.28;-0.06;-1.10;0.61
729053.00ms : 0.91;-0.41;-0.29;-0.61;-1.28;-0.31
729073.00ms : 0.91;-0.39;-0.28;-0.37;-1.10;0.06
729093.00ms : 0.91;-0.40;-0.29;-0.37;-1.04;1.04
729113.00ms : 0.90;-0.41;-0.28;-0.31;-0.92;0.85
729133.00ms : 0.91;-0.40;-0.28;-0.37;-0.85;0.24
729153.00ms : 0.91;-0.39;-0.28;-0.06;-1.10;-0.18
729173.00ms : 0.91;-0.40;-0.28;-0.49;-0.67;0.31
729193.00ms : 0.91;-0.41;-0.28;-0.73;-1.22;0.79
729213.00ms : 0.91;-0.41;-0.28;-0.49;-1.34;0.18
729233.00ms : 0.91;-0.42;-0.28;0.18;-1.28;0.49
729253.00ms : 0.91;-0.42;-0.27;0.00;-1.04;-0.06
729273.00ms : 0.91;-0.42;-0.28;-0.85;-0.55;0.18
729293.00ms : 0.91;-0.42;-0.28;-1.77;-0.73;0.00
729313.00ms : 0.91;-0.39;-0.29;-0.61;-1.53;0.12
729333.00ms : 0.91;-0.41;-0.29;0.06;-0.61;0.61
729353.00ms : 0.90;-0.42;-0.27;-0.61;-0.55;0.00
729373.00ms : 0.91;-0.41;-0.27;-1.04;-0.43;-0.24
729393.00ms : 0.92;-0.39;-0.29;-0.55;-0.85;-0.18
729413.00ms : 0.91;-0.41;-0.28;0.31;-0.98;0.24
729433.00ms : 0.91;-0.42;-0.29;0.18;-1.34;0.49
729453.00ms : 0.90;-0.42;-0.27;0.43;-0.79;0.49
729473.00ms : 0.91;-0.42;-0.28;0.24;-0.92;-0.31
729493.00ms : 0.91;-0.41;-0.29;0.00;-0.85;0.37
729513.00ms : 0.90;-0.41;-0.28;-0.06;-1.04;0.79
729533.00ms : 0.90;-0.41;-0.27;0.31;-0.92;0.24
729553.00ms : 0.91;-0.40;-0.28;-0.31;-0.67;0.00
729573.00ms : 0.91;-0.41;-0.29;-0.67;-0.49;0.55
729593.00ms : 0.90;-0.42;-0.29;-0.61;-0.85;0.85
729613.00ms : 0.91;-0.42;-0.29;-0.67;-0.98;0.31
729633.00ms : 0.90;-0.42;-0.27;-0.92;-0.43;0.31
729653.00ms : 0.91;-0.40;-0.29;-1.34;-0.49;0.06
729673.00ms : 0.92;-0.41;-0.28;-1.04;-0.55;1.10
729693.00ms : 0.91;-0.41;-0.28;-0.31;-0.79;0.92
729713.00ms : 0.91;-0.42;-0.29;-0.12;-0.49;0.00
729733.00ms : 0.90;-0.42;-0.28;-1.53;0.31;-0.43
729753.00ms : 0.90;-0.41;-0.28;-2.75;0.67;-1.53
729773.00ms : 0.92;-0.39;-0.28;-2.32;-0.12;-0.67
729793.00ms : 0.91;-0.40;-0.29;-1.40;-0.31;0.55
729813.00ms : 0.91;-0.42;-0.28;-0.18;-0.43;0.31
729833.00ms : 0.91;-0.41;-0.29;0.55;-1.16;0.12
729853.00ms : 0.91;-0.41;-0.29;-0.12;-0.85;0.18
729873.00ms : 0.91;-0.42;-0.28;-0.55;-1.22;0.55
729893.00ms : 0.91;-0.41;-0.29;0.06;-1.65;0.79
729913.00ms : 0.90;-0.40;-0.28;1.53;-1.53;0.85
729933.00ms : 0.91;-0.40;-0.28;1.04;-1.53;0.55
729953.00ms : 0.90;-0.42;-0.28;0.79;-1.16;1.22
729973.00ms : 0.91;-0.43;-0.28;-0.31;-1.16;0.98
729993.00ms : 0.91;-0.40;-0.29;-0.06;-1.16;-0.06
730013.00ms : 0.91;-0.40;-0.28;-0.06;-0.98;0.18
730033.00ms : 0.91;-0.41;-0.29;-0.49;-0.55;0.79
730053.00ms : 0.91;-0.42;-0.29;-1.40;-0.37;0.31
730073.00ms : 0.91;-0.42;-0.29;-1.46;-0.24;-0.79
730093.00ms : 0.91;-0.41;-0.29;-1.10;-1.10;-1.16
730113.00ms : 0.91;-0.39;-0.30;-0.79;-0.85;0.18
730133.00ms : 0.91;-0.42;-0.28;-1.10;-0.55;-0.31
730153.00ms : 0.91;-0.42;-0.29;-2.01;-0.67;-1.16
730173.00ms : 0.91;-0.42;-0.29;-2.20;-0.55;-0.55
730193.00ms : 0.90;-0.42;-0.28;-1.22;-1.16;0.61
730213.00ms : 0.91;-0.41;-0.28;-0.49;-1.04;0.92
730233.00ms : 0.91;-0.41;-0.28;0.31;-1.22;0.73
730253.00ms : 0.91;-0.40;-0.28;0.24;-1.46;0.73
730273.00ms : 0.91;-0.41;-0.28;0.18;-1.16;0.67
730293.00ms : 0.90;-0.40;-0.27;0.18;-1.16;0.85
730313.00ms : 0.90;-0.41;-0.29;0.49;-0.61;0.73
730333.00ms : 0.91;-0.41;-0.28;0.67;-0.61;0.85
730353.00ms : 0.92;-0.41;-0.28;-0.06;-0.79;0.98
730373.00ms : 0.91;-0.41;-0.29;-0.12;-0.92;1.10
730393.00ms : 0.90;-0.42;-0.29;0.00;-0.18;0.79
730413.00ms : 0.91;-0.42;-0.28;-0.18;-0.31;-0.12
730433.00ms : 0.91;-0.41;-0.29;-0.67;-0.73;0.67
730453.00ms : 0.91;-0.43;-0.29;-0.79;-0.67;1.46
730473.00ms : 0.91;-0.43;-0.32;-2.62;-0.92;0.00
730493.00ms : 0.91;-0.41;-0.28;-1.16;-0.73;-0.06
730513.00ms : 0.91;-0.39;-0.28;-0.92;-0.12;-0.18
730533.00ms : 0.91;-0.40;-0.28;-1.46;-0.12;0.92
730553.00ms : 0.91;-0.41;-0.29;-1.53;-0.55;0.67
730573.00ms : 0.90;-0.40;-0.28;-0.92;-0.55;0.73
730593.00ms : 0.91;-0.40;-0.28;-0.37;-0.24;0.12
730613.00ms : 0.92;-0.39;-0.30;-0.49;-0.49;0.85
730633.00ms : 0.90;-0.41;-0.29;-0.18;-0.55;1.46
730653.00ms : 0.91;-0.40;-0.29;0.12;-0.67;0.73
730673.00ms : 0.91;-0.41;-0.28;0.85;-0.61;-0.18
730693.00ms : 0.91;-0.41;-0.29;0.18;-0.67;0.98
730713.00ms : 0.91;-0.41;-0.28;0.31;-1.40;0.55
730733.00ms : 0.91;-0.41;-0.29;0.49;-1.16;0.31
730753.00ms : 0.91;-0.42;-0.29;-0.06;-0.92;0.24
730773.00ms : 0.91;-0.40;-0.28;-0.49;-0.79;-0.06
730793.00ms : 0.92;-0.41;-0.29;-0.37;-0.43;0.12
730813.00ms : 0.90;-0.40;-0.29;-0.31;-0.55;0.49
730833.00ms : 0.91;-0.41;-0.29;0.00;-1.22;0.37
730853.00ms : 0.91;-0.40;-0.29;0.24;-1.10;0.79
730873.00ms : 0.91;-0.40;-0.29;1.04;-0.92;0.49
730893.00ms : 0.91;-0.42;-0.29;0.73;-1.16;0.43
730913.00ms : 0.91;-0.42;-0.29;-0.06;-0.92;0.37
730933.00ms : 0.92;-0.41;-0.29;0.49;-1.16;0.67
730953.00ms : 0.90;-0.42;-0.29;1.10;-1.22;1.46
730973.00ms : 0.91;-0.42;-0.29;0.61;-1.40;0.92
730993.00ms : 0.91;-0.41;-0.29;0.43;-0.85;0.31
731013.00ms : 0.92;-0.40;-0.28;0.61;-1.40;0.00
731033.00ms : 0.91;-0.41;-0.30;1.65;-1.59;0.85
731053.00ms : 0.90;-0.42;-0.28;1.89;-1.16;0.73
731073.00ms : 0.91;-0.42;-0.29;1.16;-1.65;-0.06
731093.00ms : 0.91;-0.40;-0.29;0.85;-1.16;0.43
731113.00ms : 0.91;-0.40;-0.30;0.55;-1.16;0.79
731133.00ms : 0.91;-0.40;-0.28;1.04;-0.98;0.43
731153.00ms : 0.91;-0.41;-0.29;0.43;-0.79;0.43
731173.00ms : 0.91;-0.42;-0.30;-0.37;-0.79;0.31
731193.00ms : 0.91;-0.41;-0.29;-0.85;-1.10;0.12
731213.00ms : 0.91;-0.41;-0.29;0.06;-1.04;0.61
731233.00ms : 0.91;-0.41;-0.29;0.49;-1.10;0.55
731253.00ms : 0.91;-0.42;-0.29;0.24;-1.04;0.24
731273.00ms : 0.91;-0.42;-0.29;-0.31;-1.16;0.18
731293.00ms : 0.90;-0.41;-0.29;-0.06;-1.40;0.61
731313.00ms : 0.92;-0.41;-0.29;-0.18;-1.22;0.18
731333.00ms : 0.90;-0.42;-0.29;-0.92;-0.79;0.49
731353.00ms : 0.91;-0.43;-0.29;-1.71;-0.85;0.49
731373.00ms : 0.90;-0.41;-0.29;-1.77;-0.73;0.31
731393.00ms : 0.91;-0.40;-0.29;-1.65;-0.85;0.37
731413.00ms : 0.91;-0.40;-0.29;-0.06;-0.61;0.67
731433.00ms : 0.91;-0.40;-0.29;0.12;-0.98;1.04
731453.00ms : 0.91;-0.41;-0.29;-0.12;-1.04;1.28
731473.00ms : 0.91;-0.42;-0.29;-0.31;-0.73;0.79
731493.00ms : 0.91;-0.42;-0.30;-0.55;-0.85;0.67
731513.00ms : 0.91;-0.42;-0.30;-0.79;-0.85;0.92
731533.00ms : 0.91;-0.42;-0.30;-0.73;-1.10;0.43
731553.00ms : 0.91;-0.41;-0.29;-0.49;-1.40;0.37
731573.00ms : 0.91;-0.40;-0.29;-0.55;-1.04;0.61
731593.00ms : 0.91;-0.40;-0.29;-0.37;-1.04;0.85
731613.00ms : 0.92;-0.40;-0.29;-0.12;-0.98;0.61
731633.00ms : 0.91;-0.40;-0.29;0.73;-1.46;0.92
731653.00ms : 0.91;-0.41;-0.30;1.04;-1.16;1.34
731673.00ms : 0.91;-0.43;-0.29;0.55;-0.98;0.79
731693.00ms : 0.91;-0.42;-0.28;0.06;-1.10;0.79
731713.00ms : 0.91;-0.41;-0.29;0.06;-1.28;0.43
731733.00ms : 0.91;-0.40;-0.30;0.31;-1.22;0.92
731753.00ms : 0.91;-0.41;-0.30;0.67;-1.34;1.46
731773.00ms : 0.91;-0.42;-0.30;0.18;-1.28;1.34
731793.00ms : 0.91;-0.42;-0.28;-0.37;-0.92;0.31
731813.00ms : 0.91;-0.39;-0.29;-0.61;-0.98;-0.06
731833.00ms : 0.92;-0.40;-0.30;-0.49;-0.85;1.04
