443315.00ms : 0.93;-0.29;-0.25;-16.17;1.10;2.69
443335.00ms : 0.97;-0.36;-0.33;-6.23;-0.06;0.79
443355.00ms : 0.94;-0.22;-0.16;-13.37;-4.21;-2.81
443375.00ms : 0.86;-0.33;-0.29;4.21;-2.50;0.31
443395.00ms : 0.95;-0.35;-0.27;8.67;-6.71;1.53
443415.00ms : 0.92;-0.38;-0.27;12.27;-7.20;2.50
443435.00ms : 0.90;-0.42;-0.25;11.54;-9.09;2.44
443455.00ms : 0.89;-0.41;-0.26;6.59;-6.53;4.09
443475.00ms : 0.88;-0.40;-0.26;2.20;-4.94;5.68
443495.00ms : 0.94;-0.41;-0.26;0.92;-1.59;5.68
443515.00ms : 0.90;-0.35;-0.25;-4.64;-2.44;3.11
443535.00ms : 0.92;-0.35;-0.25;-6.04;-3.85;6.96
443555.00ms : 0.95;-0.33;-0.25;-6.23;-3.48;5.74
443575.00ms : 0.95;-0.32;-0.26;-4.46;-3.85;5.49
443595.00ms : 0.94;-0.31;-0.24;-0.18;-3.05;3.72
443615.00ms : 0.93;-0.33;-0.24;-0.06;-4.52;5.80
443635.00ms : 0.96;-0.36;-0.23;-2.32;-7.14;9.40
443655.00ms : 0.92;-0.31;-0.25;-1.95;-1.40;-0.49
443675.00ms : 0.96;-0.30;-0.25;-0.61;-2.62;1.40
443695.00ms : 0.93;-0.30;-0.26;1.46;-3.17;1.22
443715.00ms : 0.93;-0.33;-0.25;2.75;-2.81;0.85
443735.00ms : 0.92;-0.36;-0.23;2.44;-2.38;1.22
443755.00ms : 0.92;-0.38;-0.23;-0.06;-1.10;-0.12
443775.00ms : 0.93;-0.35;-0.25;-2.08;-1.10;-1.16
443795.00ms : 0.93;-0.33;-0.26;-2.75;-0.61;-0.61
443815.00ms : 0.94;-0.32;-0.25;-1.53;-1.10;0.61
443835.00ms : 0.94;-0.34;-0.23;0.37;-2.08;0.98
443855.00ms : 0.92;-0.33;-0.23;1.10;-2.01;0.00
443875.00ms : 0.94;-0.33;-0.24;0.24;-2.20;-0.92
443895.00ms : 0.94;-0.31;-0.25;0.92;-1.83;-0.67
443915.00ms : 0.94;-0.30;-0.25;3.36;-2.50;-1.28
443935.00ms : 0.94;-0.31;-0.25;5.55;-4.21;-0.18
443955.00ms : 0.93;-0.32;-0.25;7.39;-4.88;0.49
443975.00ms : 0.95;-0.35;-0.25;8.18;-5.68;0.37
443995.00ms : 0.94;-0.37;-0.26;7.14;-6.77;-0.12
444015.00ms : 0.93;-0.34;-0.25;5.80;-7.45;-1.16
444035.00ms : 0.93;-0.35;-0.25;5.19;-7.26;-2.26
444055.00ms : 0.92;-0.35;-0.25;3.05;-5.98;-2.69
444075.00ms : 0.91;-0.36;-0.24;-0.61;-5.19;-1.95
444095.00ms : 0.90;-0.35;-0.25;-3.11;-3.54;-2.08
444115.00ms : 0.92;-0.32;-0.22;-2.62;-3.17;-2.50
444135.00ms : 0.92;-0.34;-0.21;-2.20;-2.69;-2.26
444155.00ms : 0.91;-0.36;-0.22;-3.60;-1.53;-1.65
444175.00ms : 0.92;-0.35;-0.22;-3.91;-1.22;-2.32
444195.00ms : 0.93;-0.34;-0.22;-0.85;-2.81;-1.77
444215.00ms : 0.91;-0.35;-0.23;2.69;-2.99;-1.46
444235.00ms : 0.93;-0.36;-0.23;3.85;-3.78;-1.22
444255.00ms : 0.91;-0.37;-0.22;3.11;-2.62;-0.85
444275.00ms : 0.93;-0.40;-0.23;1.40;-2.44;-1.59
444295.00ms : 0.91;-0.41;-0.24;0.37;-2.20;-2.75
444315.00ms : 0.91;-0.37;-0.24;0.43;-3.17;-2.14
444335.00ms : 0.94;-0.37;-0.24;0.73;-3.85;0.67
444355.00ms : 0.93;-0.44;-0.20;-1.71;-3.11;2.44
444375.00ms : 0.90;-0.41;-0.17;-8.12;-4.39;4.27
444395.00ms : 0.93;-0.35;-0.18;-12.51;-4.70;5.49
444415.00ms : 0.94;-0.26;-0.14;-8.24;-5.19;7.57
444435.00ms : 0.98;-0.31;-0.18;-0.43;-3.66;6.77
444455.00ms : 0.95;-0.38;-0.21;3.54;-4.88;6.77
444475.00ms : 0.87;-0.37;-0.19;5.49;-7.14;2.38
444495.00ms : 0.86;-0.41;-0.08;11.47;-14.34;-2.14
444515.00ms : 0.85;-0.48;-0.21;10.56;-16.78;-12.02
444535.00ms : 0.90;-0.40;-0.20;10.86;-19.71;-10.44
444555.00ms : 0.88;-0.46;-0.15;12.33;-19.41;-13.85
444575.00ms : 0.82;-0.51;-0.13;7.57;-18.98;-20.26
444595.00ms : 0.83;-0.50;-0.17;-2.81;-17.15;-25.15
444615.00ms : 0.86;-0.47;-0.18;-6.90;-15.32;-29.54
444635.00ms : 0.91;-0.45;-0.16;-6.96;-16.48;-29.97
444655.00ms : 0.89;-0.46;-0.16;0.98;-17.88;-32.35
444675.00ms : 0.88;-0.41;-0.18;7.57;-20.81;-32.35
444695.00ms : 0.87;-0.45;-0.18;13.55;-23.99;-32.41
444715.00ms : 0.86;-0.50;-0.16;16.48;-25.45;-33.81
444735.00ms : 0.87;-0.57;-0.12;16.72;-24.11;-36.87
444755.00ms : 0.86;-0.57;-0.13;7.57;-21.42;-38.21
444775.00ms : 0.84;-0.54;-0.11;4.21;-20.08;-39.73
444795.00ms : 0.82;-0.57;-0.12;3.60;-19.71;-40.65
444815.00ms : 0.80;-0.60;-0.10;0.79;-19.59;-42.85
444835.00ms : 0.82;-0.61;-0.10;-3.05;-21.06;-46.45
444855.00ms : 0.82;-0.62;-0.07;-6.47;-21.24;-49.38
444875.00ms : 0.82;-0.62;-0.08;-6.65;-21.79;-49.07
444895.00ms : 0.80;-0.66;-0.06;-4.76;-22.89;-48.83
444915.00ms : 0.77;-0.66;-0.08;-6.84;-23.19;-51.51
444935.00ms : 0.79;-0.65;-0.07;-9.09;-24.66;-54.38
444955.00ms : 0.80;-0.66;-0.06;-9.16;-25.21;-57.68
444975.00ms : 0.80;-0.67;-0.02;-7.51;-25.02;-58.29
444995.00ms : 0.75;-0.71;-0.02;-8.61;-23.50;-61.46
445015.00ms : 0.71;-0.75;-0.04;-15.08;-22.95;-64.51
445035.00ms : 0.73;-0.73;-0.02;-24.60;-24.17;-67.81
445055.00ms : 0.77;-0.71;-0.00;-30.76;-25.33;-71.11
445075.00ms : 0.76;-0.67;0.01;-30.94;-25.88;-68.91
445095.00ms : 0.73;-0.66;-0.02;-27.28;-26.25;-66.04
445115.00ms : 0.70;-0.65;-0.01;-20.94;-29.42;-61.77
445135.00ms : 0.67;-0.67;-0.02;-13.31;-33.33;-58.23
445155.00ms : 0.65;-0.68;-0.01;-8.67;-36.01;-54.14
445175.00ms : 0.63;-0.69;-0.00;-4.64;-38.51;-50.17
445195.00ms : 0.60;-0.72;0.00;-0.73;-39.98;-47.24
445215.00ms : 0.57;-0.72;0.00;-0.79;-39.00;-46.33
445235.00ms : 0.56;-0.74;-0.01;-2.93;-36.74;-46.75
445255.00ms : 0.54;-0.72;-0.01;-5.74;-34.30;-44.68
445275.00ms : 0.53;-0.75;-0.01;-7.14;-30.76;-43.82
445295.00ms : 0.51;-0.77;-0.01;-11.11;-27.65;-45.17
445315.00ms : 0.51;-0.75;-0.00;-17.52;-23.25;-46.20
445335.00ms : 0.51;-0.72;0.00;-19.84;-19.17;-44.49
445355.00ms : 0.48;-0.72;0.01;-18.98;-14.71;-41.02
445375.00ms : 0.44;-0.74;0.03;-20.14;-11.47;-39.12
445395.00ms : 0.42;-0.74;0.03;-22.89;-10.25;-38.02
445415.00ms : 0.40;-0.75;0.06;-23.38;-9.70;-38.39
445435.00ms : 0.39;-0.73;0.08;-23.74;-11.17;-37.48
445455.00ms : 0.38;-0.74;0.10;-21.12;-13.67;-35.58
445475.00ms : 0.36;-0.76;0.10;-19.53;-14.59;-34.85
445495.00ms : 0.35;-0.76;0.11;-18.31;-15.08;-36.44
445515.00ms : 0.34;-0.76;0.13;-16.17;-16.54;-36.13
445535.00ms : 0.33;-0.79;0.13;-14.47;-15.75;-36.32
445555.00ms : 0.29;-0.83;0.14;-16.36;-13.67;-37.66
445575.00ms : 0.28;-0.82;0.15;-19.71;-13.31;-40.65
445595.00ms : 0.28;-0.82;0.17;-20.87;-12.94;-42.48
445615.00ms : 0.25;-0.82;0.17;-22.34;-12.76;-43.03
445635.00ms : 0.24;-0.80;0.19;-23.62;-13.37;-43.33
445655.00ms : 0.24;-0.77;0.18;-23.99;-15.01;-43.95
445675.00ms : 0.23;-0.79;0.19;-23.32;-15.01;-44.62
445695.00ms : 0.20;-0.81;0.21;-25.33;-15.01;-44.37
445715.00ms : 0.19;-0.79;0.22;-28.20;-16.11;-44.56
445735.00ms : 0.19;-0.75;0.22;-30.33;-17.03;-45.04
445755.00ms : 0.19;-0.74;0.21;-29.91;-17.03;-43.33
445775.00ms : 0.16;-0.77;0.23;-31.25;-15.56;-42.11
445795.00ms : 0.13;-0.77;0.22;-35.03;-15.01;-41.75
445815.00ms : 0.13;-0.72;0.24;-36.93;-15.56;-41.50
445835.00ms : 0.14;-0.68;0.22;-34.97;-17.03;-40.34
445855.00ms : 0.11;-0.69;0.22;-31.07;-17.33;-37.78
445875.00ms : 0.08;-0.71;0.23;-30.46;-17.09;-36.68
445895.00ms : 0.10;-0.64;0.24;-29.05;-19.29;-36.13
445915.00ms : 0.10;-0.60;0.20;-22.34;-20.20;-33.26
445935.00ms : 0.09;-0.62;0.21;-16.24;-19.10;-31.01
445955.00ms : 0.06;-0.61;0.18;-14.16;-17.70;-27.95
445975.00ms : 0.04;-0.60;0.18;-13.79;-15.69;-25.39
445995.00ms : 0.05;-0.59;0.19;-12.45;-13.73;-23.07
446015.00ms : 0.06;-0.56;0.17;-9.46;-12.94;-19.84
446035.00ms : 0.05;-0.52;0.16;-4.70;-10.62;-13.85
446055.00ms : 0.03;-0.52;0.14;-1.34;-8.36;-10.68
446075.00ms : 0.03;-0.55;0.16;1.77;-6.77;-6.16
446095.00ms : 0.04;-0.58;0.17;2.38;-4.58;-3.17
446115.00ms : 0.03;-0.52;0.18;3.30;-2.01;-0.31
446135.00ms : 0.01;-0.52;0.16;5.62;0.31;4.15
446155.00ms : 0.03;-0.57;0.16;6.96;4.39;7.81
446175.00ms : 0.04;-0.58;0.18;5.92;8.48;11.90
446195.00ms : 0.04;-0.56;0.18;7.75;10.19;17.27
446215.00ms : 0.03;-0.58;0.18;11.60;10.86;21.91
446235.00ms : 0.03;-0.61;0.21;13.37;10.80;24.54
446255.00ms : 0.04;-0.66;0.23;13.37;12.88;26.98
446275.00ms : 0.04;-0.64;0.26;11.90;12.88;28.38
446295.00ms : 0.03;-0.64;0.26;12.88;12.51;29.54
446315.00ms : 0.03;-0.71;0.30;13.49;12.02;30.40
446335.00ms : 0.05;-0.74;0.32;7.26;13.61;30.03
446355.00ms : 0.05;-0.75;0.33;5.00;14.16;30.27
446375.00ms : 0.04;-0.75;0.34;8.54;12.51;31.19
446395.00ms : 0.04;-0.76;0.33;13.61;9.34;32.17
446415.00ms : 0.05;-0.81;0.34;13.92;5.74;27.95
446435.00ms : 0.07;-0.78;0.33;9.64;3.23;23.62
446455.00ms : 0.08;-0.73;0.30;7.75;3.05;20.69
446475.00ms : 0.11;-0.71;0.26;8.24;2.62;18.92
446495.00ms : 0.11;-0.73;0.23;10.13;3.23;18.92
446515.00ms : 0.11;-0.77;0.20;7.57;4.76;19.59
446535.00ms : 0.12;-0.76;0.19;2.50;5.68;18.74
446555.00ms : 0.14;-0.70;0.19;0.31;7.75;18.80
446575.00ms : 0.18;-0.68;0.18;-0.85;10.01;19.29
446595.00ms : 0.18;-0.68;0.16;-0.61;12.45;21.91
446615.00ms : 0.18;-0.70;0.17;-1.77;15.01;23.62
446635.00ms : 0.20;-0.68;0.16;-5.25;16.72;23.01
446655.00ms : 0.24;-0.69;0.16;-6.41;19.59;23.01
446675.00ms : 0.25;-0.70;0.17;-7.20;23.56;24.54
446695.00ms : 0.23;-0.70;0.17;-9.64;28.02;25.82
446715.00ms : 0.24;-0.68;0.18;-10.31;28.93;25.94
446735.00ms : 0.24;-0.65;0.18;-7.32;27.89;26.25
446755.00ms : 0.27;-0.65;0.21;-0.98;25.76;27.10
446775.00ms : 0.29;-0.66;0.20;5.86;23.99;29.91
446795.00ms : 0.30;-0.66;0.20;11.66;21.97;33.02
446815.00ms : 0.31;-0.69;0.21;16.36;19.53;34.36
446835.00ms : 0.32;-0.68;0.23;19.53;18.01;33.39
446855.00ms : 0.34;-0.65;0.20;22.03;17.03;33.81
446875.00ms : 0.35;-0.69;0.17;25.94;17.70;35.83
446895.00ms : 0.36;-0.72;0.18;25.57;17.58;35.95
446915.00ms : 0.37;-0.72;0.19;24.60;17.46;36.38
446935.00ms : 0.39;-0.66;0.17;24.05;16.54;37.29
446955.00ms : 0.41;-0.67;0.17;28.26;16.42;41.81
446975.00ms : 0.42;-0.70;0.17;28.44;16.54;46.02
446995.00ms : 0.43;-0.73;0.14;25.63;16.24;48.03
447015.00ms : 0.46;-0.71;0.16;22.89;17.58;46.88
447035.00ms : 0.47;-0.68;0.14;19.17;19.78;46.94
447055.00ms : 0.48;-0.70;0.13;16.30;21.48;44.86
447075.00ms : 0.49;-0.70;0.16;11.17;21.97;41.93
447095.00ms : 0.50;-0.68;0.14;9.64;21.85;40.71
447115.00ms : 0.50;-0.69;0.13;9.83;22.03;41.81
447135.00ms : 0.53;-0.69;0.12;12.39;20.51;43.15
447155.00ms : 0.54;-0.70;0.14;15.08;18.92;44.13
447175.00ms : 0.54;-0.71;0.15;17.21;16.30;42.91
447195.00ms : 0.57;-0.70;0.14;18.92;15.01;42.24
447215.00ms : 0.58;-0.73;0.12;18.31;15.50;41.44
447235.00ms : 0.57;-0.72;0.10;16.42;14.71;40.16
447255.00ms : 0.57;-0.73;0.09;14.28;14.22;38.64
447275.00ms : 0.59;-0.69;0.10;13.06;14.04;36.25
447295.00ms : 0.61;-0.70;0.08;11.96;13.61;35.83
447315.00ms : 0.62;-0.69;0.08;12.15;12.82;36.38
447335.00ms : 0.62;-0.69;0.05;12.45;12.21;36.25
447355.00ms : 0.64;-0.65;0.05;14.10;10.99;34.91
447375.00ms : 0.65;-0.66;0.04;15.26;11.05;35.71
447395.00ms : 0.65;-0.69;0.03;14.34;11.90;35.58
447415.00ms : 0.66;-0.69;0.03;10.74;12.27;33.81
447435.00ms : 0.67;-0.66;0.02;8.67;13.12;31.74
447455.00ms : 0.68;-0.64;0.01;6.59;13.67;31.01
447475.00ms : 0.67;-0.68;0.02;5.13;13.85;30.76
447495.00ms : 0.68;-0.67;0.03;4.58;12.63;28.75
447515.00ms : 0.69;-0.63;0.03;6.16;11.29;26.61
447535.00ms : 0.71;-0.60;0.01;8.36;10.74;25.63
447555.00ms : 0.72;-0.62;0.00;12.33;9.34;25.45
447575.00ms : 0.71;-0.65;0.00;14.47;9.77;26.55
447595.00ms : 0.71;-0.67;-0.01;13.00;8.73;24.35
447615.00ms : 0.72;-0.62;-0.01;11.54;7.45;21.85
447635.00ms : 0.73;-0.60;-0.03;12.63;7.57;21.61
447655.00ms : 0.74;-0.62;-0.04;12.39;8.24;21.18
447675.00ms : 0.73;-0.62;-0.05;11.23;9.34;20.39
447695.00ms : 0.75;-0.60;-0.05;9.16;9.64;19.47
447715.00ms : 0.76;-0.59;-0.07;8.18;10.25;19.59
447735.00ms : 0.74;-0.59;-0.07;6.71;11.29;20.69
447755.00ms : 0.73;-0.59;-0.07;2.56;12.57;20.08
447775.00ms : 0.76;-0.56;-0.06;-1.89;12.82;17.21
447795.00ms : 0.78;-0.53;-0.07;-4.46;13.55;16.72
447815.00ms : 0.78;-0.53;-0.08;-3.85;13.37;16.78
447835.00ms : 0.80;-0.52;-0.07;-2.99;12.21;18.13
447855.00ms : 0.81;-0.50;-0.06;-0.98;11.84;18.25
447875.00ms : 0.84;-0.46;-0.08;1.89;11.05;18.07
447895.00ms : 0.83;-0.45;-0.08;7.63;9.28;20.57
447915.00ms : 0.82;-0.51;-0.10;9.52;9.64;21.97
447935.00ms : 0.84;-0.52;-0.10;9.16;10.19;19.10
447955.00ms : 0.85;-0.48;-0.11;8.18;10.44;18.25
447975.00ms : 0.82;-0.50;-0.13;10.13;12.15;18.62
447995.00ms : 0.81;-0.53;-0.13;8.12;14.95;16.97
448015.00ms : 0.82;-0.53;-0.13;4.76;15.44;15.93
448035.00ms : 0.81;-0.52;-0.14;2.08;17.70;13.85
448055.00ms : 0.85;-0.50;-0.15;3.42;16.54;15.99
448075.00ms : 0.80;-0.52;-0.15;6.71;16.24;16.91
448095.00ms : 0.83;-0.52;-0.15;7.02;15.01;13.73
448115.00ms : 0.86;-0.46;-0.17;8.36;12.21;12.21
448135.00ms : 0.84;-0.47;-0.18;15.08;11.35;14.34
448155.00ms : 0.83;-0.53;-0.15;17.82;12.15;14.47
448175.00ms : 0.82;-0.55;-0.16;14.28;13.73;10.25
448195.00ms : 0.85;-0.53;-0.19;8.36;15.32;8.42
448215.00ms : 0.85;-0.54;-0.19;4.94;16.85;8.85
448235.00ms : 0.84;-0.56;-0.18;2.50;16.42;9.34
448255.00ms : 0.84;-0.52;-0.18;-0.31;15.69;7.87
448275.00ms : 0.86;-0.48;-0.17;-1.28;15.50;6.35
448295.00ms : 0.89;-0.45;-0.21;2.62;12.33;8.67
448315.00ms : 0.83;-0.45;-0.16;10.38;10.07;11.23
448335.00ms : 0.85;-0.48;-0.17;8.97;7.87;10.74
448355.00ms : 0.90;-0.44;-0.16;7.57;3.54;9.58
448375.00ms : 0.85;-0.43;-0.17;9.95;3.85;9.28
448395.00ms : 0.88;-0.44;-0.20;10.93;2.44;6.90
448415.00ms : 0.91;-0.39;-0.23;14.16;-1.59;7.81
448435.00ms : 0.89;-0.42;-0.21;21.36;-3.85;10.74
448455.00ms : 0.88;-0.45;-0.21;23.68;-5.31;12.15
448475.00ms : 0.88;-0.42;-0.23;25.94;-6.35;13.67
448495.00ms : 0.84;-0.41;-0.24;29.05;-7.02;15.63
448515.00ms : 0.91;-0.48;-0.24;30.70;-7.02;17.09
448535.00ms : 0.90;-0.50;-0.21;28.26;-6.16;18.07
448555.00ms : 0.85;-0.53;-0.24;17.03;-0.18;16.78
448575.00ms : 0.88;-0.50;-0.21;2.75;2.87;13.61
448595.00ms : 0.89;-0.50;-0.22;-7.81;7.81;8.85
448615.00ms : 0.89;-0.46;-0.23;-12.15;11.78;4.52
448635.00ms : 0.86;-0.40;-0.25;-14.95;13.31;1.89
448655.00ms : 0.86;-0.40;-0.25;-14.40;14.34;0.55
448675.00ms : 0.88;-0.51;-0.23;-17.94;14.65;-1.59
448695.00ms : 0.90;-0.54;-0.23;-25.63;12.63;-5.37
448715.00ms : 0.86;-0.45;-0.20;-23.68;8.67;-5.13
448735.00ms : 0.85;-0.40;-0.26;-15.93;5.98;1.46
448755.00ms : 0.88;-0.50;-0.23;-7.26;6.35;2.69
448775.00ms : 0.91;-0.53;-0.24;-9.34;4.94;-0.67
448795.00ms : 0.90;-0.40;-0.25;-10.25;2.69;-3.23
448815.00ms : 0.93;-0.36;-0.25;-3.54;1.04;-1.53
448835.00ms : 0.92;-0.37;-0.24;3.23;0.67;2.75
448855.00ms : 0.90;-0.39;-0.23;4.27;-0.18;6.23
448875.00ms : 0.89;-0.35;-0.24;2.93;-1.40;7.93
448895.00ms : 0.89;-0.39;-0.26;3.48;-1.53;10.13
448915.00ms : 0.90;-0.40;-0.27;2.56;-2.50;11.47
448935.00ms : 0.92;-0.43;-0.29;1.46;-2.93;10.62
448955.00ms : 0.91;-0.37;-0.31;1.89;-1.04;7.75
448975.00ms : 0.96;-0.32;-0.30;7.08;-1.59;8.06
448995.00ms : 0.95;-0.32;-0.28;14.53;-3.66;9.89
449015.00ms : 0.94;-0.34;-0.25;18.62;-4.58;12.70
449035.00ms : 0.92;-0.40;-0.26;18.68;-5.62;11.54
449055.00ms : 0.90;-0.43;-0.28;16.54;-4.76;8.85
449075.00ms : 0.92;-0.41;-0.25;13.98;-5.00;7.14
449095.00ms : 0.91;-0.41;-0.26;11.78;-3.66;7.63
449115.00ms : 0.91;-0.42;-0.26;9.03;-2.20;5.98
449135.00ms : 0.92;-0.42;-0.26;6.29;-1.59;4.94
449155.00ms : 0.91;-0.41;-0.27;3.60;0.12;4.52
449175.00ms : 0.93;-0.38;-0.27;2.08;-0.49;3.42
449195.00ms : 0.93;-0.36;-0.27;1.53;0.06;1.10
449215.00ms : 0.92;-0.36;-0.26;-1.16;0.73;0.00
449235.00ms : 0.93;-0.36;-0.29;-3.17;1.65;0.55
449255.00ms : 0.92;-0.38;-0.29;-4.82;2.01;1.77
449275.00ms : 0.92;-0.37;-0.30;-3.48;0.85;1.65
449295.00ms : 0.92;-0.39;-0.27;-2.38;0.73;2.08
449315.00ms : 0.92;-0.41;-0.27;-3.11;0.00;1.95
449335.00ms : 0.91;-0.41;-0.28;-4.09;0.06;0.67
449355.00ms : 0.92;-0.38;-0.28;-4.76;-0.06;0.67
449375.00ms : 0.94;-0.35;-0.27;-5.07;-0.73;1.40
449395.00ms : 0.93;-0.35;-0.26;-2.69;-0.92;0.61
449415.00ms : 0.93;-0.33;-0.27;-0.67;-1.16;1.46
449435.00ms : 0.93;-0.35;-0.27;0.18;-1.10;2.44
449455.00ms : 0.93;-0.37;-0.27;0.92;-1.28;1.46
449475.00ms : 0.93;-0.37;-0.28;1.04;-1.40;1.22
449495.00ms : 0.92;-0.38;-0.29;0.85;-2.26;1.22
449515.00ms : 0.92;-0.39;-0.27;0.06;-1.89;1.83
449535.00ms : 0.92;-0.38;-0.26;-1.04;-1.40;0.24
449555.00ms : 0.93;-0.36;-0.26;-1.40;-1.77;-0.06
449575.00ms : 0.93;-0.34;-0.28;-0.24;-2.20;0.98
449595.00ms : 0.92;-0.38;-0.27;-0.12;-0.85;1.53
449615.00ms : 0.92;-0.38;-0.27;-1.22;-1.46;0.12
449635.00ms : 0.92;-0.37;-0.27;-1.83;-0.67;-0.24
449655.00ms : 0.92;-0.37;-0.27;-1.89;-0.37;-0.18
449675.00ms : 0.93;-0.37;-0.28;-1.59;-0.79;0.18
449695.00ms : 0.92;-0.39;-0.27;-2.08;-0.61;0.24
449715.00ms : 0.92;-0.38;-0.27;-2.81;-0.61;-0.49
449735.00ms : 0.92;-0.37;-0.26;-2.69;-0.43;-0.31
449755.00ms : 0.93;-0.34;-0.26;-1.46;-0.61;-0.18
449775.00ms : 0.93;-0.36;-0.27;0.00;-0.61;0.49
449795.00ms : 0.92;-0.38;-0.27;0.55;-1.10;1.28
449815.00ms : 0.92;-0.40;-0.27;-0.18;-1.10;1.71
449835.00ms : 0.92;-0.38;-0.27;-0.37;-1.22;0.00
449855.00ms : 0.92;-0.36;-0.28;-0.18;-1.16;0.12
449875.00ms : 0.92;-0.37;-0.28;-0.98;-0.92;1.22
449895.00ms : 0.92;-0.39;-0.26;-1.95;-0.43;0.43
449915.00ms : 0.93;-0.37;-0.27;-2.69;-0.31;-0.61
449935.00ms : 0.92;-0.37;-0.27;-2.20;0.06;-0.55
449955.00ms : 0.92;-0.38;-0.27;-3.36;0.79;-0.92
449975.00ms : 0.92;-0.38;-0.28;-5.07;0.79;0.49
449995.00ms : 0.91;-0.40;-0.28;-7.45;1.28;1.10
450015.00ms : 0.92;-0.39;-0.27;-7.93;0.85;-0.06
450035.00ms : 0.92;-0.36;-0.27;-6.77;0.98;-1.16
450055.00ms : 0.94;-0.33;-0.27;-3.97;-0.31;-0.55
450075.00ms : 0.92;-0.34;-0.28;-1.40;-0.49;1.28
450095.00ms : 0.93;-0.36;-0.27;-0.24;-0.98;1.95
450115.00ms : 0.92;-0.36;-0.27;0.92;-1.77;0.98
450135.00ms : 0.93;-0.36;-0.28;1.46;-2.08;1.59
450155.00ms : 0.93;-0.37;-0.28;0.79;-1.83;1.65
450175.00ms : 0.93;-0.39;-0.28;-0.31;-1.65;0.85
450195.00ms : 0.92;-0.37;-0.27;-1.53;-1.77;1.10
450215.00ms : 0.92;-0.37;-0.26;-1.83;-1.34;1.10
450235.00ms : 0.93;-0.36;-0.27;-0.92;-2.14;0.55
450255.00ms : 0.92;-0.35;-0.27;0.18;-2.08;1.34
450275.00ms : 0.93;-0.37;-0.27;0.67;-2.20;1.46
450295.00ms : 0.92;-0.38;-0.27;0.12;-1.83;1.46
450315.00ms : 0.92;-0.40;-0.26;-2.75;-1.65;-0.18
450335.00ms : 0.91;-0.39;-0.27;-5.49;-0.85;-1.16
450355.00ms : 0.92;-0.37;-0.27;-6.77;0.37;-0.92
450375.00ms : 0.92;-0.37;-0.26;-5.98;0.24;0.12
450395.00ms : 0.91;-0.38;-0.27;-6.53;0.43;0.43
450415.00ms : 0.92;-0.38;-0.27;-7.51;0.31;-0.24
450435.00ms : 0.92;-0.37;-0.28;-8.06;0.55;-0.18
450455.00ms : 0.92;-0.36;-0.27;-7.26;0.43;0.12
450475.00ms : 0.93;-0.34;-0.26;-5.62;-0.43;0.73
450495.00ms : 0.93;-0.34;-0.25;-3.42;-0.61;0.61
450515.00ms : 0.93;-0.34;-0.26;-0.73;-1.40;0.31
450535.00ms : 0.93;-0.34;-0.26;0.49;-1.89;1.40
450555.00ms : 0.93;-0.37;-0.27;0.98;-1.77;1.53
450575.00ms : 0.91;-0.37;-0.26;0.61;-1.65;1.16
450595.00ms : 0.92;-0.36;-0.27;0.79;-2.50;0.43
450615.00ms : 0.93;-0.36;-0.26;1.89;-2.38;0.61
450635.00ms : 0.92;-0.37;-0.26;0.67;-2.20;1.83
450655.00ms : 0.92;-0.36;-0.26;-0.18;-2.08;1.22
450675.00ms : 0.93;-0.37;-0.26;0.12;-2.14;0.37
450695.00ms : 0.93;-0.35;-0.27;1.10;-2.32;0.06
450715.00ms : 0.92;-0.36;-0.27;0.73;-1.83;1.04
450735.00ms : 0.92;-0.37;-0.26;0.18;-2.08;0.79
450755.00ms : 0.92;-0.37;-0.27;-0.12;-1.95;0.37
450775.00ms : 0.92;-0.36;-0.27;0.31;-2.01;0.12
450795.00ms : 0.93;-0.36;-0.27;0.92;-2.26;0.31
450815.00ms : 0.93;-0.35;-0.26;1.28;-2.62;1.16
450835.00ms : 0.93;-0.37;-0.27;0.85;-2.38;0.43
450855.00ms : 0.93;-0.37;-0.27;-0.06;-2.75;0.18
450875.00ms : 0.92;-0.37;-0.28;-0.18;-2.44;0.24
450895.00ms : 0.92;-0.36;-0.27;0.00;-2.62;0.06
450915.00ms : 0.92;-0.37;-0.25;0.00;-2.26;-0.18
450935.00ms : 0.93;-0.36;-0.26;-0.24;-3.05;-0.92
450955.00ms : 0.92;-0.36;-0.26;0.24;-2.75;0.06
450975.00ms : 0.92;-0.37;-0.25;-0.24;-2.75;-0.12
450995.00ms : 0.93;-0.36;-0.26;-0.61;-3.05;-0.31
451015.00ms : 0.92;-0.37;-0.25;-1.95;-2.75;-0.98
451035.00ms : 0.92;-0.37;-0.25;-3.36;-2.08;-1.65
451055.00ms : 0.92;-0.38;-0.28;-4.70;-1.89;-1.22
451075.00ms : 0.92;-0.37;-0.25;-5.31;-1.65;-0.92
451095.00ms : 0.92;-0.35;-0.25;-5.31;-2.44;-1.28
451115.00ms : 0.93;-0.35;-0.25;-4.46;-2.20;0.18
451135.00ms : 0.90;-0.40;-0.24;-5.19;-1.16;0.61
451155.00ms : 0.90;-0.38;-0.27;-6.96;-1.71;-1.10
451175.00ms : 0.93;-0.35;-0.28;-5.98;-1.59;-0.55
451195.00ms : 0.93;-0.36;-0.27;-5.00;-1.95;0.85
451215.00ms : 0.91;-0.41;-0.25;-5.55;-1.53;0.49
451235.00ms : 0.90;-0.41;-0.25;-7.57;-1.59;-1.77
451255.00ms : 0.92;-0.36;-0.25;-9.09;-1.71;-2.69
451275.00ms : 0.94;-0.35;-0.27;-8.36;-1.53;-0.98
451295.00ms : 0.93;-0.39;-0.26;-9.52;-1.46;0.43
451315.00ms : 0.90;-0.42;-0.23;-11.17;-0.67;-0.49
451335.00ms : 0.90;-0.37;-0.23;-13.18;-1.34;-2.99
451355.00ms : 0.93;-0.33;-0.25;-12.08;-1.34;-2.38
451375.00ms : 0.93;-0.34;-0.25;-9.77;-1.46;0.85
451395.00ms : 0.91;-0.37;-0.25;-9.03;-2.26;2.14
451415.00ms : 0.92;-0.39;-0.26;-7.45;-3.66;4.21
451435.00ms : 0.91;-0.39;-0.23;-7.02;-4.33;3.91
451455.00ms : 0.92;-0.39;-0.24;-8.06;-4.33;3.23
451475.00ms : 0.91;-0.37;-0.23;-9.95;-2.69;2.87
451495.00ms : 0.91;-0.39;-0.19;-14.10;0.61;-0.67
451515.00ms : 0.91;-0.38;-0.17;-19.04;2.14;-4.64
451535.00ms : 0.93;-0.35;-0.20;-20.63;3.42;-6.29
451555.00ms : 0.94;-0.37;-0.20;-19.78;3.54;-6.41
451575.00ms : 0.93;-0.36;-0.21;-17.52;2.01;-5.37
451595.00ms : 0.92;-0.36;-0.21;-14.65;1.22;-3.30
451615.00ms : 0.92;-0.37;-0.21;-12.76;-1.22;-2.87
451635.00ms : 0.91;-0.38;-0.20;-9.52;-3.78;-3.54
451655.00ms : 0.85;-0.42;-0.03;-6.10;-11.23;-0.06
451675.00ms : 0.85;-0.49;-0.13;-9.58;-13.43;-8.61
451695.00ms : 0.85;-0.44;-0.12;-11.90;-13.98;-9.52
451715.00ms : 0.88;-0.47;-0.17;-14.89;-12.82;-12.76
451735.00ms : 0.86;-0.46;-0.18;-16.05;-13.06;-17.03
451755.00ms : 0.86;-0.47;-0.21;-17.70;-12.76;-20.75
451775.00ms : 0.87;-0.49;-0.20;-17.15;-12.15;-22.52
451795.00ms : 0.87;-0.50;-0.20;-17.64;-11.78;-24.72
451815.00ms : 0.87;-0.47;-0.20;-16.36;-12.39;-26.55
451835.00ms : 0.89;-0.47;-0.20;-11.47;-12.51;-28.81
451855.00ms : 0.89;-0.47;-0.17;-5.92;-13.24;-29.42
451875.00ms : 0.90;-0.48;-0.15;-2.20;-13.61;-28.99
451895.00ms : 0.90;-0.47;-0.16;0.43;-15.38;-31.92
451915.00ms : 0.86;-0.48;-0.15;0.79;-14.77;-32.53
451935.00ms : 0.87;-0.49;-0.12;0.06;-15.69;-34.36
451955.00ms : 0.84;-0.49;-0.12;0.49;-15.75;-34.48
451975.00ms : 0.84;-0.53;-0.09;1.28;-15.93;-32.90
451995.00ms : 0.82;-0.55;-0.09;-1.71;-17.76;-35.34
452015.00ms : 0.82;-0.52;-0.07;-3.91;-20.81;-36.74
452035.00ms : 0.83;-0.54;-0.06;-4.09;-22.03;-38.09
452055.00ms : 0.82;-0.57;-0.04;-5.37;-22.58;-39.12
452075.00ms : 0.82;-0.60;-0.07;-8.73;-22.16;-41.69
452095.00ms : 0.80;-0.60;-0.06;-12.15;-21.85;-42.60
452115.00ms : 0.79;-0.63;-0.05;-16.60;-20.87;-45.65
452135.00ms : 0.78;-0.65;-0.04;-23.38;-19.41;-49.44
452155.00ms : 0.77;-0.66;-0.04;-30.94;-17.82;-51.27
452175.00ms : 0.78;-0.64;-0.05;-36.87;-16.54;-52.37
452195.00ms : 0.78;-0.62;-0.03;-39.00;-17.40;-51.64
452215.00ms : 0.78;-0.61;-0.03;-38.64;-18.01;-51.39
452235.00ms : 0.78;-0.58;-0.03;-34.67;-19.96;-50.48
452255.00ms : 0.78;-0.58;-0.03;-29.36;-22.03;-48.83
452275.00ms : 0.76;-0.59;-0.01;-25.39;-23.56;-47.67
452295.00ms : 0.74;-0.58;-0.01;-22.58;-24.41;-46.63
452315.00ms : 0.73;-0.59;-0.02;-21.18;-25.15;-44.98
452335.00ms : 0.71;-0.61;-0.00;-21.00;-24.54;-44.37
452355.00ms : 0.71;-0.62;0.00;-22.09;-24.29;-44.01
452375.00ms : 0.69;-0.62;-0.01;-21.12;-24.11;-44.68
452395.00ms : 0.66;-0.60;-0.00;-19.96;-23.80;-40.89
452415.00ms : 0.65;-0.58;0.00;-14.95;-24.23;-38.45
452435.00ms : 0.63;-0.60;0.02;-9.22;-23.07;-34.91
452455.00ms : 0.63;-0.58;0.03;-3.42;-23.32;-34.36
452475.00ms : 0.60;-0.60;0.01;1.04;-23.13;-33.39
452495.00ms : 0.56;-0.63;0.04;3.11;-24.17;-32.47
452515.00ms : 0.58;-0.66;0.06;6.04;-24.11;-33.75
452535.00ms : 0.56;-0.72;0.05;4.27;-21.61;-33.87
452555.00ms : 0.53;-0.72;0.06;2.62;-20.75;-34.61
452575.00ms : 0.51;-0.75;0.08;-0.61;-18.01;-33.63
452595.00ms : 0.50;-0.76;0.09;-5.74;-16.66;-36.50
452615.00ms : 0.50;-0.75;0.11;-10.56;-16.11;-38.15
452635.00ms : 0.48;-0.75;0.13;-14.22;-14.53;-37.90
452655.00ms : 0.45;-0.78;0.15;-18.98;-13.67;-37.84
452675.00ms : 0.46;-0.77;0.16;-23.56;-14.53;-38.33
452695.00ms : 0.47;-0.73;0.17;-24.29;-16.97;-38.02
452715.00ms : 0.45;-0.74;0.18;-23.62;-18.49;-37.17
452735.00ms : 0.42;-0.74;0.20;-23.93;-19.65;-36.25
452755.00ms : 0.42;-0.72;0.21;-24.54;-21.61;-36.74
452775.00ms : 0.42;-0.69;0.19;-24.11;-23.74;-36.38
452795.00ms : 0.40;-0.69;0.20;-21.06;-25.70;-35.89
452815.00ms : 0.38;-0.70;0.17;-20.20;-27.28;-34.79
452835.00ms : 0.38;-0.71;0.16;-20.51;-27.22;-33.75
452855.00ms : 0.37;-0.72;0.17;-22.09;-25.70;-32.78
452875.00ms : 0.36;-0.69;0.17;-23.19;-25.39;-32.17
452895.00ms : 0.33;-0.69;0.17;-23.25;-23.68;-32.71
452915.00ms : 0.31;-0.71;0.18;-24.35;-21.91;-31.86
452935.00ms : 0.31;-0.69;0.19;-24.78;-21.00;-31.92
452955.00ms : 0.31;-0.67;0.16;-21.48;-20.81;-29.91
452975.00ms : 0.28;-0.68;0.18;-14.53;-21.91;-28.93
452995.00ms : 0.24;-0.68;0.19;-11.29;-20.75;-27.53
453015.00ms : 0.22;-0.71;0.17;-9.77;-17.64;-27.40
453035.00ms : 0.22;-0.78;0.18;-15.26;-13.73;-26.37
453055.00ms : 0.22;-0.78;0.19;-22.28;-9.95;-28.32
453075.00ms : 0.23;-0.75;0.20;-26.49;-8.00;-30.33
453095.00ms : 0.23;-0.70;0.21;-25.88;-6.16;-31.37
453115.00ms : 0.21;-0.67;0.22;-23.50;-3.66;-30.46
453135.00ms : 0.21;-0.65;0.24;-18.31;-5.07;-29.72
453155.00ms : 0.18;-0.66;0.26;-12.57;-7.08;-29.24
453175.00ms : 0.16;-0.67;0.27;-11.29;-7.69;-28.63
453195.00ms : 0.15;-0.64;0.29;-10.38;-8.48;-26.49
453215.00ms : 0.16;-0.63;0.28;-7.69;-10.13;-24.72
453235.00ms : 0.15;-0.64;0.27;-6.65;-11.41;-23.62
453255.00ms : 0.14;-0.63;0.28;-6.41;-12.33;-22.64
453275.00ms : 0.13;-0.64;0.28;-6.77;-12.70;-21.36
453295.00ms : 0.12;-0.65;0.27;-7.63;-11.90;-19.90
453315.00ms : 0.12;-0.63;0.26;-7.45;-13.24;-19.78
453335.00ms : 0.14;-0.57;0.26;-3.54;-15.69;-18.55
453355.00ms : 0.11;-0.61;0.24;-0.06;-16.30;-14.89
453375.00ms : 0.10;-0.67;0.25;1.65;-16.78;-12.08
453395.00ms : 0.10;-0.63;0.25;3.42;-16.91;-10.99
453415.00ms : 0.09;-0.61;0.25;6.65;-16.17;-7.63
453435.00ms : 0.08;-0.62;0.24;8.48;-15.32;-5.74
453455.00ms : 0.06;-0.68;0.23;7.02;-13.55;-5.43
453475.00ms : 0.06;-0.67;0.26;5.62;-13.43;-5.74
453495.00ms : 0.06;-0.64;0.26;6.53;-10.99;-4.82
453515.00ms : 0.05;-0.66;0.22;3.66;-7.69;-3.48
453535.00ms : 0.04;-0.68;0.21;-0.98;-4.76;-2.20
453555.00ms : 0.03;-0.65;0.24;-3.60;-3.85;-2.81
453575.00ms : 0.04;-0.65;0.24;-5.00;-1.71;-2.99
453595.00ms : 0.06;-0.63;0.22;-5.00;-0.24;-2.08
453615.00ms : 0.05;-0.66;0.21;-3.85;3.05;3.17
453635.00ms : 0.05;-0.69;0.25;-3.60;4.82;4.03
453655.00ms : 0.05;-0.64;0.25;-2.87;4.88;4.46
453675.00ms : 0.06;-0.62;0.25;-0.67;4.82;5.37
453695.00ms : 0.07;-0.64;0.25;1.59;4.46;5.43
453715.00ms : 0.07;-0.65;0.25;3.30;4.82;6.23
453735.00ms : 0.06;-0.66;0.25;4.39;4.03;6.10
453755.00ms : 0.07;-0.66;0.25;6.04;4.46;7.45
453775.00ms : 0.09;-0.66;0.24;6.77;6.10;7.87
453795.00ms : 0.07;-0.66;0.25;5.07;9.40;9.89
453815.00ms : 0.07;-0.66;0.25;3.30;9.77;9.16
453835.00ms : 0.08;-0.66;0.26;2.56;10.93;10.01
453855.00ms : 0.09;-0.66;0.23;4.39;10.80;12.02
453875.00ms : 0.08;-0.69;0.25;6.04;11.11;16.91
453895.00ms : 0.10;-0.67;0.25;8.24;9.77;17.64
453915.00ms : 0.11;-0.66;0.28;11.84;9.09;16.66
453935.00ms : 0.12;-0.67;0.27;14.34;8.30;16.72
453955.00ms : 0.10;-0.72;0.26;13.12;10.07;17.27
453975.00ms : 0.11;-0.73;0.26;8.06;10.80;15.93
453995.00ms : 0.13;-0.68;0.26;7.02;10.62;15.93
454015.00ms : 0.17;-0.65;0.25;10.74;9.83;16.66
454035.00ms : 0.17;-0.67;0.23;13.92;10.44;18.37
454055.00ms : 0.16;-0.68;0.23;13.79;10.80;19.29
454075.00ms : 0.17;-0.67;0.21;14.10;10.13;18.68
454095.00ms : 0.19;-0.64;0.21;16.42;9.16;18.92
454115.00ms : 0.21;-0.65;0.21;19.41;9.09;21.36
454135.00ms : 0.20;-0.69;0.18;19.71;11.35;24.48
454155.00ms : 0.21;-0.70;0.18;17.15;12.15;25.76
454175.00ms : 0.22;-0.68;0.17;16.97;10.99;26.12
454195.00ms : 0.23;-0.68;0.17;17.52;11.60;27.10
454215.00ms : 0.25;-0.66;0.14;17.46;13.92;29.05
454235.00ms : 0.27;-0.68;0.14;17.64;16.17;30.88
454255.00ms : 0.29;-0.69;0.14;18.80;18.92;33.33
454275.00ms : 0.30;-0.75;0.14;17.33;21.91;34.73
454295.00ms : 0.29;-0.73;0.14;15.32;23.07;36.25
454315.00ms : 0.31;-0.76;0.16;16.42;23.01;36.87
454335.00ms : 0.32;-0.76;0.17;18.19;21.55;37.35
454355.00ms : 0.33;-0.76;0.19;20.32;21.24;38.64
454375.00ms : 0.33;-0.73;0.19;23.62;19.78;39.00
454395.00ms : 0.36;-0.76;0.19;29.60;17.09;38.76
454415.00ms : 0.35;-0.80;0.18;31.92;14.71;40.10
454435.00ms : 0.34;-0.82;0.19;30.46;12.39;38.94
454455.00ms : 0.36;-0.80;0.18;26.43;10.31;37.72
454475.00ms : 0.41;-0.81;0.17;23.80;9.83;36.19
454495.00ms : 0.41;-0.79;0.18;19.96;9.77;34.42
454515.00ms : 0.41;-0.77;0.16;17.82;9.09;33.39
454535.00ms : 0.42;-0.74;0.12;15.99;8.54;31.37
454555.00ms : 0.46;-0.76;0.10;17.33;8.24;30.82
454575.00ms : 0.45;-0.77;0.07;16.05;8.79;30.33
454595.00ms : 0.46;-0.76;0.05;12.33;11.11;28.56
454615.00ms : 0.46;-0.78;0.07;6.96;12.45;27.04
454635.00ms : 0.47;-0.75;0.10;-1.77;13.37;28.38
454655.00ms : 0.49;-0.70;0.09;-10.50;16.11;31.92
454675.00ms : 0.52;-0.62;0.08;-12.45;18.43;33.75
454695.00ms : 0.56;-0.58;0.10;-5.92;15.99;36.50
454715.00ms : 0.59;-0.60;0.10;5.43;10.86;39.06
454735.00ms : 0.57;-0.66;0.07;14.04;8.30;41.87
454755.00ms : 0.58;-0.67;0.05;19.04;5.68;43.88
454775.00ms : 0.61;-0.64;0.04;23.25;3.91;45.04
454795.00ms : 0.60;-0.67;0.03;27.71;4.15;48.28
454815.00ms : 0.59;-0.74;-0.01;27.71;3.78;51.27
454835.00ms : 0.61;-0.71;-0.04;24.05;4.15;48.16
454855.00ms : 0.65;-0.68;-0.04;22.34;5.43;44.86
454875.00ms : 0.65;-0.65;-0.03;24.72;8.06;46.02
454895.00ms : 0.65;-0.71;-0.05;25.76;11.41;47.18
454915.00ms : 0.66;-0.75;-0.09;23.50;13.73;45.78
454935.00ms : 0.66;-0.72;-0.06;20.32;14.59;44.98
454955.00ms : 0.67;-0.69;-0.05;19.71;15.69;45.53
454975.00ms : 0.73;-0.66;-0.06;21.61;16.11;45.35
454995.00ms : 0.75;-0.66;-0.06;25.63;18.55;47.30
455015.00ms : 0.74;-0.69;-0.05;24.60;20.14;48.03
455035.00ms : 0.70;-0.69;-0.06;21.12;19.59;48.71
455055.00ms : 0.72;-0.67;-0.05;16.05;19.17;47.61
455075.00ms : 0.74;-0.65;-0.03;9.34;21.00;43.76
455095.00ms : 0.80;-0.60;-0.01;5.07;20.94;42.60
455115.00ms : 0.80;-0.59;-0.02;6.29;21.00;43.09
455135.00ms : 0.74;-0.62;-0.04;9.28;18.43;43.88
455155.00ms : 0.74;-0.62;-0.05;9.09;14.53;41.81
455175.00ms : 0.77;-0.60;-0.04;7.81;11.96;38.33
455195.00ms : 0.81;-0.56;-0.05;7.26;9.52;37.54
455215.00ms : 0.81;-0.61;-0.10;10.07;10.38;36.93
455235.00ms : 0.78;-0.64;-0.12;9.89;10.19;34.30
455255.00ms : 0.75;-0.64;-0.13;2.87;12.63;31.68
455275.00ms : 0.80;-0.61;-0.13;-5.25;14.59;25.45
455295.00ms : 0.82;-0.55;-0.15;-5.92;16.72;24.96
455315.00ms : 0.81;-0.55;-0.18;-1.89;17.46;26.06
455335.00ms : 0.83;-0.55;-0.18;2.93;15.50;21.61
455355.00ms : 0.85;-0.51;-0.17;7.32;13.67;18.98
455375.00ms : 0.84;-0.54;-0.17;15.69;11.60;20.94
455395.00ms : 0.83;-0.57;-0.18;22.22;9.70;23.38
455415.00ms : 0.83;-0.52;-0.17;24.29;6.16;23.50
455435.00ms : 0.88;-0.43;-0.17;26.92;4.39;21.24
455455.00ms : 0.90;-0.44;-0.20;31.31;4.21;20.69
455475.00ms : 0.84;-0.49;-0.19;34.36;3.78;21.18
455495.00ms : 0.85;-0.50;-0.19;30.94;3.48;22.95
455515.00ms : 0.87;-0.47;-0.18;28.14;2.08;20.75
455535.00ms : 0.89;-0.46;-0.20;27.22;1.65;20.81
455555.00ms : 0.88;-0.46;-0.21;28.02;1.71;22.34
455575.00ms : 0.89;-0.47;-0.23;29.42;0.18;22.28
455595.00ms : 0.88;-0.46;-0.20;29.17;-2.38;23.56
455615.00ms : 0.88;-0.45;-0.23;29.11;-4.09;24.17
455635.00ms : 0.86;-0.44;-0.21;28.81;-2.93;25.21
455655.00ms : 0.86;-0.45;-0.21;27.04;-3.66;24.41
455675.00ms : 0.91;-0.43;-0.23;26.00;-4.39;21.79
455695.00ms : 0.91;-0.45;-0.23;27.95;-5.00;20.94
455715.00ms : 0.88;-0.49;-0.26;27.77;-3.17;20.20
455735.00ms : 0.85;-0.51;-0.23;16.91;0.79;18.19
455755.00ms : 0.87;-0.50;-0.25;5.92;3.48;14.89
455775.00ms : 0.88;-0.49;-0.25;-1.22;6.90;9.95
455795.00ms : 0.89;-0.46;-0.24;-6.84;9.28;7.45
455815.00ms : 0.87;-0.46;-0.26;-9.28;9.34;6.90
455835.00ms : 0.85;-0.50;-0.24;-11.47;9.77;4.76
455855.00ms : 0.87;-0.47;-0.26;-15.56;10.25;3.48
455875.00ms : 0.89;-0.46;-0.29;-14.89;10.86;0.79
455895.00ms : 0.89;-0.43;-0.26;-12.70;11.54;0.79
455915.00ms : 0.89;-0.46;-0.26;-10.68;9.64;-0.67
455935.00ms : 0.92;-0.41;-0.21;-6.77;5.07;-0.98
455955.00ms : 0.94;-0.35;-0.22;0.06;0.67;1.71
455975.00ms : 0.94;-0.35;-0.20;7.14;-0.67;5.00
455995.00ms : 0.95;-0.34;-0.23;10.50;-2.69;6.47
456015.00ms : 0.95;-0.33;-0.23;12.21;-3.11;7.75
456035.00ms : 0.92;-0.33;-0.26;13.37;-3.30;7.63
456055.00ms : 0.90;-0.37;-0.28;13.37;-2.56;7.32
456075.00ms : 0.90;-0.42;-0.28;12.15;-2.14;5.49
456095.00ms : 0.89;-0.41;-0.27;10.56;-3.60;5.98
456115.00ms : 0.89;-0.41;-0.24;5.43;-3.05;6.29
456135.00ms : 0.93;-0.37;-0.26;3.60;-3.48;5.07
456155.00ms : 0.97;-0.38;-0.31;4.09;-3.42;3.36
456175.00ms : 0.97;-0.33;-0.31;8.24;-4.64;3.85
456195.00ms : 0.95;-0.36;-0.29;12.63;-5.00;4.82
456215.00ms : 0.91;-0.37;-0.28;10.31;-4.46;3.85
456235.00ms : 0.93;-0.34;-0.29;8.42;-2.38;3.66
456255.00ms : 0.92;-0.37;-0.28;7.57;-1.22;4.09
456275.00ms : 0.92;-0.37;-0.29;7.63;-1.10;3.05
456295.00ms : 0.93;-0.38;-0.28;5.55;-0.98;2.62
456315.00ms : 0.93;-0.37;-0.27;4.27;-0.79;1.22
456335.00ms : 0.92;-0.37;-0.25;3.36;1.46;1.28
456355.00ms : 0.92;-0.37;-0.24;1.04;3.30;-0.31
456375.00ms : 0.92;-0.39;-0.27;-4.70;4.94;-0.92
456395.00ms : 0.93;-0.38;-0.30;-10.01;5.68;-3.42
456415.00ms : 0.94;-0.39;-0.34;-11.54;4.70;-2.44
456435.00ms : 0.92;-0.38;-0.32;-9.46;3.42;-1.04
456455.00ms : 0.92;-0.39;-0.30;-10.80;3.23;-0.55
456475.00ms : 0.93;-0.40;-0.28;-11.11;3.30;-3.42
456495.00ms : 0.93;-0.35;-0.29;-9.09;1.71;-3.54
456515.00ms : 0.94;-0.35;-0.29;-6.77;1.40;-2.20
456535.00ms : 0.93;-0.36;-0.28;-5.98;0.37;-1.16
456555.00ms : 0.93;-0.35;-0.27;-5.43;0.12;-1.65
456575.00ms : 0.94;-0.32;-0.28;-2.32;-1.16;-1.34
456595.00ms : 0.94;-0.33;-0.28;2.56;-2.26;-0.55
456615.00ms : 0.93;-0.36;-0.30;5.86;-2.75;0.12
456635.00ms : 0.93;-0.37;-0.28;5.86;-2.93;-0.55
456655.00ms : 0.92;-0.39;-0.29;3.48;-2.93;-0.98
456675.00ms : 0.92;-0.38;-0.30;1.71;-2.99;-1.22
456695.00ms : 0.92;-0.38;-0.29;0.92;-2.08;0.00
456715.00ms : 0.92;-0.39;-0.28;-0.06;-1.46;-0.73
456735.00ms : 0.93;-0.38;-0.28;-1.16;-1.77;-1.53
456755.00ms : 0.92;-0.37;-0.27;-0.98;-1.89;-1.04
456775.00ms : 0.92;-0.38;-0.28;-1.16;-1.59;-0.37
456795.00ms : 0.92;-0.37;-0.28;-1.65;-0.92;-0.43
456815.00ms : 0.93;-0.37;-0.28;-0.85;-1.95;-0.55
456835.00ms : 0.92;-0.37;-0.28;0.92;-2.26;0.85
456855.00ms : 0.92;-0.39;-0.28;0.79;-1.77;1.16
456875.00ms : 0.92;-0.38;-0.28;0.37;-2.32;0.61
456895.00ms : 0.93;-0.38;-0.29;-0.37;-2.38;0.18
456915.00ms : 0.92;-0.38;-0.29;0.06;-2.44;0.73
456935.00ms : 0.91;-0.40;-0.28;-0.79;-1.10;0.49
456955.00ms : 0.92;-0.38;-0.27;-2.56;-1.28;-0.18
456975.00ms : 0.93;-0.36;-0.27;-2.20;-1.04;0.18
456995.00ms : 0.93;-0.38;-0.28;-2.14;-0.73;-0.12
457015.00ms : 0.92;-0.38;-0.29;-2.26;-1.16;-1.53
457035.00ms : 0.92;-0.37;-0.28;-1.77;-0.98;-0.12
457055.00ms : 0.92;-0.36;-0.27;-1.40;-1.10;0.61
457075.00ms : 0.92;-0.37;-0.27;-0.43;-0.79;1.22
457095.00ms : 0.92;-0.38;-0.27;-0.12;-0.79;0.79
457115.00ms : 0.92;-0.37;-0.29;0.12;-1.53;0.61
457135.00ms : 0.93;-0.38;-0.29;-0.31;-1.46;1.53
457155.00ms : 0.92;-0.38;-0.28;-0.73;-1.22;0.92
457175.00ms : 0.92;-0.38;-0.27;-0.49;-0.92;0.61
457195.00ms : 0.93;-0.37;-0.29;-0.24;-1.40;1.22
457215.00ms : 0.92;-0.38;-0.28;0.00;-1.04;2.08
457235.00ms : 0.92;-0.38;-0.28;-0.67;-0.98;0.92
457255.00ms : 0.92;-0.36;-0.28;-0.18;-1.22;0.61
457275.00ms : 0.93;-0.37;-0.28;0.12;-1.16;1.28
457295.00ms : 0.91;-0.38;-0.29;0.00;-1.40;1.59
457315.00ms : 0.93;-0.38;-0.28;-0.73;-1.40;1.34
457335.00ms : 0.92;-0.38;-0.28;-0.55;-0.98;1.04
457355.00ms : 0.93;-0.38;-0.28;-1.46;-1.16;0.79
457375.00ms : 0.92;-0.37;-0.28;-1.77;-1.04;0.49
457395.00ms : 0.92;-0.38;-0.28;-2.14;-0.73;0.98
457415.00ms : 0.92;-0.37;-0.28;-2.01;-0.98;0.85
457435.00ms : 0.92;-0.36;-0.28;-1.10;-1.22;1.04
457455.00ms : 0.92;-0.36;-0.28;-0.49;-1.34;0.73
457475.00ms : 0.93;-0.37;-0.29;-0.43;-1.16;0.92
457495.00ms : 0.93;-0.36;-0.28;-0.37;-1.53;0.98
457515.00ms : 0.93;-0.37;-0.28;-0.31;-1.40;1.59
457535.00ms : 0.92;-0.36;-0.28;-0.43;-1.65;0.85
457555.00ms : 0.93;-0.36;-0.28;0.12;-1.95;0.79
457575.00ms : 0.93;-0.36;-0.28;0.85;-2.26;0.98
457595.00ms : 0.92;-0.38;-0.29;0.24;-2.08;1.16
457615.00ms : 0.92;-0.37;-0.28;-0.31;-1.83;0.37
457635.00ms : 0.94;-0.35;-0.28;0.00;-2.56;0.06
457655.00ms : 0.92;-0.36;-0.27;0.98;-2.32;0.98
457675.00ms : 0.92;-0.37;-0.28;1.04;-2.62;1.16
457695.00ms : 0.93;-0.37;-0.28;0.98;-2.62;0.55
457715.00ms : 0.92;-0.37;-0.27;1.16;-2.62;0.18
457735.00ms : 0.93;-0.37;-0.28;0.92;-2.81;0.49
457755.00ms : 0.92;-0.38;-0.28;0.67;-2.75;0.24
457775.00ms : 0.92;-0.38;-0.27;-0.18;-2.38;0.31
457795.00ms : 0.93;-0.36;-0.27;0.67;-3.05;0.37
457815.00ms : 0.93;-0.37;-0.28;1.04;-2.81;0.37
457835.00ms : 0.92;-0.36;-0.28;-0.18;-2.99;0.24
457855.00ms : 0.92;-0.38;-0.27;-1.40;-1.71;0.00
457875.00ms : 0.92;-0.37;-0.28;-2.62;-2.32;-0.67
457895.00ms : 0.93;-0.36;-0.28;-1.28;-2.87;-0.79
457915.00ms : 0.92;-0.37;-0.27;-0.18;-2.99;-0.24
457935.00ms : 0.92;-0.36;-0.27;-0.06;-3.36;-0.49
457955.00ms : 0.93;-0.36;-0.27;0.67;-3.23;-0.31
457975.00ms : 0.92;-0.39;-0.27;-0.43;-3.05;0.55
457995.00ms : 0.92;-0.40;-0.28;-2.69;-2.44;-0.61
458015.00ms : 0.93;-0.39;-0.27;-4.46;-2.38;-1.83
458035.00ms : 0.93;-0.39;-0.27;-5.37;-2.50;-2.50
458055.00ms : 0.93;-0.40;-0.28;-7.14;-1.89;-3.30
458075.00ms : 0.92;-0.41;-0.26;-9.22;-1.59;-3.17
458095.00ms : 0.92;-0.43;-0.27;-11.66;-0.79;-4.58
458115.00ms : 0.92;-0.43;-0.26;-14.53;-1.16;-5.00
458135.00ms : 0.91;-0.45;-0.24;-17.40;-0.24;-5.92
458155.00ms : 0.92;-0.43;-0.24;-20.20;-0.85;-8.18
458175.00ms : 0.92;-0.41;-0.23;-20.39;-2.20;-8.67
458195.00ms : 0.93;-0.39;-0.22;-21.42;-5.31;-4.15
458215.00ms : 0.91;-0.31;-0.14;-14.59;-11.17;1.34
458235.00ms : 0.88;-0.40;-0.13;-4.39;-17.15;0.18
458255.00ms : 0.86;-0.41;-0.18;7.69;-21.79;-5.31
458275.00ms : 0.87;-0.42;-0.19;16.85;-23.01;-6.71
458295.00ms : 0.84;-0.52;-0.17;17.03;-21.55;-10.93
458315.00ms : 0.80;-0.61;-0.21;4.94;-17.52;-19.59
458335.00ms : 0.81;-0.63;-0.21;-11.90;-11.11;-28.20
458355.00ms : 0.85;-0.57;-0.22;-23.62;-8.12;-34.55
458375.00ms : 0.87;-0.52;-0.20;-26.18;-6.90;-33.81
458395.00ms : 0.91;-0.52;-0.17;-23.32;-10.31;-34.61
458415.00ms : 0.89;-0.51;-0.17;-19.78;-12.27;-33.51
458435.00ms : 0.89;-0.53;-0.17;-20.45;-13.18;-35.28
458455.00ms : 0.85;-0.53;-0.14;-22.46;-13.85;-37.41
458475.00ms : 0.86;-0.52;-0.14;-23.38;-14.04;-39.92
458495.00ms : 0.86;-0.51;-0.15;-22.77;-14.95;-40.34
458515.00ms : 0.86;-0.53;-0.13;-22.64;-14.65;-42.18
458535.00ms : 0.86;-0.50;-0.14;-22.34;-16.24;-41.50
458555.00ms : 0.85;-0.46;-0.12;-18.80;-18.25;-34.06
458575.00ms : 0.87;-0.50;-0.13;-12.08;-21.36;-33.57
458595.00ms : 0.85;-0.47;-0.16;-0.92;-24.41;-37.11
458615.00ms : 0.86;-0.52;-0.15;7.26;-26.55;-36.56
458635.00ms : 0.83;-0.53;-0.15;12.57;-29.05;-33.39
458655.00ms : 0.80;-0.58;-0.12;17.27;-28.87;-32.90
458675.00ms : 0.74;-0.64;-0.11;14.47;-26.00;-34.48
458695.00ms : 0.77;-0.64;-0.13;6.23;-21.91;-36.93
458715.00ms : 0.76;-0.63;-0.12;1.10;-17.82;-38.82
458735.00ms : 0.75;-0.66;-0.10;-5.00;-14.28;-39.55
458755.00ms : 0.73;-0.68;-0.12;-8.36;-13.98;-44.80
458775.00ms : 0.73;-0.67;-0.10;-13.24;-12.51;-44.56
458795.00ms : 0.74;-0.65;-0.08;-14.95;-13.31;-44.62
458815.00ms : 0.73;-0.65;-0.06;-13.92;-13.43;-41.50
458835.00ms : 0.72;-0.65;-0.04;-11.54;-16.48;-43.82
458855.00ms : 0.71;-0.67;-0.04;-11.84;-16.36;-42.48
458875.00ms : 0.70;-0.69;-0.03;-12.33;-17.64;-41.56
458895.00ms : 0.67;-0.70;-0.01;-14.04;-18.98;-39.92
458915.00ms : 0.66;-0.69;-0.02;-18.92;-18.13;-41.26
458935.00ms : 0.68;-0.67;-0.00;-22.77;-17.58;-43.27
458955.00ms : 0.67;-0.69;-0.01;-23.86;-16.42;-43.27
458975.00ms : 0.64;-0.72;0.01;-26.98;-15.38;-43.27
458995.00ms : 0.62;-0.68;0.02;-31.49;-15.75;-42.66
459015.00ms : 0.64;-0.67;0.02;-32.78;-16.11;-41.20
459035.00ms : 0.62;-0.70;-0.00;-33.39;-15.01;-40.22
459055.00ms : 0.61;-0.73;0.01;-35.10;-15.50;-41.69
459075.00ms : 0.59;-0.72;0.04;-38.09;-15.44;-41.44
459095.00ms : 0.59;-0.70;0.05;-38.09;-16.97;-41.56
459115.00ms : 0.56;-0.70;0.06;-34.85;-16.24;-38.88
459135.00ms : 0.53;-0.73;0.06;-33.51;-15.93;-37.72
459155.00ms : 0.52;-0.72;0.07;-31.62;-18.19;-38.51
459175.00ms : 0.51;-0.70;0.07;-27.16;-20.63;-39.49
459195.00ms : 0.51;-0.70;0.08;-19.78;-21.85;-40.53
459215.00ms : 0.49;-0.71;0.10;-14.16;-23.01;-39.61
459235.00ms : 0.47;-0.74;0.11;-10.13;-23.56;-40.28
459255.00ms : 0.46;-0.77;0.10;-10.07;-22.71;-40.65
459275.00ms : 0.46;-0.75;0.10;-10.38;-22.40;-41.26
459295.00ms : 0.46;-0.72;0.11;-7.57;-22.40;-41.44
459315.00ms : 0.42;-0.70;0.12;-2.44;-22.58;-39.92
459335.00ms : 0.42;-0.68;0.13;2.44;-23.01;-40.59
459355.00ms : 0.42;-0.70;0.12;7.02;-23.68;-39.79
459375.00ms : 0.41;-0.73;0.11;10.86;-23.50;-41.81
459395.00ms : 0.37;-0.76;0.10;12.02;-23.07;-40.89
459415.00ms : 0.34;-0.78;0.12;13.92;-23.74;-43.09
459435.00ms : 0.31;-0.82;0.11;12.51;-23.25;-41.99
459455.00ms : 0.31;-0.79;0.10;9.22;-21.48;-41.75
459475.00ms : 0.29;-0.79;0.11;5.98;-18.49;-41.08
459495.00ms : 0.27;-0.79;0.14;2.14;-16.05;-40.04
459515.00ms : 0.25;-0.81;0.13;-4.64;-13.79;-37.29
459535.00ms : 0.23;-0.83;0.16;-13.24;-12.57;-37.29
459555.00ms : 0.24;-0.76;0.19;-20.57;-12.70;-36.93
459575.00ms : 0.25;-0.68;0.17;-22.58;-12.02;-32.78
459595.00ms : 0.23;-0.73;0.19;-21.55;-9.95;-28.63
459615.00ms : 0.22;-0.76;0.19;-22.40;-11.17;-28.44
459635.00ms : 0.20;-0.79;0.18;-25.27;-12.02;-29.11
459655.00ms : 0.19;-0.79;0.19;-28.87;-12.76;-29.30
459675.00ms : 0.19;-0.76;0.19;-30.52;-12.21;-28.14
459695.00ms : 0.18;-0.73;0.19;-29.24;-12.33;-26.06
459715.00ms : 0.19;-0.71;0.18;-25.27;-13.37;-23.86
459735.00ms : 0.17;-0.73;0.18;-19.41;-13.73;-23.01
459755.00ms : 0.16;-0.73;0.17;-15.26;-13.73;-22.58
459775.00ms : 0.14;-0.75;0.17;-10.86;-14.59;-21.24
459795.00ms : 0.13;-0.74;0.18;-7.57;-15.01;-20.32
459815.00ms : 0.11;-0.74;0.17;-5.13;-14.10;-20.02
459835.00ms : 0.09;-0.78;0.17;-5.13;-12.39;-20.39
459855.00ms : 0.10;-0.74;0.18;-6.16;-13.18;-21.00
459875.00ms : 0.08;-0.75;0.19;-2.93;-12.51;-20.26
459895.00ms : 0.06;-0.74;0.18;-2.14;-11.90;-21.55
459915.00ms : 0.06;-0.68;0.20;0.55;-11.78;-21.06
459935.00ms : 0.06;-0.70;0.19;1.89;-10.31;-21.12
459955.00ms : 0.06;-0.72;0.19;-1.16;-8.91;-19.04
459975.00ms : 0.04;-0.76;0.17;-6.84;-6.90;-18.07
459995.00ms : 0.05;-0.70;0.18;-11.29;-6.35;-17.40
460015.00ms : 0.07;-0.67;0.18;-10.01;-6.23;-15.32
460035.00ms : 0.05;-0.69;0.18;-7.02;-4.70;-11.84
460055.00ms : 0.04;-0.72;0.18;-6.84;-3.97;-8.61
460075.00ms : 0.03;-0.69;0.18;-5.25;-4.09;-6.29
460095.00ms : 0.04;-0.68;0.19;-2.01;-4.03;-4.09
460115.00ms : 0.04;-0.71;0.18;1.28;-2.32;-3.36
460135.00ms : 0.01;-0.72;0.23;1.28;-0.98;-2.01
460155.00ms : -0.01;-0.73;0.21;-1.89;-1.53;-2.32
460175.00ms : 0.00;-0.70;0.20;-3.60;-0.85;-1.83
460195.00ms : 0.02;-0.69;0.21;-4.09;0.92;-1.89
460215.00ms : 0.03;-0.67;0.23;-1.95;1.28;0.43
460235.00ms : 0.02;-0.69;0.21;-1.40;0.67;2.32
460255.00ms : 0.02;-0.68;0.18;2.01;-1.46;3.72
460275.00ms : 0.02;-0.67;0.20;4.88;-0.98;5.13
460295.00ms : 0.03;-0.66;0.20;7.93;-0.92;7.51
460315.00ms : 0.05;-0.65;0.17;11.11;0.18;10.38
460335.00ms : 0.04;-0.71;0.14;10.99;2.44;12.82
460355.00ms : 0.03;-0.71;0.15;8.42;4.46;13.79
460375.00ms : 0.05;-0.71;0.17;5.37;6.47;15.69
460395.00ms : 0.07;-0.69;0.17;4.52;8.61;16.54
460415.00ms : 0.09;-0.64;0.14;5.43;10.44;17.70
460435.00ms : 0.10;-0.64;0.15;12.39;10.68;21.24
460455.00ms : 0.08;-0.72;0.15;15.99;10.68;24.66
460475.00ms : 0.07;-0.73;0.19;16.30;9.95;26.37
460495.00ms : 0.08;-0.70;0.21;16.30;8.73;25.39
460515.00ms : 0.12;-0.67;0.21;16.48;10.74;24.05
460535.00ms : 0.14;-0.73;0.21;11.90;13.85;26.92
460555.00ms : 0.07;-0.85;0.23;2.20;15.81;28.93
460575.00ms : 0.11;-0.78;0.25;-5.07;11.47;25.70
460595.00ms : 0.17;-0.71;0.23;1.53;7.81;25.63
460615.00ms : 0.18;-0.74;0.20;10.13;6.29;30.94
460635.00ms : 0.12;-0.80;0.21;13.98;4.70;36.56
460655.00ms : 0.14;-0.80;0.21;13.00;0.98;35.46
460675.00ms : 0.19;-0.77;0.18;14.53;0.06;32.59
460695.00ms : 0.21;-0.75;0.15;16.60;0.55;32.29
460715.00ms : 0.18;-0.77;0.14;18.01;1.34;34.48
460735.00ms : 0.18;-0.78;0.12;15.08;3.11;34.91
460755.00ms : 0.24;-0.73;0.11;14.16;4.70;34.85
460775.00ms : 0.26;-0.73;0.07;15.50;7.20;35.58
460795.00ms : 0.24;-0.76;0.08;16.11;8.73;36.13
460815.00ms : 0.24;-0.78;0.08;12.94;9.64;36.01
460835.00ms : 0.29;-0.74;0.08;12.33;11.66;36.99
460855.00ms : 0.34;-0.69;0.06;16.48;13.67;37.35
460875.00ms : 0.34;-0.71;0.03;23.38;15.14;43.03
460895.00ms : 0.32;-0.78;0.06;27.10;15.32;47.00
460915.00ms : 0.33;-0.80;0.04;24.23;15.69;45.90
460935.00ms : 0.40;-0.73;0.06;27.59;16.11;45.65
460955.00ms : 0.42;-0.79;0.02;35.46;14.95;49.80
460975.00ms : 0.41;-0.75;0.04;43.46;9.52;54.69
460995.00ms : 0.45;-0.76;0.06;53.10;4.27;60.97
461015.00ms : 0.47;-0.77;0.02;61.83;3.11;63.78
461035.00ms : 0.46;-0.77;0.05;65.49;4.76;65.55
461055.00ms : 0.43;-0.84;0.03;61.16;1.95;64.88
461075.00ms : 0.40;-0.91;0.05;50.42;-0.24;62.68
461095.00ms : 0.43;-0.92;0.08;34.18;-0.55;57.92
461115.00ms : 0.51;-0.82;0.05;23.13;2.38;52.43
461135.00ms : 0.57;-0.77;0.02;23.80;5.37;50.35
461155.00ms : 0.49;-0.84;-0.01;25.21;7.57;53.89
461175.00ms : 0.44;-0.95;-0.00;16.17;8.30;52.80
461195.00ms : 0.48;-0.94;-0.01;1.77;7.87;46.57
461215.00ms : 0.56;-0.89;0.01;-8.30;11.54;42.66
461235.00ms : 0.57;-0.86;-0.02;-12.76;14.22;39.73
461255.00ms : 0.51;-0.86;-0.02;-12.88;13.18;40.04
461275.00ms : 0.51;-0.89;0.01;-16.85;12.51;39.55
461295.00ms : 0.56;-0.86;-0.01;-21.42;12.21;34.91
461315.00ms : 0.61;-0.75;0.01;-19.53;12.21;32.78
461335.00ms : 0.62;-0.69;-0.01;-11.78;11.41;32.53
461355.00ms : 0.63;-0.69;-0.03;-3.60;9.83;33.51
461375.00ms : 0.63;-0.78;-0.06;-1.77;9.83;33.20
461395.00ms : 0.59;-0.78;-0.06;-5.68;7.69;29.36
461415.00ms : 0.62;-0.70;-0.06;-6.41;6.47;30.94
461435.00ms : 0.67;-0.67;-0.05;-3.36;5.07;32.29
461455.00ms : 0.70;-0.65;-0.05;0.49;5.07;32.90
461475.00ms : 0.70;-0.64;-0.06;3.85;7.69;32.10
461495.00ms : 0.70;-0.63;-0.07;5.68;8.67;32.35
461515.00ms : 0.69;-0.64;-0.08;7.51;9.58;34.00
461535.00ms : 0.69;-0.67;-0.07;5.62;11.66;34.30
461555.00ms : 0.72;-0.69;-0.09;0.18;14.28;31.49
461575.00ms : 0.71;-0.64;-0.10;-4.21;16.05;30.33
461595.00ms : 0.70;-0.62;-0.08;-5.98;17.64;32.78
461615.00ms : 0.72;-0.63;-0.08;-8.85;18.49;34.55
461635.00ms : 0.75;-0.64;-0.06;-12.76;20.14;31.19
461655.00ms : 0.78;-0.58;-0.07;-15.08;20.69;26.49
461675.00ms : 0.76;-0.55;-0.09;-13.98;22.16;28.26
461695.00ms : 0.73;-0.58;-0.08;-11.47;22.40;29.05
461715.00ms : 0.75;-0.59;-0.08;-11.90;21.55;26.25
461735.00ms : 0.80;-0.55;-0.08;-12.02;20.69;23.74
461755.00ms : 0.81;-0.53;-0.09;-7.32;20.87;20.81
461775.00ms : 0.83;-0.53;-0.09;-2.38;19.78;22.34
461795.00ms : 0.77;-0.55;-0.12;3.05;18.92;27.04
461815.00ms : 0.81;-0.56;-0.11;6.59;16.05;26.67
461835.00ms : 0.82;-0.55;-0.13;8.79;15.32;29.11
461855.00ms : 0.84;-0.52;-0.13;11.60;13.06;29.30
461875.00ms : 0.82;-0.51;-0.12;15.63;12.21;33.02
461895.00ms : 0.80;-0.52;-0.12;17.76;11.05;32.65
461915.00ms : 0.83;-0.54;-0.13;14.34;11.05;29.91
461935.00ms : 0.85;-0.50;-0.14;12.45;8.42;30.09
461955.00ms : 0.79;-0.54;-0.11;12.15;10.31;30.82
461975.00ms : 0.82;-0.56;-0.15;5.62;10.86;29.42
461995.00ms : 0.82;-0.52;-0.14;1.77;8.97;30.15
462015.00ms : 0.83;-0.56;-0.15;-3.11;8.48;28.02
462035.00ms : 0.85;-0.53;-0.13;-7.81;8.36;22.09
462055.00ms : 0.87;-0.48;-0.15;-9.77;8.61;21.24
462075.00ms : 0.86;-0.46;-0.15;-7.02;8.54;19.17
462095.00ms : 0.86;-0.46;-0.18;-6.96;11.35;16.05
462115.00ms : 0.84;-0.49;-0.19;-9.40;14.95;12.76
462135.00ms : 0.84;-0.46;-0.20;-11.54;14.59;9.09
462155.00ms : 0.86;-0.45;-0.21;-8.97;14.53;6.53
462175.00ms : 0.86;-0.44;-0.21;-4.27;15.08;4.82
462195.00ms : 0.87;-0.44;-0.21;-0.12;13.73;3.54
462215.00ms : 0.87;-0.44;-0.21;3.78;12.76;5.19
462235.00ms : 0.90;-0.44;-0.19;11.17;10.13;2.81
462255.00ms : 0.90;-0.43;-0.18;15.50;6.47;3.36
462275.00ms : 0.87;-0.46;-0.16;16.78;3.42;5.25
462295.00ms : 0.86;-0.50;-0.14;12.27;2.08;2.75
462315.00ms : 0.88;-0.44;-0.14;7.63;0.92;0.18
462335.00ms : 0.90;-0.43;-0.16;3.48;1.89;3.36
462355.00ms : 0.87;-0.44;-0.19;1.65;3.05;2.26
462375.00ms : 0.89;-0.42;-0.22;-0.98;3.97;3.23
462395.00ms : 0.89;-0.49;-0.22;-2.20;7.14;2.44
462415.00ms : 0.85;-0.51;-0.24;-8.12;8.24;3.11
462435.00ms : 0.83;-0.57;-0.21;-16.85;10.93;0.43
462455.00ms : 0.87;-0.53;-0.22;-26.49;10.68;-3.97
462475.00ms : 0.90;-0.46;-0.23;-29.85;8.54;-5.19
462495.00ms : 0.91;-0.41;-0.22;-26.67;5.62;-3.30
462515.00ms : 0.90;-0.36;-0.21;-19.65;3.85;-1.34
462535.00ms : 0.93;-0.31;-0.22;-10.56;1.77;1.22
462555.00ms : 0.94;-0.29;-0.22;-2.44;0.24;2.99
462575.00ms : 0.94;-0.28;-0.23;3.48;-0.49;4.39
462595.00ms : 0.95;-0.30;-0.23;6.96;-0.67;4.76
462615.00ms : 0.94;-0.32;-0.23;9.34;-0.73;5.55
462635.00ms : 0.93;-0.35;-0.24;11.35;0.24;6.77
462655.00ms : 0.90;-0.39;-0.23;13.00;-0.18;5.55
462675.00ms : 0.92;-0.40;-0.25;12.21;-1.16;4.70
462695.00ms : 0.92;-0.44;-0.26;10.07;-1.40;5.25
462715.00ms : 0.89;-0.48;-0.24;6.77;0.67;5.13
462735.00ms : 0.88;-0.50;-0.23;0.92;2.20;2.32
462755.00ms : 0.89;-0.44;-0.24;-4.52;2.69;-1.16
462775.00ms : 0.91;-0.40;-0.24;-8.24;3.36;-0.73
462795.00ms : 0.92;-0.40;-0.24;-8.61;3.60;0.06
462815.00ms : 0.91;-0.40;-0.25;-8.61;3.30;-0.43
462835.00ms : 0.92;-0.34;-0.25;-5.19;1.16;-1.28
462855.00ms : 0.92;-0.31;-0.24;0.06;0.37;1.46
462875.00ms : 0.92;-0.35;-0.24;4.15;1.04;2.26
462895.00ms : 0.92;-0.38;-0.24;4.58;0.55;1.28
462915.00ms : 0.92;-0.37;-0.25;5.31;-0.73;0.67
462935.00ms : 0.92;-0.37;-0.26;7.69;-1.65;1.71
462955.00ms : 0.92;-0.37;-0.25;9.52;-1.65;2.56
462975.00ms : 0.91;-0.41;-0.25;8.73;-1.83;2.56
462995.00ms : 0.90;-0.42;-0.25;6.71;-1.40;2.08
463015.00ms : 0.91;-0.41;-0.25;5.00;-1.89;1.04
463035.00ms : 0.91;-0.39;-0.25;5.13;-1.77;0.92
463055.00ms : 0.90;-0.40;-0.25;4.82;-1.59;2.01
463075.00ms : 0.90;-0.41;-0.26;3.60;-1.28;3.36
463095.00ms : 0.91;-0.42;-0.26;3.60;-1.59;2.20
463115.00ms : 0.91;-0.40;-0.26;2.93;-1.95;0.92
463135.00ms : 0.91;-0.40;-0.25;2.56;-1.65;1.22
463155.00ms : 0.91;-0.39;-0.25;0.92;-0.92;2.38
463175.00ms : 0.90;-0.42;-0.25;-0.85;-0.12;2.44
463195.00ms : 0.91;-0.39;-0.25;-2.32;0.43;1.40
463215.00ms : 0.92;-0.38;-0.24;-1.46;-0.12;1.22
463235.00ms : 0.91;-0.37;-0.26;-0.67;0.24;2.26
463255.00ms : 0.92;-0.40;-0.26;-0.85;0.49;2.69
463275.00ms : 0.92;-0.39;-0.25;-1.16;0.18;1.95
463295.00ms : 0.92;-0.37;-0.26;-0.18;-0.55;1.22
463315.00ms : 0.92;-0.37;-0.26;1.40;-1.34;1.89
463335.00ms : 0.91;-0.37;-0.26;2.50;-1.10;2.50
463355.00ms : 0.91;-0.38;-0.25;2.38;-1.16;2.99
463375.00ms : 0.91;-0.40;-0.25;0.61;-0.49;2.01
463395.00ms : 0.91;-0.39;-0.27;-0.92;-0.43;1.28
463415.00ms : 0.91;-0.37;-0.27;-0.73;-0.98;1.16
463435.00ms : 0.92;-0.38;-0.26;-0.73;-0.85;2.20
463455.00ms : 0.91;-0.39;-0.25;-0.18;-0.73;2.38
463475.00ms : 0.91;-0.39;-0.25;-0.06;-0.67;2.38
463495.00ms : 0.91;-0.38;-0.25;0.55;-1.10;1.83
463515.00ms : 0.92;-0.37;-0.25;1.53;-1.46;2.50
463535.00ms : 0.92;-0.37;-0.26;1.83;-1.53;2.75
463555.00ms : 0.91;-0.38;-0.26;1.34;-1.28;2.56
463575.00ms : 0.92;-0.38;-0.26;0.85;-1.22;2.14
463595.00ms : 0.91;-0.38;-0.26;0.18;-1.40;2.50
463615.00ms : 0.92;-0.38;-0.26;-0.49;-0.67;3.05
463635.00ms : 0.91;-0.39;-0.25;-0.85;-0.61;2.26
463655.00ms : 0.92;-0.37;-0.26;-0.98;-0.79;1.53
463675.00ms : 0.92;-0.37;-0.26;-0.98;-0.98;2.69
463695.00ms : 0.91;-0.39;-0.27;-1.59;-1.04;3.66
463715.00ms : 0.92;-0.39;-0.27;-1.83;-1.16;2.81
463735.00ms : 0.91;-0.39;-0.25;-3.17;-0.61;1.71
463755.00ms : 0.92;-0.37;-0.26;-3.36;-0.55;1.16
463775.00ms : 0.93;-0.34;-0.25;-2.44;-0.98;0.61
463795.00ms : 0.93;-0.34;-0.26;-1.28;-1.22;0.85
463815.00ms : 0.92;-0.34;-0.26;-0.37;-1.28;1.65
463835.00ms : 0.92;-0.36;-0.25;-0.55;-1.40;1.71
463855.00ms : 0.92;-0.37;-0.26;-0.12;-1.59;1.34
463875.00ms : 0.92;-0.36;-0.26;0.06;-1.59;0.85
463895.00ms : 0.92;-0.37;-0.26;-0.12;-1.71;0.85
463915.00ms : 0.91;-0.38;-0.26;-0.37;-1.65;0.67
463935.00ms : 0.92;-0.37;-0.26;-0.12;-2.08;0.37
463955.00ms : 0.92;-0.37;-0.26;-0.43;-1.95;0.73
463975.00ms : 0.92;-0.38;-0.25;-0.67;-1.40;0.12
463995.00ms : 0.92;-0.37;-0.25;-1.16;-1.34;-0.12
464015.00ms : 0.92;-0.37;-0.26;-0.24;-1.89;0.31
464035.00ms : 0.92;-0.38;-0.26;-0.18;-1.95;0.55
464055.00ms : 0.92;-0.38;-0.25;-0.73;-1.71;0.12
464075.00ms : 0.92;-0.37;-0.24;-0.85;-1.77;-0.98
464095.00ms : 0.92;-0.36;-0.26;-1.95;-1.65;0.00
464115.00ms : 0.92;-0.36;-0.25;-1.77;-2.01;0.12
464135.00ms : 0.92;-0.36;-0.25;-1.22;-1.83;0.49
464155.00ms : 0.92;-0.37;-0.25;-1.04;-1.59;0.12
464175.00ms : 0.92;-0.38;-0.25;-0.85;-1.71;-0.43
464195.00ms : 0.91;-0.38;-0.25;-1.46;-1.89;-0.49
464215.00ms : 0.92;-0.37;-0.25;-1.65;-2.01;-0.31
464235.00ms : 0.92;-0.38;-0.26;-1.89;-2.08;-0.24
464255.00ms : 0.92;-0.39;-0.26;-2.14;-2.26;-0.67
464275.00ms : 0.91;-0.39;-0.27;-3.36;-2.14;-0.79
464295.00ms : 0.91;-0.38;-0.26;-4.46;-1.83;-2.01
464315.00ms : 0.94;-0.36;-0.25;-4.46;-2.20;-2.32
464335.00ms : 0.93;-0.36;-0.26;-3.78;-3.54;-0.43
464355.00ms : 0.91;-0.42;-0.25;-4.15;-2.93;-1.04
464375.00ms : 0.94;-0.43;-0.25;-6.47;-4.64;-2.93
464395.00ms : 0.92;-0.41;-0.21;-4.76;-5.68;-3.23
464415.00ms : 0.91;-0.40;-0.21;-3.78;-6.84;-1.77
464435.00ms : 0.92;-0.40;-0.21;-3.85;-7.39;0.49
464455.00ms : 0.94;-0.37;-0.19;-6.90;-8.42;4.76
464475.00ms : 0.93;-0.43;-0.19;-13.55;-5.31;4.94
464495.00ms : 0.91;-0.40;-0.11;-11.90;-9.40;4.82
464515.00ms : 0.90;-0.42;-0.16;-10.44;-12.45;3.60
464535.00ms : 0.91;-0.41;-0.17;-8.48;-14.22;3.54
464555.00ms : 0.93;-0.40;-0.20;-2.38;-15.20;0.79
464575.00ms : 0.90;-0.41;-0.21;4.15;-15.50;-2.56
464595.00ms : 0.87;-0.48;-0.18;5.13;-15.75;-4.39
464615.00ms : 0.83;-0.53;-0.15;-4.70;-12.70;-9.22
464635.00ms : 0.84;-0.56;-0.17;-17.70;-9.70;-16.91
464655.00ms : 0.84;-0.55;-0.12;-29.05;-8.00;-23.44
464675.00ms : 0.85;-0.49;-0.17;-37.23;-7.69;-26.12
464695.00ms : 0.87;-0.45;-0.17;-38.02;-8.12;-26.12
464715.00ms : 0.87;-0.43;-0.16;-31.80;-10.50;-25.02
464735.00ms : 0.89;-0.42;-0.17;-22.83;-12.70;-24.54
464755.00ms : 0.92;-0.44;-0.13;-12.63;-18.07;-30.09
464775.00ms : 0.86;-0.50;-0.13;-12.33;-17.46;-29.24
464795.00ms : 0.88;-0.52;-0.14;-15.26;-17.03;-32.71
464815.00ms : 0.87;-0.48;-0.14;-13.12;-18.80;-35.64
464835.00ms : 0.85;-0.48;-0.11;-10.56;-19.29;-35.71
464855.00ms : 0.86;-0.50;-0.10;-9.58;-19.59;-37.84
464875.00ms : 0.86;-0.50;-0.08;-9.70;-20.39;-40.34
464895.00ms : 0.83;-0.52;-0.08;-8.67;-22.03;-42.60
464915.00ms : 0.80;-0.53;-0.05;-8.79;-24.23;-44.37
464935.00ms : 0.77;-0.57;-0.04;-10.80;-26.61;-45.90
464955.00ms : 0.81;-0.52;-0.02;-13.55;-29.97;-48.22
464975.00ms : 0.81;-0.53;-0.01;-10.86;-33.45;-51.21
464995.00ms : 0.81;-0.58;-0.00;-10.25;-33.75;-51.33
465015.00ms : 0.80;-0.64;0.00;-15.14;-32.47;-50.66
465035.00ms : 0.78;-0.67;-0.04;-20.26;-31.98;-53.59
465055.00ms : 0.78;-0.67;-0.01;-24.90;-30.88;-54.87
465075.00ms : 0.78;-0.66;-0.01;-29.05;-28.99;-56.58
465095.00ms : 0.76;-0.62;-0.00;-30.15;-27.34;-55.66
465115.00ms : 0.75;-0.65;-0.02;-29.66;-26.67;-55.48
465135.00ms : 0.70;-0.67;-0.00;-32.17;-25.63;-55.24
465155.00ms : 0.72;-0.63;0.03;-33.45;-26.12;-56.64
465175.00ms : 0.73;-0.60;0.03;-30.94;-26.61;-55.54
465195.00ms : 0.68;-0.61;0.02;-25.76;-26.73;-53.65
465215.00ms : 0.68;-0.62;0.03;-21.24;-28.38;-52.98
465235.00ms : 0.65;-0.62;0.05;-19.53;-28.75;-52.49
465255.00ms : 0.66;-0.61;0.05;-16.48;-29.42;-51.94
465275.00ms : 0.64;-0.61;0.06;-11.60;-29.36;-48.28
465295.00ms : 0.61;-0.63;0.08;-7.87;-29.60;-46.51
465315.00ms : 0.57;-0.65;0.09;-9.89;-27.04;-45.17
465335.00ms : 0.56;-0.65;0.11;-15.75;-24.90;-45.90
465355.00ms : 0.54;-0.67;0.13;-20.87;-22.89;-45.17
465375.00ms : 0.54;-0.72;0.14;-28.02;-21.36;-46.39
465395.00ms : 0.52;-0.70;0.18;-34.73;-20.94;-46.63
465415.00ms : 0.51;-0.71;0.15;-39.86;-20.20;-46.02
465435.00ms : 0.48;-0.66;0.18;-42.18;-19.29;-45.65
465455.00ms : 0.47;-0.61;0.19;-39.00;-21.06;-42.79
465475.00ms : 0.48;-0.61;0.18;-31.80;-23.25;-40.16
465495.00ms : 0.45;-0.65;0.18;-26.49;-23.44;-39.06
465515.00ms : 0.42;-0.69;0.20;-26.06;-23.25;-38.02
465535.00ms : 0.41;-0.69;0.18;-27.16;-23.19;-38.64
465555.00ms : 0.41;-0.63;0.19;-25.33;-23.19;-36.99
465575.00ms : 0.40;-0.64;0.19;-21.97;-21.67;-34.97
465595.00ms : 0.37;-0.67;0.19;-20.81;-19.65;-34.30
465615.00ms : 0.35;-0.66;0.22;-21.24;-18.92;-33.94
465635.00ms : 0.34;-0.65;0.21;-20.20;-19.29;-33.20
465655.00ms : 0.32;-0.62;0.21;-17.33;-19.35;-31.13
465675.00ms : 0.32;-0.63;0.21;-14.71;-18.80;-30.70
465695.00ms : 0.31;-0.63;0.21;-13.92;-18.37;-30.33
465715.00ms : 0.29;-0.65;0.26;-12.57;-17.46;-29.30
465735.00ms : 0.27;-0.65;0.28;-12.45;-17.15;-27.71
465755.00ms : 0.26;-0.63;0.25;-12.45;-15.99;-27.28
465775.00ms : 0.26;-0.62;0.27;-11.29;-14.71;-27.10
465795.00ms : 0.22;-0.67;0.29;-13.12;-13.55;-26.79
465815.00ms : 0.22;-0.70;0.31;-17.27;-14.47;-28.08
465835.00ms : 0.23;-0.66;0.30;-19.53;-16.42;-28.93
465855.00ms : 0.24;-0.62;0.29;-15.38;-15.38;-30.03
465875.00ms : 0.23;-0.61;0.33;-9.70;-15.01;-28.32
465895.00ms : 0.23;-0.66;0.30;-5.86;-14.22;-26.92
465915.00ms : 0.19;-0.70;0.33;-5.74;-12.15;-26.92
465935.00ms : 0.18;-0.67;0.34;-7.63;-13.24;-27.59
465955.00ms : 0.15;-0.63;0.31;-7.32;-14.77;-27.22
465975.00ms : 0.14;-0.66;0.33;-9.09;-16.36;-27.71
465995.00ms : 0.13;-0.65;0.36;-11.66;-19.35;-28.08
466015.00ms : 0.15;-0.57;0.34;-11.90;-22.89;-27.83
466035.00ms : 0.15;-0.53;0.30;-8.42;-23.74;-24.17
466055.00ms : 0.14;-0.55;0.29;-4.94;-22.89;-21.61
466075.00ms : 0.11;-0.59;0.25;-6.90;-20.57;-19.59
466095.00ms : 0.14;-0.58;0.25;-9.22;-19.71;-18.07
466115.00ms : 0.12;-0.56;0.24;-9.89;-18.13;-13.31
466135.00ms : 0.10;-0.56;0.22;-10.80;-14.10;-9.40
466155.00ms : 0.10;-0.53;0.23;-12.51;-10.99;-8.42
466175.00ms : 0.10;-0.53;0.24;-13.92;-7.02;-6.41
466195.00ms : 0.10;-0.57;0.23;-15.26;-3.54;-5.00
466215.00ms : 0.08;-0.55;0.22;-16.24;-2.75;-2.99
466235.00ms : 0.09;-0.52;0.23;-13.79;-1.10;-1.59
466255.00ms : 0.08;-0.53;0.27;-10.80;1.59;0.92
466275.00ms : 0.09;-0.51;0.28;-8.36;1.59;3.36
466295.00ms : 0.09;-0.52;0.28;-3.05;1.59;5.55
466315.00ms : 0.10;-0.56;0.29;1.40;1.53;5.37
466335.00ms : 0.08;-0.58;0.30;4.76;1.83;6.16
466355.00ms : 0.06;-0.60;0.32;6.77;2.81;8.00
466375.00ms : 0.05;-0.60;0.31;6.04;2.93;9.28
466395.00ms : 0.06;-0.61;0.30;5.92;3.30;9.16
466415.00ms : 0.08;-0.59;0.31;7.75;2.44;8.24
466435.00ms : 0.08;-0.60;0.32;11.41;2.32;10.31
466455.00ms : 0.06;-0.66;0.28;12.88;3.60;11.23
466475.00ms : 0.06;-0.68;0.27;11.17;5.74;11.29
466495.00ms : 0.07;-0.63;0.30;10.13;7.14;10.74
466515.00ms : 0.08;-0.61;0.29;10.25;9.28;11.29
466535.00ms : 0.08;-0.65;0.33;11.96;11.05;12.51
466555.00ms : 0.09;-0.67;0.31;10.62;12.33;11.60
466575.00ms : 0.09;-0.67;0.31;9.52;12.82;9.03
466595.00ms : 0.10;-0.62;0.34;10.13;10.68;6.84
466615.00ms : 0.11;-0.62;0.33;13.73;8.91;7.87
466635.00ms : 0.10;-0.63;0.34;16.85;6.77;9.28
466655.00ms : 0.13;-0.62;0.30;18.86;5.62;10.38
466675.00ms : 0.14;-0.64;0.29;19.78;6.53;12.88
466695.00ms : 0.14;-0.67;0.29;18.43;7.63;14.83
466715.00ms : 0.14;-0.66;0.28;15.14;8.48;14.95
466735.00ms : 0.16;-0.66;0.27;11.60;10.31;13.61
466755.00ms : 0.18;-0.66;0.26;7.63;13.12;12.94
466775.00ms : 0.17;-0.67;0.25;3.85;16.17;13.06
466795.00ms : 0.16;-0.65;0.25;1.83;16.60;13.06
466815.00ms : 0.19;-0.62;0.23;4.52;16.24;14.47
466835.00ms : 0.21;-0.61;0.24;9.22;14.83;17.33
466855.00ms : 0.22;-0.60;0.23;15.01;13.61;20.87
466875.00ms : 0.24;-0.65;0.24;20.57;13.43;23.25
466895.00ms : 0.22;-0.67;0.25;23.68;11.35;23.32
466915.00ms : 0.18;-0.66;0.25;25.57;10.62;23.25
466935.00ms : 0.20;-0.70;0.27;25.15;8.91;21.36
466955.00ms : 0.23;-0.72;0.27;23.25;9.34;19.96
466975.00ms : 0.24;-0.73;0.25;20.69;9.70;18.62
466995.00ms : 0.24;-0.75;0.24;20.69;10.01;18.55
467015.00ms : 0.25;-0.75;0.24;20.02;8.85;18.01
467035.00ms : 0.25;-0.71;0.22;22.28;7.63;19.23
467055.00ms : 0.26;-0.73;0.20;25.15;7.63;21.00
467075.00ms : 0.27;-0.74;0.19;22.95;8.30;21.06
467095.00ms : 0.29;-0.73;0.20;19.65;9.95;20.63
467115.00ms : 0.29;-0.71;0.20;16.48;10.93;21.12
467135.00ms : 0.31;-0.69;0.19;15.99;11.72;21.06
467155.00ms : 0.33;-0.67;0.14;16.66;12.51;21.42
467175.00ms : 0.32;-0.71;0.16;16.48;13.98;24.35
467195.00ms : 0.31;-0.71;0.17;14.10;12.33;25.27
467215.00ms : 0.35;-0.66;0.17;15.87;10.93;23.74
467235.00ms : 0.39;-0.66;0.16;20.39;11.60;26.43
467255.00ms : 0.36;-0.71;0.14;20.69;14.53;30.76
467275.00ms : 0.36;-0.75;0.13;16.36;15.01;31.13
467295.00ms : 0.40;-0.73;0.13;13.55;15.14;30.09
467315.00ms : 0.41;-0.71;0.13;13.67;15.75;30.88
467335.00ms : 0.42;-0.72;0.14;14.40;15.75;33.33
467355.00ms : 0.41;-0.72;0.13;13.55;15.26;34.67
467375.00ms : 0.44;-0.73;0.12;12.70;15.26;34.67
467395.00ms : 0.46;-0.68;0.14;14.16;14.71;35.22
467415.00ms : 0.47;-0.67;0.13;18.43;14.22;36.07
467435.00ms : 0.49;-0.69;0.10;21.55;13.67;37.72
467455.00ms : 0.48;-0.73;0.09;19.84;14.77;38.57
467475.00ms : 0.50;-0.73;0.07;17.21;15.01;37.05
467495.00ms : 0.52;-0.73;0.09;16.48;15.56;36.62
467515.00ms : 0.53;-0.72;0.07;14.77;15.08;36.13
467535.00ms : 0.52;-0.68;0.08;14.34;16.24;35.52
467555.00ms : 0.55;-0.74;0.06;14.77;15.81;35.71
467575.00ms : 0.56;-0.76;0.05;12.88;16.17;35.95
467595.00ms : 0.56;-0.74;0.06;12.63;16.48;35.46
467615.00ms : 0.58;-0.69;0.07;15.75;15.38;35.16
467635.00ms : 0.58;-0.71;0.06;21.00;15.08;36.68
467655.00ms : 0.56;-0.75;0.06;22.58;14.77;37.48
467675.00ms : 0.56;-0.76;0.03;19.90;14.53;35.77
467695.00ms : 0.58;-0.72;0.05;17.52;13.06;32.96
467715.00ms : 0.61;-0.70;0.05;17.40;12.33;31.92
467735.00ms : 0.63;-0.66;0.05;19.35;11.29;31.31
467755.00ms : 0.63;-0.69;0.02;21.06;10.44;33.02
467775.00ms : 0.64;-0.69;0.01;21.91;8.30;34.55
467795.00ms : 0.65;-0.67;-0.01;24.60;5.25;34.12
467815.00ms : 0.69;-0.62;-0.01;30.76;2.62;34.30
467835.00ms : 0.70;-0.64;-0.02;36.07;3.17;36.25
467855.00ms : 0.68;-0.70;-0.05;36.19;2.87;38.15
467875.00ms : 0.66;-0.74;-0.07;30.70;1.95;37.60
467895.00ms : 0.66;-0.73;-0.05;24.11;1.46;36.19
467915.00ms : 0.69;-0.66;-0.04;17.64;2.62;33.45
467935.00ms : 0.75;-0.58;-0.05;16.85;3.11;33.33
467955.00ms : 0.78;-0.59;-0.10;17.76;7.39;33.87
467975.00ms : 0.76;-0.62;-0.10;18.86;9.89;35.28
467995.00ms : 0.74;-0.67;-0.11;16.72;11.41;35.64
468015.00ms : 0.74;-0.66;-0.11;11.84;11.29;33.14
468035.00ms : 0.78;-0.61;-0.12;10.25;10.93;31.74
468055.00ms : 0.77;-0.60;-0.11;11.66;11.78;32.96
468075.00ms : 0.75;-0.62;-0.13;10.44;13.49;34.42
468095.00ms : 0.74;-0.62;-0.11;8.00;12.94;33.87
468115.00ms : 0.75;-0.61;-0.10;6.04;11.84;32.04
468135.00ms : 0.77;-0.58;-0.09;5.43;10.13;32.04
468155.00ms : 0.78;-0.58;-0.09;8.54;9.16;34.48
468175.00ms : 0.79;-0.60;-0.11;10.50;8.06;35.46
468195.00ms : 0.80;-0.62;-0.11;8.48;7.57;34.18
468215.00ms : 0.79;-0.60;-0.10;4.15;7.63;32.41
468235.00ms : 0.79;-0.56;-0.10;0.73;8.48;33.26
468255.00ms : 0.82;-0.53;-0.10;0.61;6.96;34.12
468275.00ms : 0.83;-0.52;-0.16;2.32;5.74;35.64
468295.00ms : 0.85;-0.56;-0.16;2.32;6.47;28.08
468315.00ms : 0.81;-0.52;-0.13;1.46;4.82;24.90
468335.00ms : 0.82;-0.53;-0.15;-0.85;5.74;25.15
468355.00ms : 0.84;-0.52;-0.16;-2.38;8.24;23.07
468375.00ms : 0.85;-0.48;-0.18;-5.13;9.95;23.80
468395.00ms : 0.89;-0.53;-0.24;-7.26;14.40;19.29
468415.00ms : 0.83;-0.50;-0.22;-7.81;14.89;15.63
468435.00ms : 0.84;-0.48;-0.22;-6.35;14.04;15.56
468455.00ms : 0.84;-0.48;-0.24;-3.30;13.00;18.55
468475.00ms : 0.84;-0.49;-0.24;-0.73;12.45;17.21
468495.00ms : 0.86;-0.51;-0.22;0.92;14.59;12.27
468515.00ms : 0.87;-0.44;-0.22;3.78;13.18;10.01
468535.00ms : 0.89;-0.42;-0.23;13.92;9.89;13.37
468555.00ms : 0.88;-0.44;-0.23;24.72;6.96;15.32
468575.00ms : 0.85;-0.48;-0.21;29.91;7.26;15.32
468595.00ms : 0.87;-0.52;-0.21;25.88;10.44;12.45
468615.00ms : 0.87;-0.49;-0.20;19.59;9.46;10.25
468635.00ms : 0.88;-0.47;-0.22;19.23;7.26;13.24
468655.00ms : 0.85;-0.54;-0.18;14.40;7.14;13.00
468675.00ms : 0.87;-0.53;-0.17;5.31;8.00;6.77
468695.00ms : 0.89;-0.47;-0.18;-2.38;10.44;4.64
468715.00ms : 0.92;-0.42;-0.20;-2.87;9.89;2.32
468735.00ms : 0.94;-0.40;-0.22;-1.34;7.08;4.15
468755.00ms : 0.89;-0.47;-0.22;3.17;4.64;6.10
468775.00ms : 0.85;-0.51;-0.24;-0.79;5.13;7.20
468795.00ms : 0.86;-0.46;-0.25;-3.54;3.05;4.76
468815.00ms : 0.91;-0.38;-0.28;-0.92;2.56;5.13
468835.00ms : 0.89;-0.40;-0.25;5.80;1.83;7.14
468855.00ms : 0.85;-0.48;-0.26;5.86;3.05;6.84
468875.00ms : 0.84;-0.49;-0.29;-0.79;5.00;3.78
468895.00ms : 0.91;-0.41;-0.29;-6.53;5.68;2.20
468915.00ms : 0.92;-0.37;-0.26;-3.97;5.19;5.49
468935.00ms : 0.91;-0.43;-0.26;-4.03;5.19;8.00
468955.00ms : 0.89;-0.43;-0.26;-6.77;5.00;5.13
468975.00ms : 0.91;-0.36;-0.24;-6.90;2.14;6.90
468995.00ms : 0.93;-0.38;-0.28;-3.23;0.79;10.31
469015.00ms : 0.90;-0.47;-0.25;-0.18;0.55;8.30
469035.00ms : 0.88;-0.45;-0.23;0.31;-2.14;4.33
469055.00ms : 0.90;-0.41;-0.23;1.95;-4.70;3.72
469075.00ms : 0.93;-0.39;-0.24;4.39;-6.41;8.00
469095.00ms : 0.95;-0.39;-0.23;5.43;-6.29;9.89
469115.00ms : 0.95;-0.37;-0.29;5.00;-6.77;8.91
469135.00ms : 0.94;-0.35;-0.27;7.45;-6.35;7.51
469155.00ms : 0.93;-0.35;-0.28;6.59;-4.39;6.90
469175.00ms : 0.95;-0.36;-0.28;5.43;-4.27;6.04
469195.00ms : 0.92;-0.38;-0.28;3.05;-2.75;6.77
469215.00ms : 0.91;-0.39;-0.26;-2.56;-0.92;3.11
469235.00ms : 0.92;-0.33;-0.25;-6.41;-1.10;0.43
469255.00ms : 0.94;-0.31;-0.28;-4.27;-0.24;2.32
469275.00ms : 0.93;-0.33;-0.26;-1.40;0.31;3.85
469295.00ms : 0.94;-0.34;-0.27;1.04;-0.55;3.42
469315.00ms : 0.93;-0.37;-0.27;2.50;-0.79;2.75
469335.00ms : 0.92;-0.37;-0.26;1.77;-1.10;0.67
469355.00ms : 0.92;-0.36;-0.26;0.85;-0.43;-0.55
469375.00ms : 0.93;-0.35;-0.28;1.34;-0.79;0.43
469395.00ms : 0.92;-0.36;-0.27;2.69;-0.49;1.59
469415.00ms : 0.92;-0.36;-0.25;4.39;-0.61;0.24
469435.00ms : 0.92;-0.37;-0.26;4.82;-1.16;-0.49
469455.00ms : 0.92;-0.38;-0.28;3.17;-1.04;-0.37
469475.00ms : 0.91;-0.38;-0.28;1.28;-0.61;-0.06
469495.00ms : 0.92;-0.37;-0.28;0.67;-1.10;0.73
469515.00ms : 0.92;-0.37;-0.26;0.49;-0.55;0.00
469535.00ms : 0.93;-0.35;-0.26;1.22;-1.28;-0.92
469555.00ms : 0.93;-0.35;-0.27;1.77;-0.85;-0.85
469575.00ms : 0.93;-0.35;-0.27;1.95;-0.67;-0.67
469595.00ms : 0.92;-0.35;-0.27;2.32;-0.49;-0.55
469615.00ms : 0.93;-0.35;-0.27;3.17;-1.28;0.12
469635.00ms : 0.92;-0.38;-0.27;3.60;-0.37;-0.31
469655.00ms : 0.92;-0.39;-0.28;2.81;-1.04;-0.67
469675.00ms : 0.91;-0.39;-0.28;1.34;-0.92;0.06
469695.00ms : 0.91;-0.41;-0.28;0.06;-0.49;0.18
469715.00ms : 0.91;-0.39;-0.26;-1.04;0.61;-1.04
469735.00ms : 0.94;-0.37;-0.27;-1.16;0.24;-2.87
469755.00ms : 0.92;-0.35;-0.28;-0.79;-0.12;-1.22
469775.00ms : 0.91;-0.37;-0.28;-0.67;0.49;0.00
469795.00ms : 0.92;-0.37;-0.27;-0.55;-0.18;0.85
469815.00ms : 0.92;-0.37;-0.27;0.24;-0.18;-0.06
469835.00ms : 0.92;-0.37;-0.28;0.49;-1.16;0.18
469855.00ms : 0.92;-0.38;-0.28;0.37;-0.85;1.04
469875.00ms : 0.92;-0.38;-0.29;-0.18;-0.61;1.10
469895.00ms : 0.92;-0.38;-0.28;-0.43;-1.40;1.53
469915.00ms : 0.91;-0.38;-0.28;-0.24;-1.40;1.53
469935.00ms : 0.92;-0.36;-0.27;0.49;-2.14;2.20
469955.00ms : 0.93;-0.36;-0.27;1.04;-1.53;2.87
469975.00ms : 0.94;-0.36;-0.27;0.73;-1.40;2.20
469995.00ms : 0.92;-0.38;-0.27;0.12;-0.92;2.50
470015.00ms : 0.92;-0.40;-0.29;-1.04;-0.73;1.34
470035.00ms : 0.91;-0.38;-0.29;-2.44;-0.79;1.40
470055.00ms : 0.92;-0.37;-0.28;-3.66;-0.24;1.71
470075.00ms : 0.93;-0.38;-0.28;-4.27;-0.55;1.22
470095.00ms : 0.93;-0.38;-0.27;-4.46;-0.92;1.10
470115.00ms : 0.92;-0.36;-0.27;-4.46;-0.92;0.55
470135.00ms : 0.93;-0.34;-0.27;-3.36;-1.28;0.49
470155.00ms : 0.93;-0.34;-0.27;-1.65;-1.04;1.34
470175.00ms : 0.93;-0.37;-0.27;-0.24;-1.46;1.71
470195.00ms : 0.93;-0.37;-0.28;0.55;-2.32;1.04
470215.00ms : 0.92;-0.38;-0.28;0.37;-2.14;1.10
470235.00ms : 0.92;-0.39;-0.27;-0.79;-1.89;0.37
470255.00ms : 0.92;-0.36;-0.27;-1.65;-1.71;0.24
470275.00ms : 0.93;-0.35;-0.26;-1.34;-1.71;1.10
470295.00ms : 0.93;-0.36;-0.26;-0.92;-1.65;0.98
470315.00ms : 0.92;-0.37;-0.27;-0.43;-1.28;0.43
470335.00ms : 0.92;-0.36;-0.27;-0.61;-1.59;0.24
470355.00ms : 0.92;-0.36;-0.27;-0.67;-1.40;0.55
470375.00ms : 0.93;-0.36;-0.27;-0.79;-1.83;0.92
470395.00ms : 0.93;-0.36;-0.26;-0.55;-1.46;0.24
470415.00ms : 0.92;-0.35;-0.27;0.06;-2.01;1.16
470435.00ms : 0.92;-0.37;-0.26;0.73;-1.65;2.08
470455.00ms : 0.92;-0.37;-0.27;1.10;-1.71;1.89
470475.00ms : 0.93;-0.36;-0.27;2.26;-2.08;0.92
470495.00ms : 0.92;-0.37;-0.27;2.93;-2.38;0.98
470515.00ms : 0.92;-0.37;-0.27;2.14;-1.83;2.38
470535.00ms : 0.92;-0.38;-0.28;0.98;-1.89;2.14
470555.00ms : 0.93;-0.37;-0.27;0.43;-2.26;1.53
470575.00ms : 0.92;-0.36;-0.27;0.67;-2.01;1.34
470595.00ms : 0.93;-0.35;-0.26;-0.06;-1.46;0.85
470615.00ms : 0.93;-0.35;-0.27;-0.92;-1.40;0.55
470635.00ms : 0.92;-0.35;-0.27;-1.28;-1.04;0.92
470655.00ms : 0.92;-0.36;-0.26;-1.28;-1.28;1.65
470675.00ms : 0.93;-0.35;-0.27;-0.18;-1.83;1.40
470695.00ms : 0.93;-0.36;-0.26;-0.06;-1.22;1.89
470715.00ms : 0.92;-0.38;-0.27;-0.37;-1.71;2.20
470735.00ms : 0.92;-0.38;-0.27;-0.49;-2.01;1.89
470755.00ms : 0.92;-0.38;-0.27;-0.98;-1.40;1.71
470775.00ms : 0.92;-0.37;-0.27;-1.89;-1.04;1.89
470795.00ms : 0.93;-0.36;-0.27;-2.26;-1.04;2.01
470815.00ms : 0.92;-0.35;-0.26;-2.50;-1.16;2.26
470835.00ms : 0.92;-0.36;-0.26;-1.83;-0.49;1.40
470855.00ms : 0.94;-0.34;-0.26;-1.28;-0.98;1.46
470875.00ms : 0.93;-0.34;-0.27;0.18;-1.46;1.53
470895.00ms : 0.93;-0.35;-0.28;1.04;-1.34;1.40
470915.00ms : 0.93;-0.35;-0.27;0.98;-1.77;1.83
470935.00ms : 0.92;-0.36;-0.27;0.55;-1.89;2.20
470955.00ms : 0.93;-0.37;-0.27;0.43;-2.44;1.40
470975.00ms : 0.93;-0.36;-0.28;-0.43;-2.01;0.49
470995.00ms : 0.93;-0.37;-0.28;-2.20;-1.53;0.43
471015.00ms : 0.92;-0.37;-0.27;-2.75;-1.28;0.18
471035.00ms : 0.93;-0.35;-0.27;-2.99;-2.01;0.06
471055.00ms : 0.93;-0.36;-0.27;-2.81;-2.26;0.12
471075.00ms : 0.92;-0.37;-0.27;-3.78;-1.53;-0.12
471095.00ms : 0.93;-0.36;-0.25;-4.82;-1.65;-1.77
471115.00ms : 0.92;-0.35;-0.26;-4.76;-1.77;-1.95
471135.00ms : 0.92;-0.33;-0.25;-4.76;-1.59;-1.95
471155.00ms : 0.94;-0.34;-0.27;-2.01;-2.01;0.12
471175.00ms : 0.92;-0.37;-0.26;-2.01;-1.71;0.24
471195.00ms : 0.92;-0.37;-0.26;-2.56;-2.01;-1.34
471215.00ms : 0.93;-0.35;-0.27;-3.54;-2.14;-0.61
471235.00ms : 0.92;-0.35;-0.27;-3.42;-1.77;0.31
471255.00ms : 0.92;-0.36;-0.26;-3.60;-0.79;0.00
471275.00ms : 0.94;-0.36;-0.25;-2.62;-1.71;-1.16
471295.00ms : 0.93;-0.33;-0.26;-1.34;-2.44;-0.98
471315.00ms : 0.92;-0.36;-0.26;-2.08;-1.65;0.00
471335.00ms : 0.92;-0.37;-0.26;-3.54;-1.16;-0.92
471355.00ms : 0.93;-0.35;-0.25;-2.99;-1.53;-1.10
471375.00ms : 0.93;-0.34;-0.25;-1.71;-2.14;-0.79
471395.00ms : 0.92;-0.36;-0.26;-1.71;-2.01;0.18
471415.00ms : 0.93;-0.36;-0.25;-1.40;-1.95;-0.37
471435.00ms : 0.93;-0.35;-0.26;-1.22;-2.14;-0.85
471455.00ms : 0.93;-0.35;-0.27;-1.59;-2.01;-0.79
471475.00ms : 0.92;-0.36;-0.27;-2.62;-1.71;-0.92
471495.00ms : 0.91;-0.36;-0.25;-3.05;-1.77;-0.12
471515.00ms : 0.92;-0.35;-0.24;-2.44;-2.08;-0.73
471535.00ms : 0.93;-0.34;-0.25;-1.71;-2.32;-0.43
471555.00ms : 0.92;-0.34;-0.25;-0.49;-1.77;-0.37
471575.00ms : 0.92;-0.35;-0.24;0.92;-1.89;-0.06
471595.00ms : 0.92;-0.37;-0.24;1.04;-1.83;-0.12
471615.00ms : 0.92;-0.37;-0.24;1.34;-2.38;-0.12
471635.00ms : 0.91;-0.38;-0.25;1.16;-1.95;0.31
471655.00ms : 0.92;-0.38;-0.25;0.73;-1.95;0.67
471675.00ms : 0.92;-0.39;-0.25;-0.31;-1.77;0.67
471695.00ms : 0.91;-0.38;-0.24;-1.40;-1.53;-0.79
471715.00ms : 0.91;-0.36;-0.25;-1.89;-0.85;-0.79
471735.00ms : 0.93;-0.34;-0.25;-2.32;-0.98;0.37
471755.00ms : 0.92;-0.34;-0.25;-1.53;-0.55;0.49
471775.00ms : 0.92;-0.36;-0.24;-0.98;-0.67;0.31
471795.00ms : 0.93;-0.35;-0.25;-0.06;-1.40;-0.12
471815.00ms : 0.93;-0.34;-0.26;-0.31;-1.77;0.61
471835.00ms : 0.91;-0.37;-0.26;-0.55;-1.22;1.53
471855.00ms : 0.92;-0.38;-0.25;-1.89;-1.59;1.53
471875.00ms : 0.92;-0.36;-0.26;-2.08;-1.40;0.24
471895.00ms : 0.93;-0.32;-0.26;-1.95;-0.61;-0.37
471915.00ms : 0.93;-0.33;-0.25;-1.83;0.73;1.10
471935.00ms : 0.93;-0.35;-0.24;-1.34;0.61;0.92
471955.00ms : 0.91;-0.40;-0.24;-2.14;0.12;-0.06
471975.00ms : 0.91;-0.40;-0.24;-2.01;-0.85;0.00
471995.00ms : 0.92;-0.39;-0.25;-2.50;-0.18;-0.24
472015.00ms : 0.93;-0.37;-0.26;-3.05;0.31;-0.61
472035.00ms : 0.92;-0.35;-0.25;-3.78;0.06;-0.18
472055.00ms : 0.92;-0.35;-0.24;-2.75;0.18;0.67
472075.00ms : 0.93;-0.33;-0.25;-1.40;-1.04;-0.61
472095.00ms : 0.94;-0.30;-0.26;2.14;-2.50;-0.55
472115.00ms : 0.92;-0.33;-0.26;3.42;-1.95;0.31
472135.00ms : 0.92;-0.36;-0.24;2.99;-2.01;-0.24
472155.00ms : 0.92;-0.36;-0.24;2.26;-1.89;-0.73
472175.00ms : 0.92;-0.36;-0.24;2.20;-2.32;-1.28
472195.00ms : 0.92;-0.36;-0.26;2.32;-2.38;-0.85
472215.00ms : 0.91;-0.38;-0.25;1.83;-1.89;-0.79
472235.00ms : 0.92;-0.38;-0.25;0.06;-1.28;-0.92
472255.00ms : 0.92;-0.38;-0.24;-0.85;-1.16;-1.59
472275.00ms : 0.92;-0.36;-0.25;-0.43;-1.83;-1.65
472295.00ms : 0.92;-0.35;-0.25;0.43;-1.46;-1.40
472315.00ms : 0.91;-0.36;-0.25;0.79;-1.83;-0.98
472335.00ms : 0.92;-0.37;-0.25;0.55;-1.71;-1.46
472355.00ms : 0.91;-0.37;-0.24;0.31;-1.28;-1.04
472375.00ms : 0.93;-0.37;-0.25;-0.18;-0.85;-1.46
472395.00ms : 0.91;-0.37;-0.25;-0.67;-0.37;-1.89
472415.00ms : 0.92;-0.38;-0.26;-1.53;-0.73;-0.85
472435.00ms : 0.92;-0.37;-0.25;-1.22;-0.55;-0.37
472455.00ms : 0.93;-0.37;-0.24;-0.49;-0.92;-0.49
472475.00ms : 0.91;-0.36;-0.25;0.12;-0.73;-0.31
472495.00ms : 0.92;-0.37;-0.26;0.61;-1.04;1.04
472515.00ms : 0.91;-0.39;-0.25;0.18;-1.16;1.16
472535.00ms : 0.92;-0.39;-0.26;0.79;-0.98;0.00
472555.00ms : 0.93;-0.38;-0.26;0.24;-1.04;-0.37
472575.00ms : 0.91;-0.37;-0.25;-0.55;-1.04;1.10
472595.00ms : 0.92;-0.39;-0.26;-2.38;-0.49;2.56
472615.00ms : 0.90;-0.40;-0.26;-3.85;0.12;1.34
472635.00ms : 0.92;-0.37;-0.26;-4.39;-0.06;0.12
472655.00ms : 0.93;-0.35;-0.25;-4.09;-0.31;0.67
472675.00ms : 0.92;-0.37;-0.25;-3.97;0.06;0.79
472695.00ms : 0.92;-0.36;-0.24;-4.03;0.00;0.12
472715.00ms : 0.93;-0.34;-0.25;-2.75;-0.73;-0.79
472735.00ms : 0.92;-0.33;-0.25;-0.12;-1.59;-0.55
472755.00ms : 0.93;-0.34;-0.26;1.95;-1.89;0.31
472775.00ms : 0.92;-0.36;-0.26;3.36;-2.50;0.98
472795.00ms : 0.92;-0.37;-0.25;3.85;-2.87;0.79
472815.00ms : 0.91;-0.39;-0.26;3.11;-2.81;0.24
472835.00ms : 0.92;-0.38;-0.25;2.14;-2.50;-0.67
472855.00ms : 0.92;-0.36;-0.25;1.89;-2.69;-0.49
472875.00ms : 0.91;-0.37;-0.25;1.16;-2.14;0.24
472895.00ms : 0.91;-0.39;-0.25;0.06;-1.46;0.31
472915.00ms : 0.91;-0.38;-0.24;-0.43;-1.46;-0.24
472935.00ms : 0.92;-0.37;-0.25;-0.55;-1.53;-0.49
472955.00ms : 0.92;-0.37;-0.25;-1.22;-1.16;0.18
472975.00ms : 0.91;-0.38;-0.25;-1.83;-0.43;-0.18
472995.00ms : 0.92;-0.37;-0.26;-2.50;-0.55;-0.61
473015.00ms : 0.92;-0.37;-0.25;-2.14;-0.61;-0.18
473035.00ms : 0.91;-0.38;-0.25;-1.83;-0.79;-0.43
473055.00ms : 0.92;-0.37;-0.25;-2.75;-0.92;-0.06
473075.00ms : 0.91;-0.38;-0.25;-3.23;-0.37;0.06
473095.00ms : 0.93;-0.37;-0.25;-2.75;-0.85;0.06
473115.00ms : 0.91;-0.37;-0.25;-2.32;-0.85;0.06
473135.00ms : 0.92;-0.37;-0.26;-2.14;-0.55;0.31
473155.00ms : 0.92;-0.37;-0.25;-1.71;-1.16;0.00
473175.00ms : 0.92;-0.37;-0.24;-1.65;-1.22;0.61
473195.00ms : 0.91;-0.38;-0.25;-1.77;-0.85;0.61
473215.00ms : 0.91;-0.38;-0.24;-2.44;-0.49;0.18
473235.00ms : 0.92;-0.35;-0.24;-2.26;-0.85;0.18
473255.00ms : 0.93;-0.35;-0.26;-1.53;-1.04;0.92
473275.00ms : 0.92;-0.37;-0.25;-0.61;-1.34;0.85
473295.00ms : 0.91;-0.37;-0.24;-0.31;-1.53;0.67
