607285.00ms : 0.94;-0.34;-0.27;-5.49;5.86;4.58
607305.00ms : 0.95;-0.33;-0.25;-6.04;3.54;3.91
607325.00ms : 0.93;-0.30;-0.25;-6.71;2.56;-2.44
607345.00ms : 0.96;-0.32;-0.26;-3.23;4.64;-2.99
607365.00ms : 0.95;-0.31;-0.23;-2.99;1.65;-2.32
607385.00ms : 0.92;-0.32;-0.23;-2.75;1.22;-1.71
607405.00ms : 0.93;-0.34;-0.25;-3.05;-0.92;-1.59
607425.00ms : 0.89;-0.33;-0.29;-3.05;-2.50;2.62
607445.00ms : 0.94;-0.33;-0.26;-5.74;-2.87;0.92
607465.00ms : 0.93;-0.33;-0.26;-7.32;-1.95;-1.16
607485.00ms : 0.93;-0.34;-0.26;-4.33;-1.34;1.46
607505.00ms : 0.97;-0.29;-0.24;-7.93;-1.04;0.37
607525.00ms : 0.94;-0.34;-0.28;-8.42;-0.92;-1.16
607545.00ms : 0.95;-0.33;-0.24;-10.50;-5.92;6.77
607565.00ms : 0.87;-0.27;-0.29;-9.09;0.31;-5.13
607585.00ms : 0.97;-0.26;-0.26;-3.42;-1.65;-2.50
607605.00ms : 0.96;-0.28;-0.26;-1.59;-3.54;-4.15
607625.00ms : 0.95;-0.30;-0.27;-1.10;-4.03;-3.17
607645.00ms : 0.96;-0.31;-0.26;1.46;-5.80;-3.23
607665.00ms : 0.93;-0.33;-0.27;4.27;-6.35;-4.27
607685.00ms : 0.94;-0.31;-0.24;6.16;-7.57;-6.77
607705.00ms : 0.95;-0.28;-0.24;6.23;-7.69;-6.10
607725.00ms : 0.97;-0.35;-0.25;6.90;-8.67;-9.09
607745.00ms : 0.91;-0.38;-0.29;4.09;-5.13;-11.17
607765.00ms : 0.89;-0.48;-0.26;-1.71;-3.72;-7.93
607785.00ms : 0.85;-0.51;-0.25;-8.36;-1.71;-9.89
607805.00ms : 0.88;-0.46;-0.25;-14.53;1.16;-11.11
607825.00ms : 0.92;-0.37;-0.20;-18.31;-0.49;-10.19
607845.00ms : 0.92;-0.29;-0.19;-18.62;-1.04;-8.12
607865.00ms : 0.93;-0.25;-0.21;-14.16;-2.44;-8.30
607885.00ms : 0.96;-0.25;-0.25;-8.97;-3.30;-8.06
607905.00ms : 0.95;-0.26;-0.27;-4.33;-4.09;-8.48
607925.00ms : 0.92;-0.31;-0.24;-2.81;-3.36;-8.24
607945.00ms : 0.89;-0.36;-0.23;-0.73;-4.39;-7.75
607965.00ms : 0.91;-0.37;-0.23;3.48;-6.16;-7.57
607985.00ms : 0.94;-0.36;-0.23;8.85;-9.95;-6.90
608005.00ms : 0.93;-0.35;-0.21;12.33;-10.38;-6.53
608025.00ms : 0.92;-0.38;-0.23;14.16;-11.60;-5.74
608045.00ms : 0.92;-0.39;-0.25;14.83;-12.08;-3.85
608065.00ms : 0.92;-0.38;-0.22;15.50;-12.88;-3.36
608085.00ms : 0.95;-0.33;-0.19;15.08;-13.43;-4.09
608105.00ms : 1.02;-0.26;-0.18;22.03;-18.31;-3.36
608125.00ms : 1.01;-0.21;-0.20;34.18;-23.32;3.11
608145.00ms : 0.98;-0.18;-0.20;49.07;-27.40;10.62
608165.00ms : 0.97;-0.18;-0.19;58.11;-25.33;15.26
608185.00ms : 1.01;-0.26;-0.14;58.78;-22.40;20.14
608205.00ms : 0.92;-0.39;-0.19;47.18;-15.63;23.68
608225.00ms : 0.93;-0.42;-0.32;30.70;-11.11;26.61
608245.00ms : 1.02;-0.26;-0.37;24.60;-13.12;36.07
608265.00ms : 1.06;-0.09;-0.37;35.64;-16.48;51.70
608285.00ms : 1.03;-0.08;-0.37;54.57;-16.97;66.47
608305.00ms : 1.00;-0.16;-0.31;63.66;-17.33;76.42
608325.00ms : 0.99;-0.22;-0.27;54.99;-16.54;81.97
608345.00ms : 0.98;-0.32;-0.25;35.10;-14.28;85.27
608365.00ms : 0.95;-0.30;-0.22;7.32;-9.28;81.60
608385.00ms : 0.98;-0.23;-0.21;-16.48;-1.83;79.04
608405.00ms : 1.00;-0.17;-0.21;-28.50;5.49;75.81
608425.00ms : 0.99;-0.14;-0.18;-27.89;5.19;75.13
608445.00ms : 0.98;-0.14;-0.18;-25.27;3.97;77.03
608465.00ms : 1.00;-0.17;-0.16;-29.17;2.62;76.60
608485.00ms : 0.98;-0.11;-0.17;-33.08;1.28;71.72
608505.00ms : 0.95;-0.10;-0.18;-29.91;2.69;67.20
608525.00ms : 0.92;-0.17;-0.13;-28.69;1.53;62.13
608545.00ms : 0.92;-0.21;-0.08;-35.10;-2.69;57.25
608565.00ms : 0.92;-0.14;-0.16;-42.11;-2.75;51.03
608585.00ms : 0.93;-0.07;-0.14;-46.75;-3.54;42.24
608605.00ms : 0.92;-0.03;-0.12;-45.47;-5.92;39.92
608625.00ms : 0.94;-0.01;-0.16;-39.98;-6.71;36.44
608645.00ms : 0.98;-0.02;-0.14;-36.50;-6.90;33.45
608665.00ms : 0.93;-0.05;-0.19;-38.57;-4.21;28.50
608685.00ms : 0.93;-0.06;-0.15;-45.59;-3.42;21.97
608705.00ms : 0.95;0.01;-0.19;-46.94;-4.76;19.59
608725.00ms : 0.92;-0.01;-0.21;-46.02;-4.46;16.91
608745.00ms : 0.91;0.02;-0.20;-43.33;-4.58;12.76
608765.00ms : 0.94;-0.02;-0.25;-38.39;-3.11;8.36
608785.00ms : 0.96;-0.09;-0.26;-35.52;-1.77;6.04
608805.00ms : 0.97;-0.10;-0.27;-35.28;-0.31;4.39
608825.00ms : 0.94;-0.05;-0.25;-31.37;-1.40;4.03
608845.00ms : 0.95;-0.00;-0.24;-23.74;-0.37;2.08
608865.00ms : 1.00;-0.03;-0.25;-15.56;0.37;0.61
608885.00ms : 1.01;-0.01;-0.23;-7.32;-0.85;1.04
608905.00ms : 0.99;0.02;-0.22;0.12;-0.92;0.49
608925.00ms : 0.97;0.02;-0.21;4.58;0.49;-0.73
608945.00ms : 0.97;-0.00;-0.20;5.43;0.06;-0.73
608965.00ms : 0.96;0.03;-0.19;7.57;-1.46;-0.24
608985.00ms : 0.98;0.05;-0.18;9.40;-0.61;-0.43
609005.00ms : 0.97;0.03;-0.18;8.61;0.00;-2.69
609025.00ms : 0.96;0.03;-0.20;5.74;1.77;-4.03
609045.00ms : 0.96;0.05;-0.22;4.88;2.20;-4.76
609065.00ms : 0.95;0.04;-0.20;7.75;3.78;-7.81
609085.00ms : 0.97;-0.00;-0.18;12.08;2.75;-12.57
609105.00ms : 0.99;0.01;-0.20;14.28;2.44;-16.54
609125.00ms : 0.99;0.02;-0.24;24.60;0.79;-20.26
609145.00ms : 0.95;0.03;-0.22;37.11;-0.06;-26.37
609165.00ms : 0.93;-0.01;-0.17;49.07;-0.12;-36.56
609185.00ms : 0.93;-0.07;-0.10;55.79;1.28;-49.56
609205.00ms : 0.95;-0.13;-0.07;58.47;-2.32;-64.58
609225.00ms : 0.94;-0.14;-0.18;62.32;-9.40;-75.44
609245.00ms : 1.00;-0.15;-0.28;83.86;-16.91;-81.18
609265.00ms : 0.98;-0.16;-0.26;111.88;-23.32;-81.60
609285.00ms : 0.87;-0.31;-0.21;122.99;-21.73;-82.89
609305.00ms : 0.89;-0.40;-0.19;107.24;-18.19;-74.40
609325.00ms : 1.01;-0.31;-0.27;86.61;-24.66;-66.10
609345.00ms : 0.99;-0.21;-0.20;75.56;-27.53;-60.00
609365.00ms : 0.83;-0.39;-0.15;74.34;-16.05;-61.10
609385.00ms : 0.84;-0.48;-0.15;48.46;-7.14;-65.92
609405.00ms : 0.94;-0.40;-0.18;22.64;-7.08;-64.45
609425.00ms : 1.01;-0.28;-0.19;5.37;-8.42;-59.45
609445.00ms : 1.01;-0.22;-0.18;1.95;-6.90;-53.71
609465.00ms : 1.00;-0.22;-0.17;1.89;-3.36;-51.27
609485.00ms : 0.99;-0.25;-0.15;-4.82;1.77;-50.90
609505.00ms : 0.99;-0.26;-0.16;-19.96;8.24;-54.50
609525.00ms : 0.98;-0.27;-0.22;-34.91;15.50;-57.56
609545.00ms : 0.98;-0.27;-0.27;-44.68;22.09;-59.45
609565.00ms : 1.01;-0.23;-0.28;-50.35;25.33;-55.79
609585.00ms : 0.98;-0.15;-0.27;-52.98;33.87;-52.49
609605.00ms : 0.95;-0.22;-0.27;-55.24;42.05;-46.81
609625.00ms : 0.95;-0.31;-0.25;-62.07;46.63;-43.52
609645.00ms : 0.98;-0.31;-0.25;-72.14;44.31;-34.61
609665.00ms : 1.01;-0.20;-0.22;-72.08;35.58;-22.64
609685.00ms : 1.01;-0.09;-0.23;-59.02;26.98;-9.64
609705.00ms : 1.04;-0.08;-0.23;-36.68;19.10;4.76
609725.00ms : 1.04;-0.19;-0.23;-19.59;14.59;15.14
609745.00ms : 0.94;-0.36;-0.23;-13.31;14.34;15.56
609765.00ms : 0.89;-0.38;-0.25;-14.28;13.92;6.65
609785.00ms : 0.91;-0.34;-0.19;-8.06;9.46;1.89
609805.00ms : 0.93;-0.42;-0.13;1.10;-0.79;7.14
609825.00ms : 0.92;-0.45;-0.17;6.71;-8.06;12.94
609845.00ms : 0.90;-0.41;-0.23;11.23;-6.29;14.16
609865.00ms : 0.92;-0.44;-0.23;13.73;-4.03;8.73
609885.00ms : 0.91;-0.45;-0.21;8.36;-2.87;5.31
609905.00ms : 0.94;-0.50;-0.16;-0.12;-3.23;5.25
609925.00ms : 0.90;-0.51;-0.17;-7.45;-3.11;4.27
609945.00ms : 0.88;-0.42;-0.18;-10.19;-1.34;2.75
609965.00ms : 0.90;-0.42;-0.14;-8.24;0.31;1.10
609985.00ms : 0.89;-0.44;-0.12;-14.71;3.17;1.22
610005.00ms : 0.89;-0.50;-0.11;-27.16;5.62;0.85
610025.00ms : 0.91;-0.38;-0.25;-38.57;6.16;-1.59
610045.00ms : 0.97;-0.24;-0.08;-40.95;2.38;4.03
610065.00ms : 0.88;-0.42;-0.02;-44.49;-0.73;6.59
610085.00ms : 0.85;-0.46;-0.03;-59.51;-2.14;5.37
610105.00ms : 0.95;-0.29;-0.07;-71.66;-7.26;6.65
610125.00ms : 0.95;-0.19;-0.12;-61.40;-10.25;12.63
610145.00ms : 0.92;-0.28;-0.09;-51.39;-12.15;17.03
610165.00ms : 0.90;-0.37;-0.07;-54.08;-14.65;15.20
610185.00ms : 0.91;-0.38;-0.09;-62.56;-16.36;14.59
610205.00ms : 0.91;-0.38;-0.04;-65.06;-19.96;15.63
610225.00ms : 0.90;-0.30;-0.03;-63.60;-24.48;12.39
610245.00ms : 0.94;-0.22;-0.04;-66.41;-22.52;11.35
610265.00ms : 0.95;-0.23;-0.04;-73.24;-20.69;15.75
610285.00ms : 0.91;-0.26;-0.00;-79.35;-20.20;17.21
610305.00ms : 0.91;-0.23;-0.07;-82.09;-22.16;15.87
610325.00ms : 0.95;-0.21;-0.04;-83.19;-23.32;17.88
610345.00ms : 0.93;-0.22;-0.04;-84.35;-24.84;20.87
610365.00ms : 0.91;-0.19;-0.05;-82.40;-25.45;23.74
610385.00ms : 0.92;-0.16;-0.07;-78.49;-25.27;26.61
610405.00ms : 0.92;-0.15;-0.03;-75.56;-25.39;25.51
610425.00ms : 0.91;-0.12;-0.01;-69.58;-26.37;25.02
610445.00ms : 0.91;-0.08;-0.00;-63.05;-28.99;26.86
610465.00ms : 0.88;-0.09;-0.04;-55.60;-28.87;26.61
610485.00ms : 0.88;-0.07;-0.04;-50.05;-27.40;25.02
610505.00ms : 0.89;-0.11;0.01;-45.35;-26.92;23.44
610525.00ms : 0.86;-0.16;-0.02;-40.34;-30.76;24.23
610545.00ms : 0.86;-0.08;-0.02;-35.28;-30.52;22.16
610565.00ms : 0.88;0.04;0.04;-26.67;-30.03;17.94
610585.00ms : 0.89;0.06;-0.02;-13.06;-26.67;14.22
610605.00ms : 0.85;-0.09;0.00;-6.41;-20.87;8.67
610625.00ms : 0.78;-0.29;-0.00;-13.73;-16.85;3.05
610645.00ms : 0.81;-0.15;-0.05;-19.53;-19.47;1.65
610665.00ms : 0.83;-0.12;-0.03;-5.19;-20.87;7.39
610685.00ms : 0.80;-0.16;-0.03;2.44;-19.17;9.95
610705.00ms : 0.78;-0.14;0.02;0.79;-16.54;6.41
610725.00ms : 0.78;-0.08;0.02;2.99;-15.75;4.03
610745.00ms : 0.81;-0.09;0.00;9.58;-11.90;2.56
610765.00ms : 0.80;-0.17;0.05;7.14;-7.63;1.53
610785.00ms : 0.80;-0.13;0.07;3.17;-6.71;2.14
610805.00ms : 0.82;-0.02;0.10;6.77;-6.71;1.46
610825.00ms : 0.85;-0.05;0.10;10.13;-2.14;0.43
610845.00ms : 0.81;-0.14;0.15;2.87;1.53;-3.05
610865.00ms : 0.82;-0.10;0.14;-3.85;2.69;-3.23
610885.00ms : 0.84;-0.05;0.12;-3.05;3.17;-2.32
610905.00ms : 0.84;0.01;0.12;1.59;2.14;-0.79
610925.00ms : 0.83;-0.01;0.11;4.70;3.11;0.18
610945.00ms : 0.82;-0.09;0.12;3.97;4.21;-0.12
610965.00ms : 0.84;-0.10;0.11;2.44;3.48;-0.37
610985.00ms : 0.83;-0.11;0.12;1.46;1.95;-0.85
611005.00ms : 0.84;-0.04;0.08;2.20;0.73;-0.85
611025.00ms : 0.84;-0.07;0.11;3.60;5.00;0.43
611045.00ms : 0.81;-0.12;0.13;-0.73;6.04;-0.31
611065.00ms : 0.82;-0.11;0.11;-8.79;5.43;-1.59
611085.00ms : 0.84;-0.08;0.10;-16.91;5.80;-5.74
611105.00ms : 0.84;-0.01;0.09;-22.28;7.20;-7.32
611125.00ms : 0.88;0.05;0.07;-20.87;9.28;-6.71
611145.00ms : 0.87;0.01;0.06;-15.93;12.82;-5.07
611165.00ms : 0.87;0.03;0.05;-10.93;13.67;-5.19
611185.00ms : 0.86;0.00;0.07;-2.50;13.85;-5.00
611205.00ms : 0.87;-0.01;0.05;9.46;13.79;-5.43
611225.00ms : 0.88;-0.01;-0.01;24.78;13.06;-3.85
611245.00ms : 0.90;-0.04;-0.04;41.08;13.92;-1.77
611265.00ms : 0.88;-0.11;-0.01;51.39;14.95;-3.36
611285.00ms : 0.85;-0.15;-0.01;53.89;17.58;-6.47
611305.00ms : 0.85;-0.13;0.03;51.15;19.53;-10.99
611325.00ms : 0.91;-0.11;-0.01;51.09;18.43;-13.67
611345.00ms : 0.97;-0.11;-0.04;57.56;12.02;-6.16
611365.00ms : 0.90;-0.15;0.02;62.13;10.62;0.06
611385.00ms : 0.88;-0.23;0.09;54.50;13.24;-0.37
611405.00ms : 0.86;-0.21;0.12;46.02;16.60;-2.50
611425.00ms : 0.85;-0.16;0.08;41.14;20.63;-9.40
611445.00ms : 0.85;-0.15;-0.03;43.82;23.80;-14.22
611465.00ms : 0.83;-0.24;-0.02;48.77;25.51;-17.09
611485.00ms : 0.85;-0.25;-0.06;50.90;23.62;-22.77
611505.00ms : 0.87;-0.24;-0.04;53.41;22.95;-26.79
611525.00ms : 0.88;-0.28;-0.04;53.71;23.86;-32.23
611545.00ms : 0.87;-0.26;-0.07;51.57;22.83;-32.47
611565.00ms : 0.89;-0.24;-0.05;52.49;19.41;-31.43
611585.00ms : 0.88;-0.24;-0.04;57.86;18.07;-32.17
611605.00ms : 0.89;-0.30;-0.05;59.88;18.25;-32.78
611625.00ms : 0.91;-0.31;-0.04;59.69;17.88;-34.30
611645.00ms : 0.90;-0.31;-0.03;58.17;13.43;-30.40
611665.00ms : 0.86;-0.31;-0.05;55.66;11.72;-27.10
611685.00ms : 0.87;-0.33;-0.09;53.77;12.51;-27.59
611705.00ms : 0.89;-0.35;-0.13;55.24;14.16;-32.04
611725.00ms : 0.92;-0.38;-0.12;56.52;14.10;-31.92
611745.00ms : 0.90;-0.38;-0.12;54.69;13.37;-27.10
611765.00ms : 0.89;-0.37;-0.09;51.64;11.35;-20.87
611785.00ms : 0.90;-0.37;-0.10;46.45;11.78;-18.37
611805.00ms : 0.89;-0.37;-0.11;36.56;13.31;-16.60
611825.00ms : 0.93;-0.33;-0.13;24.60;21.06;-4.70
611845.00ms : 0.88;-0.31;-0.02;17.58;20.69;-2.87
611865.00ms : 0.83;-0.27;0.03;17.21;14.16;-4.39
611885.00ms : 0.92;-0.36;0.10;3.78;9.34;1.53
611905.00ms : 0.94;-0.41;0.04;-8.67;1.77;0.73
611925.00ms : 0.88;-0.37;-0.09;-13.79;2.26;1.10
611945.00ms : 0.87;-0.38;-0.23;-12.33;7.69;-1.46
611965.00ms : 0.88;-0.46;-0.29;-5.13;9.22;-7.26
611985.00ms : 0.90;-0.53;-0.31;-0.79;9.70;-10.62
612005.00ms : 0.88;-0.49;-0.27;2.99;6.71;-7.26
612025.00ms : 0.83;-0.40;-0.24;2.20;8.00;-0.92
612045.00ms : 0.86;-0.42;-0.22;0.00;9.64;3.30
612065.00ms : 0.86;-0.45;-0.20;-4.76;10.74;4.33
612085.00ms : 0.83;-0.51;-0.22;-9.40;8.85;6.04
612105.00ms : 0.82;-0.51;-0.23;-9.83;6.84;6.41
612125.00ms : 0.88;-0.49;-0.22;-9.28;4.94;7.26
612145.00ms : 0.91;-0.48;-0.23;-5.13;1.71;9.34
612165.00ms : 0.91;-0.44;-0.18;-2.50;-0.98;12.82
612185.00ms : 0.93;-0.44;-0.14;-2.32;-2.01;13.61
612205.00ms : 0.95;-0.40;-0.18;-2.44;-2.56;11.29
612225.00ms : 0.94;-0.39;-0.19;-3.78;-1.71;8.61
612245.00ms : 0.91;-0.38;-0.19;-5.37;-0.92;4.09
612265.00ms : 0.90;-0.36;-0.22;-6.77;0.92;1.77
612285.00ms : 0.91;-0.38;-0.24;-4.94;1.28;0.61
612305.00ms : 0.90;-0.38;-0.25;0.18;-0.98;3.97
612325.00ms : 0.90;-0.41;-0.25;5.68;-0.79;6.04
612345.00ms : 0.90;-0.43;-0.25;9.70;-1.95;5.98
612365.00ms : 0.89;-0.45;-0.23;9.89;-1.28;4.21
612385.00ms : 0.91;-0.43;-0.23;7.87;-2.62;1.71
612405.00ms : 0.90;-0.40;-0.23;5.19;-2.20;1.34
612425.00ms : 0.90;-0.42;-0.25;1.89;-0.24;1.53
612445.00ms : 0.90;-0.43;-0.24;-0.12;0.43;-0.55
612465.00ms : 0.90;-0.41;-0.23;-1.10;0.24;-1.40
612485.00ms : 0.89;-0.39;-0.22;-0.92;0.67;-0.61
612505.00ms : 0.90;-0.42;-0.23;-1.53;1.16;-0.12
612525.00ms : 0.89;-0.43;-0.24;-2.32;1.53;0.00
612545.00ms : 0.89;-0.43;-0.25;-2.99;1.34;-0.92
612565.00ms : 0.90;-0.42;-0.24;-2.56;1.04;-1.04
612585.00ms : 0.91;-0.39;-0.23;-2.14;0.73;-1.04
612605.00ms : 0.89;-0.42;-0.25;-2.50;2.32;0.24
612625.00ms : 0.90;-0.45;-0.25;-3.11;2.20;-1.77
612645.00ms : 0.90;-0.42;-0.25;-3.54;1.34;-2.14
612665.00ms : 0.90;-0.42;-0.25;-2.99;1.34;-1.10
612685.00ms : 0.90;-0.42;-0.26;-2.44;0.92;0.12
612705.00ms : 0.90;-0.43;-0.24;-1.71;0.49;0.61
612725.00ms : 0.90;-0.41;-0.25;-1.10;-0.12;0.67
612745.00ms : 0.90;-0.41;-0.23;0.00;0.31;0.00
612765.00ms : 0.90;-0.41;-0.24;-0.12;0.37;-0.06
612785.00ms : 0.90;-0.39;-0.25;0.24;0.49;0.49
612805.00ms : 0.90;-0.40;-0.24;2.08;-0.06;0.73
612825.00ms : 0.90;-0.41;-0.26;2.93;-0.55;1.34
612845.00ms : 0.89;-0.45;-0.25;3.30;-0.12;1.34
612865.00ms : 0.90;-0.43;-0.25;1.95;-0.43;-0.55
612885.00ms : 0.90;-0.40;-0.25;2.26;-0.61;0.79
612905.00ms : 0.90;-0.41;-0.26;4.03;-1.22;1.83
612925.00ms : 0.90;-0.42;-0.26;4.88;-1.53;1.53
612945.00ms : 0.90;-0.42;-0.25;4.58;-2.14;1.46
612965.00ms : 0.90;-0.43;-0.25;4.15;-2.01;2.44
612985.00ms : 0.89;-0.44;-0.25;3.05;-1.22;2.14
613005.00ms : 0.90;-0.42;-0.25;1.40;-1.46;1.10
613025.00ms : 0.90;-0.42;-0.25;0.79;-0.79;0.98
613045.00ms : 0.90;-0.41;-0.26;0.73;-0.98;1.59
613065.00ms : 0.90;-0.41;-0.26;1.46;-1.22;2.08
613085.00ms : 0.90;-0.42;-0.24;1.28;-1.53;1.95
613105.00ms : 0.90;-0.43;-0.24;0.79;-1.22;1.89
613125.00ms : 0.90;-0.42;-0.25;1.16;-1.46;1.65
613145.00ms : 0.90;-0.42;-0.25;0.73;-0.85;1.77
613165.00ms : 0.90;-0.41;-0.26;0.06;-0.49;1.77
613185.00ms : 0.90;-0.42;-0.25;0.06;-0.73;2.08
613205.00ms : 0.90;-0.43;-0.25;-0.73;-0.61;2.26
613225.00ms : 0.90;-0.42;-0.25;-1.53;-0.67;1.77
613245.00ms : 0.90;-0.40;-0.25;-1.59;-0.61;1.53
613265.00ms : 0.91;-0.39;-0.25;-0.61;-0.92;2.20
613285.00ms : 0.91;-0.40;-0.25;0.18;-0.98;2.75
613305.00ms : 0.90;-0.40;-0.24;1.16;-1.71;2.69
613325.00ms : 0.91;-0.41;-0.26;2.20;-1.83;2.93
613345.00ms : 0.90;-0.44;-0.25;2.32;-2.32;2.69
613365.00ms : 0.90;-0.44;-0.25;2.14;-2.50;2.44
613385.00ms : 0.90;-0.42;-0.25;2.14;-2.38;2.20
613405.00ms : 0.90;-0.40;-0.25;1.89;-1.71;2.20
613425.00ms : 0.92;-0.38;-0.25;2.08;-1.89;3.42
613445.00ms : 0.90;-0.39;-0.26;2.38;-1.59;3.48
613465.00ms : 0.90;-0.41;-0.25;2.93;-2.20;3.17
613485.00ms : 0.90;-0.41;-0.25;2.32;-2.20;3.30
613505.00ms : 0.90;-0.42;-0.25;1.40;-1.40;3.17
613525.00ms : 0.90;-0.43;-0.25;0.12;-0.61;2.01
613545.00ms : 0.90;-0.42;-0.25;-1.71;-0.24;1.22
613565.00ms : 0.91;-0.40;-0.25;-2.81;0.12;0.92
613585.00ms : 0.91;-0.38;-0.25;-2.75;-0.18;0.55
613605.00ms : 0.91;-0.39;-0.25;-2.75;-0.37;1.71
613625.00ms : 0.90;-0.41;-0.26;-2.99;0.06;1.71
613645.00ms : 0.91;-0.40;-0.25;-2.75;-0.43;0.43
613665.00ms : 0.91;-0.39;-0.25;-1.95;-0.43;0.55
613685.00ms : 0.92;-0.38;-0.26;-0.92;-1.22;0.67
613705.00ms : 0.91;-0.39;-0.26;0.49;-1.59;1.83
613725.00ms : 0.90;-0.39;-0.25;1.16;-2.20;2.32
613745.00ms : 0.91;-0.39;-0.25;2.01;-2.62;2.14
613765.00ms : 0.90;-0.42;-0.25;1.53;-1.95;2.44
613785.00ms : 0.90;-0.40;-0.25;1.04;-2.08;1.46
613805.00ms : 0.91;-0.39;-0.25;1.46;-2.01;1.65
613825.00ms : 0.90;-0.40;-0.25;1.83;-2.01;2.08
613845.00ms : 0.90;-0.42;-0.26;0.18;-1.53;2.14
613865.00ms : 0.89;-0.44;-0.24;-3.85;-0.18;1.28
613885.00ms : 0.91;-0.40;-0.24;-6.16;0.73;-0.61
613905.00ms : 0.92;-0.36;-0.25;-4.58;0.61;0.12
613925.00ms : 0.91;-0.38;-0.26;-1.53;-0.31;2.26
613945.00ms : 0.89;-0.44;-0.25;0.06;-0.49;2.62
613965.00ms : 0.90;-0.43;-0.24;-0.61;-0.92;1.28
613985.00ms : 0.91;-0.39;-0.25;-0.92;-0.49;0.49
614005.00ms : 0.92;-0.37;-0.26;-1.10;0.00;0.79
614025.00ms : 0.92;-0.39;-0.25;-1.10;-0.12;1.34
614045.00ms : 0.91;-0.39;-0.26;-0.92;-0.49;1.65
614065.00ms : 0.91;-0.38;-0.26;0.18;-0.98;1.59
614085.00ms : 0.92;-0.39;-0.26;0.73;-0.98;1.46
614105.00ms : 0.91;-0.39;-0.25;0.31;-1.04;1.46
614125.00ms : 0.91;-0.39;-0.25;-0.12;-1.40;1.16
614145.00ms : 0.91;-0.38;-0.24;0.73;-2.01;1.28
614165.00ms : 0.92;-0.38;-0.26;1.28;-2.69;1.65
614185.00ms : 0.91;-0.39;-0.25;1.04;-2.93;1.89
614205.00ms : 0.91;-0.39;-0.26;1.28;-2.62;1.89
614225.00ms : 0.92;-0.38;-0.26;1.04;-2.38;0.92
614245.00ms : 0.90;-0.40;-0.26;0.92;-2.01;1.89
614265.00ms : 0.90;-0.42;-0.24;0.12;-1.59;1.22
614285.00ms : 0.91;-0.40;-0.24;0.24;-1.77;0.18
614305.00ms : 0.91;-0.37;-0.25;0.92;-1.34;0.55
614325.00ms : 0.91;-0.39;-0.26;1.10;-1.04;1.89
614345.00ms : 0.90;-0.41;-0.25;0.24;-0.92;1.10
614365.00ms : 0.90;-0.42;-0.25;-1.65;-0.79;0.43
614385.00ms : 0.91;-0.40;-0.25;-2.20;-0.85;-0.18
614405.00ms : 0.92;-0.36;-0.25;-0.61;-1.34;0.85
614425.00ms : 0.91;-0.38;-0.26;0.43;-1.28;1.71
614445.00ms : 0.90;-0.40;-0.25;0.49;-1.46;1.16
614465.00ms : 0.91;-0.39;-0.25;0.79;-1.59;0.73
614485.00ms : 0.92;-0.37;-0.26;1.77;-1.95;0.37
614505.00ms : 0.91;-0.40;-0.26;1.16;-1.71;1.65
614525.00ms : 0.91;-0.39;-0.25;0.61;-1.89;1.53
614545.00ms : 0.91;-0.39;-0.25;0.24;-1.89;0.73
614565.00ms : 0.92;-0.37;-0.25;0.00;-3.23;1.71
614585.00ms : 0.91;-0.40;-0.26;0.43;-2.56;1.28
614605.00ms : 0.91;-0.40;-0.25;-0.85;-1.65;1.04
614625.00ms : 0.91;-0.38;-0.25;-1.04;-1.34;0.98
614645.00ms : 0.91;-0.38;-0.25;0.55;-1.34;0.55
614665.00ms : 0.91;-0.38;-0.26;1.04;-1.34;0.67
614685.00ms : 0.91;-0.41;-0.25;-0.12;-1.40;0.61
614705.00ms : 0.91;-0.42;-0.25;-0.49;-1.95;0.85
614725.00ms : 0.90;-0.40;-0.25;-0.55;-1.34;0.31
614745.00ms : 0.91;-0.37;-0.25;0.67;-1.22;-0.61
614765.00ms : 0.92;-0.36;-0.25;0.18;-1.28;0.55
614785.00ms : 0.90;-0.40;-0.25;-0.79;-0.67;1.22
614805.00ms : 0.90;-0.40;-0.25;-0.85;-0.92;0.37
614825.00ms : 0.91;-0.39;-0.25;-0.06;-1.59;-0.18
614845.00ms : 0.91;-0.38;-0.26;0.37;-1.53;0.12
614865.00ms : 0.92;-0.37;-0.24;0.67;-1.53;0.98
614885.00ms : 0.91;-0.39;-0.25;0.31;-1.59;0.98
614905.00ms : 0.91;-0.39;-0.26;0.73;-2.08;0.98
614925.00ms : 0.91;-0.39;-0.25;1.22;-1.77;0.37
614945.00ms : 0.91;-0.39;-0.25;0.98;-2.08;0.73
614965.00ms : 0.91;-0.40;-0.25;-0.06;-1.65;0.67
614985.00ms : 0.91;-0.40;-0.25;-0.61;-1.89;0.92
615005.00ms : 0.91;-0.39;-0.25;-0.18;-2.08;0.55
615025.00ms : 0.91;-0.38;-0.24;-0.06;-1.89;0.55
615045.00ms : 0.91;-0.39;-0.25;-0.49;-2.08;0.79
615065.00ms : 0.91;-0.39;-0.25;-0.37;-1.83;0.92
615085.00ms : 0.92;-0.36;-0.25;0.43;-2.38;0.67
615105.00ms : 0.91;-0.38;-0.25;1.71;-2.32;1.28
615125.00ms : 0.91;-0.40;-0.25;1.16;-2.56;1.95
615145.00ms : 0.90;-0.41;-0.24;0.24;-2.08;0.85
615165.00ms : 0.92;-0.37;-0.25;0.06;-2.75;0.37
615185.00ms : 0.91;-0.39;-0.25;-0.55;-2.56;1.65
615205.00ms : 0.91;-0.39;-0.25;-0.43;-2.50;1.34
615225.00ms : 0.91;-0.38;-0.24;0.06;-2.26;0.73
615245.00ms : 0.92;-0.37;-0.25;1.22;-2.69;0.31
615265.00ms : 0.91;-0.38;-0.25;1.77;-2.50;0.79
615285.00ms : 0.91;-0.40;-0.25;1.16;-2.87;1.34
615305.00ms : 0.91;-0.40;-0.25;1.34;-2.87;0.79
615325.00ms : 0.91;-0.38;-0.25;1.40;-3.05;0.18
615345.00ms : 0.92;-0.38;-0.25;0.85;-2.56;0.67
615365.00ms : 0.89;-0.41;-0.24;-0.06;-1.77;0.98
615385.00ms : 0.90;-0.42;-0.25;-1.59;-1.95;1.10
615405.00ms : 0.92;-0.40;-0.24;-0.98;-2.56;0.55
615425.00ms : 0.91;-0.39;-0.24;-0.06;-3.30;0.73
615445.00ms : 0.91;-0.37;-0.24;1.46;-3.60;0.92
615465.00ms : 0.91;-0.38;-0.24;2.14;-3.91;1.65
615485.00ms : 0.92;-0.39;-0.25;2.20;-3.97;0.85
615505.00ms : 0.93;-0.37;-0.25;2.93;-4.76;0.06
615525.00ms : 0.92;-0.36;-0.26;4.15;-4.70;0.18
615545.00ms : 0.93;-0.36;-0.24;7.02;-5.37;-0.06
615565.00ms : 0.95;-0.33;-0.24;10.50;-5.98;-0.79
615585.00ms : 0.94;-0.32;-0.22;14.59;-7.08;0.12
615605.00ms : 0.96;-0.30;-0.19;15.69;-8.61;0.67
615625.00ms : 0.97;-0.26;-0.21;16.54;-11.23;2.50
615645.00ms : 0.96;-0.29;-0.20;20.26;-10.99;4.21
615665.00ms : 0.95;-0.36;-0.22;22.71;-12.02;3.60
615685.00ms : 0.92;-0.41;-0.23;19.10;-12.45;3.78
615705.00ms : 0.94;-0.45;-0.26;14.22;-12.76;5.19
615725.00ms : 0.91;-0.40;-0.25;9.03;-10.13;9.03
615745.00ms : 0.97;-0.32;-0.23;4.88;-10.19;14.89
615765.00ms : 0.97;-0.23;-0.25;6.29;-10.25;22.95
615785.00ms : 1.00;-0.16;-0.24;5.31;-10.44;34.48
615805.00ms : 1.01;-0.15;-0.27;11.41;-13.79;42.42
615825.00ms : 1.01;-0.09;-0.28;19.29;-17.76;50.90
615845.00ms : 1.03;-0.05;-0.30;27.04;-19.53;59.88
615865.00ms : 1.03;-0.09;-0.31;29.54;-14.34;68.36
615885.00ms : 1.02;-0.15;-0.28;25.51;-8.61;69.64
615905.00ms : 1.01;-0.16;-0.25;20.32;-9.34;71.66
615925.00ms : 1.00;-0.17;-0.22;16.36;-10.56;76.42
615945.00ms : 1.00;-0.21;-0.19;10.19;-11.41;79.59
615965.00ms : 1.00;-0.17;-0.20;-0.85;-9.89;77.70
615985.00ms : 1.01;-0.13;-0.22;-9.16;-6.84;75.87
616005.00ms : 0.99;-0.13;-0.18;-13.73;-5.25;75.01
616025.00ms : 0.99;-0.14;-0.19;-15.44;-3.85;75.20
616045.00ms : 0.98;-0.18;-0.19;-17.52;-3.36;71.96
616065.00ms : 0.98;-0.15;-0.17;-25.33;-3.48;68.30
616085.00ms : 0.95;-0.15;-0.17;-29.05;-3.11;63.72
616105.00ms : 0.94;-0.11;-0.15;-28.69;-3.48;59.14
616125.00ms : 0.94;-0.05;-0.16;-23.62;-5.62;56.82
616145.00ms : 0.94;-0.06;-0.14;-17.82;-6.53;53.53
616165.00ms : 0.95;-0.06;-0.17;-16.91;-4.21;47.06
616185.00ms : 0.92;-0.16;-0.16;-18.86;-3.11;38.64
616205.00ms : 0.89;-0.21;-0.16;-23.62;-4.46;32.10
616225.00ms : 0.91;-0.18;-0.17;-27.04;-6.41;29.11
616245.00ms : 0.93;-0.06;-0.23;-22.77;-5.92;24.78
616265.00ms : 0.94;0.02;-0.20;-13.12;-3.66;19.71
616285.00ms : 0.91;-0.06;-0.18;-4.58;-3.17;13.00
616305.00ms : 0.92;-0.16;-0.20;-1.89;-4.58;7.63
616325.00ms : 0.95;-0.14;-0.23;-2.08;-3.97;4.76
616345.00ms : 0.94;-0.11;-0.20;-6.10;1.95;0.43
616365.00ms : 0.91;-0.08;-0.17;-11.84;3.54;-3.97
616385.00ms : 0.95;-0.02;-0.16;-11.78;1.71;-4.94
616405.00ms : 1.00;0.03;-0.17;-7.87;1.04;-3.17
616425.00ms : 0.98;0.03;-0.19;-4.09;2.99;-3.11
616445.00ms : 0.95;0.04;-0.19;-5.55;6.23;-4.94
616465.00ms : 0.96;0.04;-0.19;-8.54;5.92;-5.86
616485.00ms : 0.98;0.07;-0.20;-9.28;4.33;-4.76
616505.00ms : 0.98;0.11;-0.22;-6.41;3.17;-2.26
616525.00ms : 0.96;0.07;-0.19;-4.88;6.10;-4.39
616545.00ms : 0.95;0.01;-0.19;-7.69;7.20;-8.54
616565.00ms : 0.94;-0.07;-0.24;-10.56;10.13;-12.51
616585.00ms : 0.92;-0.06;-0.21;-9.64;11.17;-19.04
616605.00ms : 0.93;-0.01;-0.19;-3.54;9.34;-25.82
616625.00ms : 0.94;0.02;-0.19;5.74;8.12;-35.10
616645.00ms : 0.99;-0.02;-0.18;17.58;6.77;-44.49
616665.00ms : 0.99;-0.08;-0.18;32.65;-0.85;-46.51
616685.00ms : 0.95;-0.10;-0.22;47.55;-6.77;-45.53
616705.00ms : 0.95;-0.11;-0.24;59.51;-7.87;-48.16
616725.00ms : 0.96;-0.14;-0.18;65.73;-5.62;-59.33
616745.00ms : 0.98;-0.17;-0.17;63.23;-9.03;-65.25
616765.00ms : 1.00;-0.27;-0.14;57.31;-11.66;-58.84
616785.00ms : 0.81;-0.38;-0.22;48.58;-9.64;-60.00
616805.00ms : 0.86;-0.41;-0.20;35.34;-8.24;-64.45
616825.00ms : 0.95;-0.36;-0.19;21.12;-9.09;-69.89
616845.00ms : 0.97;-0.27;-0.23;14.34;-9.40;-69.52
616865.00ms : 0.97;-0.24;-0.19;18.31;-9.95;-70.07
616885.00ms : 0.98;-0.21;-0.15;23.19;-9.64;-73.24
616905.00ms : 1.01;-0.19;-0.15;20.32;-8.42;-73.24
616925.00ms : 1.03;-0.24;-0.22;17.21;-9.58;-72.02
616945.00ms : 1.01;-0.26;-0.22;17.09;-9.70;-70.80
616965.00ms : 1.00;-0.26;-0.26;15.44;-8.48;-65.06
616985.00ms : 1.02;-0.24;-0.24;11.54;-6.23;-59.20
617005.00ms : 1.02;-0.22;-0.25;9.03;1.53;-58.41
617025.00ms : 1.00;-0.29;-0.24;0.06;11.11;-61.46
617045.00ms : 0.99;-0.34;-0.26;-21.55;21.55;-60.91
617065.00ms : 0.93;-0.34;-0.29;-43.88;31.98;-57.31
617085.00ms : 0.90;-0.30;-0.29;-60.91;42.66;-51.70
617105.00ms : 0.92;-0.29;-0.25;-71.84;48.89;-46.51
617125.00ms : 0.99;-0.22;-0.20;-79.04;45.78;-39.55
617145.00ms : 1.06;-0.11;-0.20;-79.04;35.83;-22.03
617165.00ms : 1.01;-0.13;-0.23;-66.22;28.02;-2.32
617185.00ms : 1.04;-0.15;-0.27;-53.59;19.96;13.67
617205.00ms : 0.99;-0.25;-0.24;-34.36;17.46;11.23
617225.00ms : 0.93;-0.36;-0.20;-19.53;12.45;3.91
617245.00ms : 0.92;-0.46;-0.21;-8.48;3.66;-1.59
617265.00ms : 0.86;-0.46;-0.19;-3.85;-3.05;4.39
617285.00ms : 0.90;-0.37;-0.21;1.77;-6.71;12.76
617305.00ms : 0.92;-0.33;-0.23;9.77;-8.18;20.69
617325.00ms : 0.90;-0.43;-0.21;12.63;-8.48;19.41
617345.00ms : 0.89;-0.47;-0.22;7.75;-7.39;11.23
617365.00ms : 0.89;-0.45;-0.21;3.11;-5.74;7.93
617385.00ms : 0.90;-0.43;-0.21;0.85;-4.27;9.70
617405.00ms : 0.90;-0.44;-0.18;-0.73;-4.09;7.26
617425.00ms : 0.90;-0.41;-0.18;-2.32;-3.30;5.13
617445.00ms : 0.89;-0.39;-0.16;-3.60;-1.83;3.60
617465.00ms : 0.90;-0.41;-0.15;-7.14;0.24;2.87
617485.00ms : 0.90;-0.43;-0.14;-12.39;2.26;0.67
617505.00ms : 0.89;-0.39;-0.14;-15.14;2.69;-2.50
617525.00ms : 0.92;-0.39;-0.18;-17.76;2.32;-3.72
617545.00ms : 0.92;-0.35;-0.19;-20.57;2.93;-0.24
617565.00ms : 0.88;-0.41;-0.14;-20.32;4.09;1.65
617585.00ms : 0.86;-0.48;-0.11;-28.93;2.75;2.14
617605.00ms : 0.89;-0.43;-0.10;-39.18;-1.04;-1.10
617625.00ms : 0.91;-0.35;-0.10;-43.64;-5.25;2.38
617645.00ms : 0.94;-0.32;-0.10;-42.42;-11.29;8.54
617665.00ms : 0.89;-0.37;-0.06;-41.14;-14.40;15.32
617685.00ms : 0.89;-0.40;-0.03;-47.79;-16.36;14.28
617705.00ms : 0.90;-0.37;-0.04;-58.35;-19.90;15.38
617725.00ms : 0.94;-0.26;-0.01;-60.67;-26.49;16.66
617745.00ms : 0.97;-0.22;-0.01;-62.01;-28.69;23.25
617765.00ms : 0.97;-0.20;-0.05;-59.57;-30.64;24.78
617785.00ms : 0.95;-0.22;-0.06;-58.35;-31.07;25.21
617805.00ms : 0.91;-0.23;-0.08;-58.96;-32.35;25.82
617825.00ms : 0.94;-0.23;-0.06;-62.93;-31.25;26.06
617845.00ms : 0.93;-0.24;-0.02;-70.50;-27.59;23.01
617865.00ms : 0.90;-0.26;-0.03;-82.64;-25.27;24.23
617885.00ms : 0.93;-0.17;-0.06;-87.59;-26.12;23.86
617905.00ms : 0.93;-0.10;-0.05;-85.51;-23.99;25.82
617925.00ms : 0.93;-0.06;-0.00;-79.65;-20.94;26.61
617945.00ms : 0.97;-0.12;0.05;-77.03;-20.69;28.32
617965.00ms : 0.90;-0.06;-0.01;-70.50;-22.89;24.84
617985.00ms : 0.94;-0.03;-0.05;-60.85;-23.38;24.41
618005.00ms : 0.96;-0.05;-0.07;-45.53;-24.78;28.32
618025.00ms : 0.92;-0.16;-0.06;-27.83;-26.12;33.33
618045.00ms : 0.85;-0.21;-0.05;-20.14;-25.70;35.16
618065.00ms : 0.84;-0.19;-0.03;-17.82;-26.49;32.10
618085.00ms : 0.83;-0.15;-0.05;-16.54;-27.71;28.93
618105.00ms : 0.83;-0.16;-0.05;-14.65;-25.39;25.63
618125.00ms : 0.81;-0.18;-0.02;-12.02;-23.44;22.89
618145.00ms : 0.79;-0.15;-0.07;-10.25;-18.37;17.33
618165.00ms : 0.79;-0.12;-0.03;-6.59;-15.87;11.11
618185.00ms : 0.79;-0.10;-0.01;-1.53;-14.40;7.81
618205.00ms : 0.79;-0.10;-0.06;7.14;-11.90;5.55
618225.00ms : 0.81;-0.14;-0.04;11.05;-5.55;0.73
618245.00ms : 0.82;-0.16;0.02;6.90;-1.83;-5.13
618265.00ms : 0.85;-0.12;0.04;0.98;0.12;-5.43
618285.00ms : 0.88;-0.02;0.07;-2.20;2.99;-3.91
618305.00ms : 0.89;0.02;0.11;-2.01;4.70;-2.32
618325.00ms : 0.85;0.01;0.13;-2.62;5.62;-3.85
618345.00ms : 0.83;0.04;0.17;-3.54;3.66;-4.39
618365.00ms : 0.87;0.06;0.15;-0.67;-0.79;0.06
618385.00ms : 0.87;0.03;0.15;4.46;-2.87;4.58
618405.00ms : 0.86;0.01;0.14;5.62;-4.33;4.88
618425.00ms : 0.84;-0.03;0.12;2.20;-3.48;2.50
618445.00ms : 0.84;-0.07;0.11;-5.13;-1.77;0.61
618465.00ms : 0.83;-0.05;0.08;-10.13;-1.65;1.46
618485.00ms : 0.85;-0.03;0.08;-9.28;-2.93;2.08
618505.00ms : 0.86;0.01;0.06;-4.64;-2.56;1.46
618525.00ms : 0.86;-0.00;0.07;-0.79;-2.75;1.53
618545.00ms : 0.84;-0.04;0.08;1.71;-2.69;1.77
618565.00ms : 0.84;-0.06;0.07;1.77;-2.99;2.87
618585.00ms : 0.85;-0.04;0.08;2.20;-4.15;2.20
618605.00ms : 0.85;-0.02;0.09;3.78;-3.78;1.22
618625.00ms : 0.83;-0.04;0.10;4.09;-2.26;0.31
618645.00ms : 0.82;-0.04;0.10;1.71;-2.01;-0.61
618665.00ms : 0.84;-0.02;0.09;0.18;-2.14;-0.73
618685.00ms : 0.85;-0.02;0.07;2.14;-2.20;0.12
618705.00ms : 0.84;-0.04;0.05;5.49;-1.71;0.49
618725.00ms : 0.84;-0.06;0.05;8.42;-0.37;-0.18
618745.00ms : 0.83;-0.07;0.05;11.23;2.69;-2.69
618765.00ms : 0.85;-0.09;0.06;14.40;5.49;-7.20
618785.00ms : 0.82;-0.12;0.02;20.75;8.00;-11.66
618805.00ms : 0.82;-0.13;-0.00;28.81;7.87;-13.49
618825.00ms : 0.83;-0.11;-0.05;41.63;7.81;-14.10
618845.00ms : 0.83;-0.10;-0.07;54.32;9.83;-12.63
618865.00ms : 0.84;-0.18;-0.07;67.75;10.62;-11.60
618885.00ms : 0.84;-0.20;-0.15;79.65;10.99;-13.00
618905.00ms : 0.86;-0.23;-0.15;86.79;16.91;-19.78
618925.00ms : 0.86;-0.31;-0.05;84.59;24.41;-25.94
618945.00ms : 0.83;-0.33;-0.04;74.28;28.75;-34.55
618965.00ms : 0.85;-0.29;-0.07;61.22;35.16;-42.48
618985.00ms : 0.90;-0.30;-0.03;49.07;42.05;-45.90
619005.00ms : 0.92;-0.32;-0.01;32.59;50.23;-46.26
619025.00ms : 0.95;-0.21;-0.06;29.60;49.44;-44.31
619045.00ms : 0.98;-0.15;-0.07;46.02;43.21;-38.76
619065.00ms : 0.93;-0.19;-0.07;62.13;40.53;-34.30
619085.00ms : 0.96;-0.27;-0.01;64.82;39.73;-32.65
619105.00ms : 0.98;-0.32;0.02;65.92;39.86;-36.56
619125.00ms : 0.99;-0.31;0.11;62.44;37.11;-36.01
619145.00ms : 0.90;-0.31;0.17;46.39;28.69;-28.81
619165.00ms : 0.79;-0.28;0.12;29.48;23.74;-21.73
619185.00ms : 0.87;-0.28;0.06;14.95;20.02;-21.00
619205.00ms : 0.96;-0.22;0.04;10.31;16.54;-24.60
619225.00ms : 0.94;-0.18;-0.01;21.36;11.05;-17.58
619245.00ms : 0.91;-0.27;-0.03;32.59;6.29;-7.93
619265.00ms : 0.91;-0.41;-0.10;35.22;0.31;-3.91
619285.00ms : 0.87;-0.50;-0.18;28.81;2.99;-6.47
619305.00ms : 0.88;-0.52;-0.22;16.05;7.51;-11.05
619325.00ms : 0.90;-0.45;-0.23;10.07;9.52;-10.80
619345.00ms : 0.87;-0.41;-0.22;12.51;12.70;-8.73
619365.00ms : 0.86;-0.39;-0.21;15.69;14.04;-7.02
619385.00ms : 0.88;-0.38;-0.22;17.76;14.34;-5.37
619405.00ms : 0.91;-0.39;-0.17;16.97;13.61;-4.39
619425.00ms : 0.89;-0.41;-0.12;13.43;10.80;-2.50
619445.00ms : 0.89;-0.44;-0.08;8.67;6.16;2.32
619465.00ms : 0.85;-0.50;-0.08;0.98;1.53;6.53
619485.00ms : 0.85;-0.50;-0.14;-5.43;-2.69;8.48
619505.00ms : 0.85;-0.47;-0.26;-5.62;-1.53;2.50
619525.00ms : 0.88;-0.44;-0.24;0.00;-1.83;0.61
619545.00ms : 0.88;-0.46;-0.24;7.93;-5.80;3.36
619565.00ms : 0.85;-0.46;-0.25;11.35;-6.77;8.36
619585.00ms : 0.87;-0.42;-0.22;12.82;-6.71;13.06
619605.00ms : 0.87;-0.43;-0.21;13.18;-5.31;14.89
619625.00ms : 0.90;-0.48;-0.21;9.46;-3.91;14.40
619645.00ms : 0.90;-0.50;-0.18;5.25;-4.58;10.50
619665.00ms : 0.88;-0.46;-0.19;2.01;-4.58;7.87
619685.00ms : 0.88;-0.43;-0.19;3.11;-4.15;5.92
619705.00ms : 0.88;-0.40;-0.22;2.62;-2.99;5.37
619725.00ms : 0.90;-0.40;-0.24;0.73;-1.22;4.58
619745.00ms : 0.93;-0.40;-0.23;-0.92;-0.79;3.66
619765.00ms : 0.90;-0.40;-0.22;-2.75;0.06;5.19
619785.00ms : 0.89;-0.42;-0.21;-3.54;1.10;4.33
619805.00ms : 0.88;-0.44;-0.20;-5.07;1.16;2.26
619825.00ms : 0.89;-0.42;-0.22;-5.43;0.55;1.10
619845.00ms : 0.92;-0.39;-0.23;-3.23;-0.37;1.34
619865.00ms : 0.90;-0.40;-0.25;-0.98;0.06;4.33
619885.00ms : 0.89;-0.42;-0.23;-0.24;0.37;4.46
619905.00ms : 0.90;-0.41;-0.21;-0.24;-0.79;2.81
619925.00ms : 0.90;-0.39;-0.23;-1.04;-1.04;2.14
619945.00ms : 0.90;-0.40;-0.22;-0.49;-0.18;2.50
619965.00ms : 0.91;-0.41;-0.23;-0.31;-0.55;1.65
619985.00ms : 0.91;-0.38;-0.24;0.85;-1.22;2.44
620005.00ms : 0.90;-0.39;-0.23;3.05;-0.55;3.23
620025.00ms : 0.90;-0.38;-0.22;3.78;-0.98;2.32
620045.00ms : 0.90;-0.41;-0.23;2.44;-1.04;2.81
620065.00ms : 0.89;-0.43;-0.23;1.28;-0.24;3.17
620085.00ms : 0.90;-0.43;-0.22;0.24;-0.55;2.32
620105.00ms : 0.90;-0.40;-0.24;1.59;-1.10;1.77
620125.00ms : 0.90;-0.41;-0.24;1.59;-0.67;2.75
620145.00ms : 0.90;-0.42;-0.23;0.98;-1.40;2.38
620165.00ms : 0.90;-0.37;-0.21;1.65;-1.46;2.01
620185.00ms : 0.91;-0.37;-0.23;2.20;-2.14;2.81
620205.00ms : 0.90;-0.38;-0.23;2.81;-2.01;3.36
620225.00ms : 0.90;-0.40;-0.23;3.05;-1.83;3.30
620245.00ms : 0.91;-0.40;-0.23;3.30;-2.26;2.32
620265.00ms : 0.91;-0.40;-0.24;2.50;-1.71;2.62
620285.00ms : 0.90;-0.43;-0.23;1.34;-1.59;1.95
620305.00ms : 0.90;-0.39;-0.22;0.73;-1.10;1.28
620325.00ms : 0.91;-0.38;-0.23;1.22;-1.40;1.22
620345.00ms : 0.91;-0.39;-0.24;1.71;-1.46;1.77
620365.00ms : 0.91;-0.40;-0.23;2.01;-2.20;2.20
620385.00ms : 0.90;-0.41;-0.24;1.40;-2.01;2.20
620405.00ms : 0.90;-0.41;-0.22;0.37;-1.83;1.40
620425.00ms : 0.91;-0.38;-0.22;0.73;-1.71;0.37
620445.00ms : 0.92;-0.38;-0.25;0.85;-1.95;1.77
620465.00ms : 0.90;-0.41;-0.24;0.24;-1.34;2.81
620485.00ms : 0.90;-0.41;-0.23;-0.73;-2.08;1.34
620505.00ms : 0.91;-0.39;-0.23;-1.28;-1.89;0.85
620525.00ms : 0.90;-0.40;-0.23;-1.59;-1.04;0.98
620545.00ms : 0.91;-0.41;-0.23;-2.20;-1.10;1.59
620565.00ms : 0.89;-0.41;-0.23;-2.87;-1.40;1.65
620585.00ms : 0.90;-0.40;-0.22;-2.38;-1.34;0.67
620605.00ms : 0.90;-0.39;-0.23;-2.62;-1.34;0.73
620625.00ms : 0.91;-0.38;-0.23;-3.17;-0.79;0.92
620645.00ms : 0.90;-0.39;-0.22;-4.15;-0.18;1.16
620665.00ms : 0.91;-0.38;-0.23;-4.76;-0.73;0.92
620685.00ms : 0.90;-0.39;-0.24;-4.70;-0.37;1.22
620705.00ms : 0.90;-0.40;-0.24;-3.85;-0.79;1.10
620725.00ms : 0.91;-0.39;-0.22;-3.48;-0.18;0.85
620745.00ms : 0.90;-0.40;-0.23;-4.76;0.12;0.49
620765.00ms : 0.90;-0.40;-0.23;-6.41;0.79;0.67
620785.00ms : 0.90;-0.39;-0.23;-7.08;0.92;0.00
620805.00ms : 0.91;-0.38;-0.22;-7.02;0.73;-0.55
620825.00ms : 0.91;-0.36;-0.23;-4.76;-0.37;-0.37
620845.00ms : 0.91;-0.37;-0.24;-1.83;-0.98;1.22
620865.00ms : 0.91;-0.39;-0.23;-0.12;-1.95;1.77
620885.00ms : 0.90;-0.40;-0.22;0.06;-1.89;1.40
620905.00ms : 0.90;-0.40;-0.22;-0.79;-1.89;0.31
620925.00ms : 0.91;-0.38;-0.23;-0.61;-2.50;0.00
620945.00ms : 0.91;-0.38;-0.23;0.92;-2.87;1.22
620965.00ms : 0.92;-0.38;-0.24;2.44;-3.54;1.65
620985.00ms : 0.90;-0.39;-0.22;3.23;-3.11;1.59
621005.00ms : 0.90;-0.39;-0.22;1.83;-2.75;0.49
621025.00ms : 0.91;-0.39;-0.22;1.65;-2.93;0.55
621045.00ms : 0.91;-0.39;-0.23;2.20;-2.93;1.40
621065.00ms : 0.91;-0.38;-0.22;3.97;-3.97;1.40
621085.00ms : 0.91;-0.37;-0.22;5.00;-3.66;1.71
621105.00ms : 0.89;-0.41;-0.21;2.26;-2.38;1.28
621125.00ms : 0.90;-0.39;-0.23;0.43;-1.83;0.43
621145.00ms : 0.92;-0.37;-0.23;1.28;-2.75;0.24
621165.00ms : 0.91;-0.39;-0.23;2.93;-3.05;1.71
621185.00ms : 0.89;-0.41;-0.22;3.60;-2.75;1.83
621205.00ms : 0.90;-0.41;-0.22;1.46;-2.26;0.79
621225.00ms : 0.91;-0.38;-0.23;0.92;-2.56;0.18
621245.00ms : 0.91;-0.38;-0.23;1.65;-2.75;1.65
621265.00ms : 0.90;-0.39;-0.21;2.32;-3.23;1.71
621285.00ms : 0.91;-0.38;-0.21;3.17;-3.42;1.04
621305.00ms : 0.91;-0.38;-0.23;3.54;-3.66;1.16
621325.00ms : 0.91;-0.39;-0.23;2.87;-3.66;1.59
621345.00ms : 0.90;-0.40;-0.22;0.98;-3.36;1.04
621365.00ms : 0.90;-0.39;-0.22;-1.53;-2.69;-0.55
621385.00ms : 0.91;-0.37;-0.22;-1.34;-3.05;-0.37
621405.00ms : 0.91;-0.38;-0.23;-0.79;-3.11;0.85
621425.00ms : 0.90;-0.40;-0.22;0.43;-3.30;0.73
621445.00ms : 0.90;-0.40;-0.22;1.77;-4.09;0.24
621465.00ms : 0.90;-0.38;-0.22;2.99;-4.39;0.37
621485.00ms : 0.92;-0.37;-0.21;3.17;-3.97;0.92
621505.00ms : 0.92;-0.39;-0.22;2.32;-4.15;1.40
621525.00ms : 0.89;-0.40;-0.21;2.32;-3.48;0.92
621545.00ms : 0.89;-0.39;-0.20;2.08;-3.05;-0.49
621565.00ms : 0.90;-0.37;-0.20;0.79;-3.54;-0.67
621585.00ms : 0.92;-0.39;-0.24;-1.71;-3.60;1.83
621605.00ms : 0.89;-0.40;-0.21;-2.08;-1.34;1.46
621625.00ms : 0.90;-0.40;-0.19;-3.42;-1.16;-1.53
621645.00ms : 0.89;-0.39;-0.21;-5.74;-1.71;-2.69
621665.00ms : 0.89;-0.39;-0.23;-6.29;-1.53;1.04
621685.00ms : 0.89;-0.42;-0.20;-6.35;-0.67;2.01
621705.00ms : 0.91;-0.39;-0.21;-6.16;-1.53;0.06
621725.00ms : 0.91;-0.38;-0.19;-5.74;-1.53;-0.85
621745.00ms : 0.90;-0.37;-0.22;-5.49;-1.59;-0.12
621765.00ms : 0.89;-0.38;-0.21;-2.14;-2.20;1.53
621785.00ms : 0.90;-0.38;-0.21;-0.55;-2.81;2.50
621805.00ms : 0.92;-0.39;-0.20;-0.06;-2.81;2.26
621825.00ms : 0.89;-0.39;-0.19;-0.31;-2.44;0.85
621845.00ms : 0.90;-0.38;-0.22;-0.12;-2.32;0.37
621865.00ms : 0.91;-0.38;-0.22;1.16;-2.26;0.24
621885.00ms : 0.92;-0.38;-0.21;2.62;-2.62;-0.06
621905.00ms : 0.95;-0.33;-0.21;4.64;-4.21;-1.40
621925.00ms : 0.97;-0.26;-0.22;10.19;-6.35;-0.49
621945.00ms : 1.00;-0.21;-0.22;18.80;-9.40;2.38
621965.00ms : 0.98;-0.20;-0.15;28.93;-11.35;4.70
621985.00ms : 0.96;-0.27;-0.17;32.84;-12.33;4.39
622005.00ms : 0.94;-0.35;-0.15;29.36;-9.46;6.77
622025.00ms : 0.92;-0.41;-0.17;19.10;-6.53;8.97
622045.00ms : 1.01;-0.25;-0.28;9.70;-8.73;17.94
622065.00ms : 1.06;-0.14;-0.32;18.07;-7.87;33.33
622085.00ms : 1.03;-0.13;-0.30;31.13;-8.12;49.99
622105.00ms : 1.02;-0.15;-0.27;38.88;-10.50;59.75
622125.00ms : 1.01;-0.17;-0.28;38.88;-10.86;62.62
622145.00ms : 1.00;-0.19;-0.27;31.74;-10.93;65.55
622165.00ms : 1.01;-0.20;-0.25;21.73;-7.20;70.50
622185.00ms : 1.00;-0.22;-0.21;11.17;-2.20;74.28
622205.00ms : 0.99;-0.23;-0.19;5.49;-1.65;73.67
622225.00ms : 0.98;-0.18;-0.17;0.79;-4.94;77.33
622245.00ms : 1.01;-0.18;-0.16;-2.20;-8.85;82.09
622265.00ms : 1.01;-0.14;-0.15;-6.35;-11.23;84.96
622285.00ms : 1.01;-0.10;-0.15;-8.97;-11.84;83.80
622305.00ms : 0.99;-0.13;-0.17;-11.90;-10.07;81.54
622325.00ms : 0.96;-0.14;-0.14;-16.48;-8.06;79.53
622345.00ms : 0.93;-0.18;-0.18;-22.22;-5.19;74.58
622365.00ms : 0.93;-0.20;-0.15;-29.85;-3.17;64.33
622385.00ms : 0.91;-0.17;-0.16;-41.08;-3.60;57.50
622405.00ms : 0.93;-0.13;-0.14;-45.41;-4.88;51.76
622425.00ms : 0.92;-0.05;-0.15;-40.59;-5.31;45.90
622445.00ms : 0.91;0.01;-0.19;-33.26;-6.53;41.63
622465.00ms : 0.90;-0.06;-0.20;-23.01;-6.96;38.76
622485.00ms : 0.88;-0.11;-0.18;-16.72;-11.11;34.55
622505.00ms : 0.90;-0.07;-0.20;-13.49;-8.73;28.32
622525.00ms : 0.92;-0.03;-0.20;-15.32;-3.36;19.10
622545.00ms : 0.87;-0.11;-0.18;-23.44;1.10;8.54
622565.00ms : 0.89;-0.13;-0.20;-31.13;0.43;1.59
622585.00ms : 0.98;-0.06;-0.20;-31.43;-0.67;0.61
622605.00ms : 1.00;0.04;-0.20;-23.93;0.24;2.14
622625.00ms : 1.00;0.08;-0.19;-14.47;0.67;3.05
622645.00ms : 0.99;0.02;-0.17;-11.72;1.53;0.06
622665.00ms : 0.98;0.03;-0.19;-11.35;0.12;-1.46
622685.00ms : 0.97;0.03;-0.18;-5.92;-2.50;0.67
622705.00ms : 0.97;0.05;-0.19;-1.46;-1.95;1.22
622725.00ms : 0.96;0.03;-0.18;-0.12;-1.53;-0.79
622745.00ms : 0.96;0.01;-0.17;0.98;-2.20;0.06
622765.00ms : 0.96;0.02;-0.18;1.83;-2.62;0.98
622785.00ms : 0.95;0.02;-0.18;-0.37;-0.67;-0.98
622805.00ms : 0.94;-0.00;-0.18;-5.98;0.98;-3.91
622825.00ms : 0.95;0.01;-0.19;-10.07;2.56;-5.86
622845.00ms : 0.95;0.01;-0.21;-10.07;2.62;-7.14
622865.00ms : 0.97;0.05;-0.21;-5.62;2.69;-8.91
622885.00ms : 0.96;0.06;-0.23;1.83;4.09;-12.33
622905.00ms : 0.96;0.04;-0.22;12.70;4.39;-16.54
622925.00ms : 0.94;-0.02;-0.18;24.05;4.64;-20.20
622945.00ms : 0.92;-0.07;-0.14;29.79;3.60;-29.30
622965.00ms : 0.92;-0.03;-0.13;29.85;2.08;-37.96
622985.00ms : 0.92;0.01;-0.19;31.49;6.04;-47.79
623005.00ms : 0.90;-0.05;-0.21;38.94;15.63;-69.70
623025.00ms : 0.92;-0.21;-0.11;40.22;9.95;-90.58
623045.00ms : 0.84;-0.35;-0.15;45.78;-2.14;-88.93
623065.00ms : 0.78;-0.32;-0.18;40.89;1.16;-89.23
623085.00ms : 0.94;-0.25;-0.15;36.93;2.93;-96.74
623105.00ms : 1.10;-0.14;-0.22;38.64;-1.22;-95.21
623125.00ms : 1.12;-0.09;-0.20;49.32;-10.86;-79.04
623145.00ms : 1.01;-0.14;-0.17;61.71;-21.85;-64.64
623165.00ms : 0.99;-0.18;-0.24;62.56;-27.04;-55.60
623185.00ms : 1.01;-0.24;-0.21;56.76;-25.45;-50.72
623205.00ms : 1.03;-0.28;-0.20;47.36;-27.28;-44.25
623225.00ms : 0.98;-0.29;-0.21;32.84;-25.76;-36.93
623245.00ms : 0.90;-0.29;-0.16;17.27;-15.32;-34.42
623265.00ms : 0.94;-0.30;-0.16;0.18;-9.16;-32.53
623285.00ms : 0.98;-0.32;-0.22;-7.45;0.12;-40.34
623305.00ms : 0.96;-0.37;-0.19;-15.56;7.32;-46.94
623325.00ms : 0.95;-0.33;-0.20;-28.38;7.51;-48.34
623345.00ms : 0.92;-0.30;-0.23;-36.32;11.47;-44.80
623365.00ms : 0.93;-0.34;-0.22;-35.34;17.40;-49.44
623385.00ms : 0.93;-0.36;-0.22;-32.71;19.65;-54.20
623405.00ms : 0.94;-0.34;-0.25;-31.01;17.82;-55.24
623425.00ms : 0.95;-0.32;-0.24;-25.02;16.11;-52.73
623445.00ms : 0.89;-0.38;-0.25;-22.83;19.78;-49.93
623465.00ms : 0.87;-0.45;-0.25;-28.38;24.41;-46.02
623485.00ms : 0.88;-0.42;-0.24;-40.47;29.97;-42.91
623505.00ms : 0.94;-0.39;-0.27;-54.69;31.49;-37.41
623525.00ms : 1.00;-0.31;-0.23;-63.23;31.25;-30.64
623545.00ms : 1.03;-0.24;-0.10;-63.66;25.45;-18.80
623565.00ms : 0.99;-0.21;-0.17;-56.82;20.08;-7.32
623585.00ms : 1.02;-0.20;-0.31;-45.53;22.16;-4.52
623605.00ms : 0.97;-0.33;-0.20;-23.80;20.57;-8.79
623625.00ms : 0.88;-0.40;-0.19;-10.01;10.62;-8.18
623645.00ms : 0.84;-0.41;-0.25;-0.37;1.22;-3.36
623665.00ms : 0.84;-0.38;-0.21;9.34;-4.39;8.06
623685.00ms : 0.84;-0.45;-0.21;15.87;-5.37;17.03
623705.00ms : 0.87;-0.50;-0.21;13.55;-5.25;19.10
623725.00ms : 0.84;-0.52;-0.19;8.54;-4.52;19.23
623745.00ms : 0.87;-0.51;-0.16;3.42;-4.03;16.48
623765.00ms : 0.90;-0.49;-0.15;1.83;-4.70;12.70
623785.00ms : 0.90;-0.47;-0.16;-0.79;-4.46;13.92
623805.00ms : 0.88;-0.47;-0.15;0.06;-2.62;11.29
623825.00ms : 0.88;-0.42;-0.14;0.18;-2.69;10.07
623845.00ms : 0.90;-0.45;-0.19;-2.32;-2.14;11.41
623865.00ms : 0.88;-0.44;-0.15;-5.68;0.00;10.38
623885.00ms : 0.88;-0.45;-0.15;-13.12;1.89;10.62
623905.00ms : 0.86;-0.50;-0.16;-20.94;2.75;8.54
623925.00ms : 0.85;-0.52;-0.14;-27.65;1.53;4.15
623945.00ms : 0.88;-0.49;-0.12;-34.85;-4.21;5.13
623965.00ms : 0.86;-0.42;-0.11;-40.83;-7.20;10.13
623985.00ms : 0.86;-0.40;-0.09;-46.81;-9.64;10.56
624005.00ms : 0.93;-0.34;-0.06;-54.14;-14.53;13.06
624025.00ms : 0.91;-0.32;-0.01;-53.59;-18.74;16.54
624045.00ms : 0.94;-0.23;0.01;-53.77;-24.48;22.89
624065.00ms : 0.97;-0.20;-0.02;-50.54;-29.72;27.04
624085.00ms : 0.93;-0.30;-0.01;-49.19;-29.42;22.95
624105.00ms : 0.89;-0.35;0.01;-56.15;-32.04;18.43
624125.00ms : 0.92;-0.32;0.00;-67.26;-32.23;20.02
624145.00ms : 0.94;-0.27;-0.01;-69.27;-34.85;20.26
624165.00ms : 0.96;-0.24;-0.02;-70.43;-35.34;23.56
624185.00ms : 0.94;-0.22;-0.04;-69.58;-34.24;26.00
624205.00ms : 0.93;-0.18;-0.06;-66.10;-31.74;25.21
624225.00ms : 0.91;-0.20;-0.03;-63.96;-29.54;24.17
624245.00ms : 0.96;-0.22;0.00;-65.73;-25.27;21.30
624265.00ms : 0.89;-0.28;0.04;-74.46;-25.76;14.34
624285.00ms : 0.85;-0.12;-0.10;-77.03;-22.52;8.67
624305.00ms : 0.85;-0.17;-0.13;-74.71;-12.82;14.40
624325.00ms : 0.84;-0.25;-0.08;-68.54;-11.84;15.14
624345.00ms : 0.87;-0.18;-0.04;-58.72;-19.35;15.93
624365.00ms : 0.87;-0.15;-0.01;-48.22;-24.05;20.32
624385.00ms : 0.86;-0.14;-0.04;-38.27;-23.50;19.78
624405.00ms : 0.83;-0.12;-0.01;-29.97;-22.03;16.66
624425.00ms : 0.83;-0.14;0.01;-23.86;-23.32;16.11
624445.00ms : 0.85;-0.13;-0.04;-18.49;-23.01;15.32
624465.00ms : 0.85;-0.16;-0.06;-16.30;-17.21;11.17
624485.00ms : 0.80;-0.18;0.00;-17.64;-13.92;8.61
624505.00ms : 0.83;-0.10;0.04;-14.59;-15.44;8.54
624525.00ms : 0.85;-0.02;0.04;-8.48;-14.47;7.57
624545.00ms : 0.85;-0.02;0.11;-1.46;-14.40;5.49
624565.00ms : 0.83;0.04;0.07;7.20;-15.44;5.49
624585.00ms : 0.81;-0.03;0.09;17.46;-18.55;11.23
624605.00ms : 0.85;-0.06;0.11;21.06;-19.23;12.82
624625.00ms : 0.83;-0.02;0.07;19.59;-15.99;11.47
624645.00ms : 0.79;-0.15;0.11;8.85;-9.09;8.12
624665.00ms : 0.79;-0.16;0.12;-3.36;-6.65;5.31
624685.00ms : 0.83;-0.08;0.09;-5.07;-6.96;4.64
624705.00ms : 0.84;-0.09;0.11;-3.48;-2.50;1.46
624725.00ms : 0.81;-0.09;0.10;-6.04;-1.10;-0.73
624745.00ms : 0.82;-0.08;0.11;-6.53;-0.31;-0.49
624765.00ms : 0.83;-0.07;0.12;-3.66;-1.34;1.22
624785.00ms : 0.84;-0.06;0.10;2.01;-2.08;2.01
624805.00ms : 0.82;-0.05;0.10;4.76;-0.92;0.37
624825.00ms : 0.82;-0.05;0.09;3.17;0.24;-2.01
624845.00ms : 0.83;-0.08;0.11;1.65;2.62;-0.67
624865.00ms : 0.81;-0.13;0.10;-0.67;3.36;-0.31
624885.00ms : 0.81;-0.11;0.12;-1.46;2.26;-0.37
624905.00ms : 0.81;-0.06;0.12;-2.44;2.32;-1.95
624925.00ms : 0.82;-0.08;0.12;-2.99;3.78;-2.62
624945.00ms : 0.81;-0.11;0.12;-5.86;5.37;-2.62
624965.00ms : 0.80;-0.11;0.10;-9.03;7.69;-2.69
624985.00ms : 0.82;-0.07;0.09;-9.64;9.46;-4.27
625005.00ms : 0.84;-0.08;0.06;-6.29;11.11;-6.84
625025.00ms : 0.87;-0.12;0.03;2.99;10.56;-5.19
625045.00ms : 0.80;-0.16;0.05;8.30;14.10;-3.72
625065.00ms : 0.82;-0.12;0.08;18.62;10.62;-10.68
625085.00ms : 0.83;-0.13;-0.01;28.63;11.35;-11.90
625105.00ms : 0.84;-0.16;-0.05;37.41;15.38;-15.44
625125.00ms : 0.82;-0.23;-0.04;40.59;20.20;-23.74
625145.00ms : 0.82;-0.23;-0.00;38.70;25.45;-30.21
625165.00ms : 0.85;-0.20;0.01;37.11;27.40;-36.38
625185.00ms : 0.92;-0.14;-0.02;41.56;25.39;-37.84
625205.00ms : 0.92;-0.10;-0.03;50.23;24.41;-34.36
625225.00ms : 0.91;-0.22;0.02;60.79;24.84;-34.42
625245.00ms : 0.95;-0.26;-0.00;62.56;18.62;-26.12
625265.00ms : 0.90;-0.27;-0.00;65.43;11.47;-13.79
625285.00ms : 0.81;-0.29;0.07;59.88;16.24;-4.82
625305.00ms : 0.89;-0.28;0.07;49.26;15.32;-8.00
625325.00ms : 0.90;-0.17;0.03;48.77;17.46;-17.52
625345.00ms : 0.91;-0.09;0.08;57.37;16.24;-23.44
625365.00ms : 0.90;-0.13;-0.00;69.15;12.76;-25.21
625385.00ms : 0.90;-0.17;-0.11;79.65;13.73;-27.65
625405.00ms : 0.89;-0.28;-0.14;86.18;18.43;-30.21
625425.00ms : 0.87;-0.39;-0.09;88.99;21.97;-36.80
625445.00ms : 0.85;-0.45;-0.06;85.45;21.06;-36.50
625465.00ms : 0.87;-0.44;-0.06;67.93;19.29;-26.92
625485.00ms : 0.87;-0.43;-0.09;50.96;19.59;-15.32
625505.00ms : 0.82;-0.44;-0.11;40.53;20.69;-11.35
625525.00ms : 0.83;-0.44;-0.10;28.02;25.39;-10.38
625545.00ms : 0.84;-0.46;-0.09;19.78;30.76;-15.75
625565.00ms : 0.88;-0.44;-0.12;14.34;31.98;-18.74
625585.00ms : 0.89;-0.41;-0.09;10.25;30.09;-17.76
625605.00ms : 0.89;-0.37;-0.14;12.08;31.92;-16.36
625625.00ms : 0.90;-0.35;-0.13;15.69;35.28;-15.44
625645.00ms : 0.88;-0.33;-0.01;21.00;33.33;-12.94
625665.00ms : 0.91;-0.36;0.07;21.73;21.79;-6.84
625685.00ms : 0.96;-0.40;0.09;18.74;1.53;1.46
625705.00ms : 0.88;-0.54;0.15;18.98;-18.98;13.67
625725.00ms : 0.66;-0.72;-0.22;7.57;-7.69;6.84
625745.00ms : 0.83;-0.59;-0.30;-5.37;1.28;2.32
625765.00ms : 0.85;-0.57;-0.31;-5.98;2.20;-3.05
625785.00ms : 0.81;-0.55;-0.36;-6.65;3.91;-4.03
625805.00ms : 0.87;-0.48;-0.29;-6.84;-0.85;6.23
625825.00ms : 0.86;-0.37;-0.19;-3.11;-2.32;19.78
625845.00ms : 0.89;-0.40;-0.17;-1.89;-3.97;26.43
625865.00ms : 0.89;-0.48;-0.16;-1.95;-6.65;20.02
625885.00ms : 0.84;-0.47;-0.17;-4.15;-5.31;14.59
625905.00ms : 0.92;-0.42;-0.17;-4.52;-4.33;11.78
625925.00ms : 0.98;-0.35;-0.23;-1.16;-3.91;13.49
625945.00ms : 0.95;-0.36;-0.22;0.61;-0.43;13.61
625965.00ms : 0.90;-0.44;-0.19;1.16;0.43;9.09
625985.00ms : 0.88;-0.43;-0.23;0.00;-1.83;3.36
626005.00ms : 0.87;-0.42;-0.23;-0.55;-1.28;5.07
626025.00ms : 0.87;-0.44;-0.22;-0.79;-0.79;5.68
626045.00ms : 0.89;-0.44;-0.20;-1.95;0.18;5.00
626065.00ms : 0.90;-0.43;-0.21;-2.32;0.49;4.33
626085.00ms : 0.89;-0.45;-0.22;-3.97;1.16;4.15
626105.00ms : 0.87;-0.43;-0.21;-4.76;1.59;3.85
626125.00ms : 0.89;-0.39;-0.20;-5.31;2.14;3.17
626145.00ms : 0.91;-0.37;-0.23;-4.76;1.22;3.36
626165.00ms : 0.90;-0.40;-0.25;-2.99;1.53;4.70
626185.00ms : 0.89;-0.46;-0.24;-2.62;2.08;5.25
626205.00ms : 0.89;-0.48;-0.24;-3.30;1.40;3.05
626225.00ms : 0.89;-0.48;-0.24;-3.66;-0.31;1.46
626245.00ms : 0.89;-0.42;-0.23;-3.66;-0.61;2.14
626265.00ms : 0.91;-0.36;-0.21;-1.89;-0.92;1.83
626285.00ms : 0.92;-0.33;-0.22;-0.37;-1.16;2.99
626305.00ms : 0.90;-0.37;-0.22;0.24;-0.18;3.78
626325.00ms : 0.90;-0.40;-0.22;-0.55;-0.73;2.08
626345.00ms : 0.91;-0.38;-0.24;-0.24;-1.22;0.98
626365.00ms : 0.90;-0.39;-0.23;0.73;-0.31;2.44
626385.00ms : 0.90;-0.41;-0.22;0.31;-0.98;1.83
626405.00ms : 0.91;-0.39;-0.23;1.22;-2.69;1.65
626425.00ms : 0.90;-0.39;-0.23;3.48;-2.14;2.62
626445.00ms : 0.90;-0.42;-0.23;2.75;-2.14;2.32
626465.00ms : 0.90;-0.42;-0.23;0.67;-2.08;1.28
626485.00ms : 0.90;-0.39;-0.22;1.10;-2.50;0.79
626505.00ms : 0.91;-0.38;-0.23;2.26;-2.93;1.46
626525.00ms : 0.90;-0.40;-0.24;3.48;-3.54;2.50
626545.00ms : 0.89;-0.42;-0.23;3.97;-3.42;2.32
626565.00ms : 0.90;-0.41;-0.21;2.99;-2.75;1.40
626585.00ms : 0.92;-0.38;-0.19;-0.49;-5.07;2.38
626605.00ms : 0.90;-0.38;-0.23;-1.22;-4.46;3.05
626625.00ms : 0.90;-0.37;-0.22;2.93;-4.52;4.03
626645.00ms : 0.89;-0.39;-0.20;4.03;-4.33;3.48
626665.00ms : 0.89;-0.41;-0.23;1.10;-3.72;3.72
626685.00ms : 0.89;-0.42;-0.22;0.18;-2.75;2.69
626705.00ms : 0.89;-0.40;-0.22;0.67;-2.01;1.10
626725.00ms : 0.90;-0.40;-0.23;1.77;-2.01;0.92
626745.00ms : 0.89;-0.42;-0.23;1.95;-1.65;1.22
626765.00ms : 0.89;-0.45;-0.22;0.06;-1.10;-0.18
626785.00ms : 0.89;-0.44;-0.21;-2.50;0.06;-2.44
626805.00ms : 0.89;-0.41;-0.22;-3.54;0.31;-2.81
626825.00ms : 0.90;-0.38;-0.21;-2.87;0.43;-2.44
626845.00ms : 0.90;-0.38;-0.23;-1.40;-0.06;-0.49
626865.00ms : 0.89;-0.40;-0.21;-1.28;-0.24;0.24
626885.00ms : 0.90;-0.40;-0.21;-1.83;-0.79;-0.55
626905.00ms : 0.91;-0.39;-0.22;-1.04;-1.46;-0.73
626925.00ms : 0.89;-0.38;-0.22;-0.12;-1.04;0.55
626945.00ms : 0.90;-0.39;-0.21;1.04;-0.92;0.31
626965.00ms : 0.90;-0.39;-0.22;0.31;-0.92;0.67
626985.00ms : 0.90;-0.42;-0.21;-0.55;-0.92;1.10
627005.00ms : 0.89;-0.41;-0.21;-0.79;-1.10;0.43
627025.00ms : 0.89;-0.40;-0.21;-0.55;-1.28;0.06
627045.00ms : 0.90;-0.40;-0.22;-0.12;-1.34;0.79
627065.00ms : 0.90;-0.41;-0.22;-1.28;-0.98;1.10
627085.00ms : 0.90;-0.40;-0.21;-1.77;-0.98;0.37
627105.00ms : 0.91;-0.39;-0.22;-1.53;-2.08;0.67
627125.00ms : 0.90;-0.39;-0.21;-0.12;-1.95;1.22
627145.00ms : 0.90;-0.39;-0.22;0.92;-2.01;0.79
627165.00ms : 0.91;-0.39;-0.22;-0.12;-2.56;1.65
627185.00ms : 0.90;-0.40;-0.23;-0.37;-2.26;2.01
627205.00ms : 0.89;-0.41;-0.21;0.06;-1.89;1.34
627225.00ms : 0.90;-0.40;-0.22;-0.43;-1.71;1.10
627245.00ms : 0.90;-0.40;-0.21;-0.67;-1.46;0.79
627265.00ms : 0.90;-0.39;-0.22;-0.98;-1.22;0.61
627285.00ms : 0.90;-0.40;-0.21;-1.22;-0.85;1.10
627305.00ms : 0.90;-0.40;-0.22;-1.22;-1.10;1.10
627325.00ms : 0.89;-0.40;-0.21;-0.12;-1.16;0.18
627345.00ms : 0.90;-0.40;-0.22;-0.06;-0.67;0.06
627365.00ms : 0.89;-0.40;-0.22;-0.98;-0.61;0.18
627385.00ms : 0.89;-0.40;-0.22;-1.59;0.06;0.00
627405.00ms : 0.90;-0.40;-0.20;-1.89;0.79;0.06
627425.00ms : 0.90;-0.42;-0.23;-3.36;0.98;-0.55
627445.00ms : 0.90;-0.41;-0.22;-5.43;1.22;-1.04
627465.00ms : 0.89;-0.40;-0.21;-6.35;2.20;-1.10
627485.00ms : 0.90;-0.38;-0.22;-6.23;2.26;-1.53
627505.00ms : 0.91;-0.38;-0.22;-5.74;1.40;-0.92
627525.00ms : 0.90;-0.40;-0.22;-4.88;0.67;-0.06
627545.00ms : 0.90;-0.39;-0.21;-3.23;0.12;-0.18
627565.00ms : 0.90;-0.39;-0.23;-1.71;-0.31;-0.31
627585.00ms : 0.91;-0.39;-0.22;-0.18;-0.79;0.55
627605.00ms : 0.90;-0.40;-0.22;0.49;-1.16;0.85
627625.00ms : 0.90;-0.41;-0.21;0.79;-1.40;0.79
627645.00ms : 0.90;-0.40;-0.21;1.16;-1.40;0.24
627665.00ms : 0.90;-0.39;-0.22;1.22;-2.01;0.49
627685.00ms : 0.89;-0.39;-0.22;2.26;-1.77;1.53
627705.00ms : 0.89;-0.42;-0.20;1.04;-0.55;1.22
627725.00ms : 0.90;-0.40;-0.22;-0.61;-1.16;0.06
627745.00ms : 0.90;-0.39;-0.22;-0.61;-1.16;0.49
627765.00ms : 0.90;-0.40;-0.22;-0.06;-0.98;0.92
627785.00ms : 0.90;-0.38;-0.22;1.59;-2.08;1.10
627805.00ms : 0.91;-0.40;-0.22;2.62;-1.89;2.01
627825.00ms : 0.89;-0.42;-0.21;1.59;-1.16;1.46
627845.00ms : 0.89;-0.42;-0.21;-1.22;-0.61;0.55
627865.00ms : 0.91;-0.39;-0.23;-1.40;-1.53;0.49
627885.00ms : 0.90;-0.38;-0.22;0.43;-1.28;1.34
627905.00ms : 0.89;-0.40;-0.21;0.73;-1.10;1.53
627925.00ms : 0.90;-0.41;-0.22;-0.24;-0.98;1.22
627945.00ms : 0.90;-0.40;-0.22;-0.79;-1.34;1.16
627965.00ms : 0.90;-0.39;-0.22;0.12;-2.01;0.73
627985.00ms : 0.90;-0.37;-0.22;1.89;-1.95;1.71
628005.00ms : 0.90;-0.39;-0.21;3.42;-2.38;2.01
628025.00ms : 0.90;-0.39;-0.22;3.97;-2.56;2.01
628045.00ms : 0.91;-0.40;-0.22;3.72;-2.75;1.83
628065.00ms : 0.90;-0.42;-0.22;2.62;-3.05;1.77
628085.00ms : 0.90;-0.40;-0.23;2.01;-3.30;1.34
628105.00ms : 0.90;-0.38;-0.22;3.48;-3.72;1.59
628125.00ms : 0.91;-0.41;-0.22;2.50;-3.11;1.77
628145.00ms : 0.90;-0.41;-0.23;0.67;-3.42;1.95
628165.00ms : 0.90;-0.40;-0.22;0.06;-3.60;1.46
628185.00ms : 0.90;-0.39;-0.21;0.61;-3.42;0.79
628205.00ms : 0.91;-0.38;-0.22;0.55;-3.30;1.34
628225.00ms : 0.91;-0.40;-0.22;0.55;-3.30;1.65
628245.00ms : 0.90;-0.42;-0.22;-1.04;-2.69;0.98
628265.00ms : 0.90;-0.41;-0.21;-2.75;-2.81;-1.04
628285.00ms : 0.91;-0.34;-0.20;-2.20;-1.04;-2.81
628305.00ms : 0.94;-0.31;-0.20;-1.40;-1.65;-3.97
628325.00ms : 0.95;-0.30;-0.21;0.67;-2.69;-1.46
628345.00ms : 0.91;-0.36;-0.22;3.60;-2.99;0.85
628365.00ms : 0.93;-0.35;-0.21;7.69;-5.13;-0.43
628385.00ms : 0.98;-0.32;-0.21;10.68;-8.12;-0.49
628405.00ms : 0.95;-0.33;-0.20;15.38;-9.83;4.27
628425.00ms : 0.91;-0.38;-0.18;17.70;-8.00;2.87
628445.00ms : 0.95;-0.35;-0.19;14.16;-11.17;0.37
628465.00ms : 0.92;-0.40;-0.21;14.04;-13.18;6.53
628485.00ms : 0.90;-0.37;-0.22;8.12;-12.94;13.61
628505.00ms : 1.00;-0.21;-0.22;3.97;-15.44;21.55
628525.00ms : 1.02;-0.11;-0.23;9.22;-15.69;32.84
628545.00ms : 1.00;-0.15;-0.24;14.59;-11.29;41.93
628565.00ms : 1.03;-0.18;-0.26;16.30;-9.52;46.57
628585.00ms : 1.01;-0.19;-0.27;14.71;-8.24;49.74
628605.00ms : 0.98;-0.23;-0.25;7.45;-4.70;53.65
628625.00ms : 0.96;-0.26;-0.22;-5.43;1.59;57.62
628645.00ms : 0.96;-0.28;-0.22;-19.23;6.41;59.57
628665.00ms : 0.97;-0.19;-0.21;-24.11;3.91;63.11
628685.00ms : 1.01;-0.13;-0.19;-22.16;1.40;69.95
628705.00ms : 1.02;-0.12;-0.15;-20.14;-0.49;74.83
628725.00ms : 1.01;-0.11;-0.16;-23.38;-0.31;77.15
628745.00ms : 1.00;-0.12;-0.17;-23.44;-0.43;76.78
628765.00ms : 1.00;-0.09;-0.15;-21.73;-2.38;74.34
628785.00ms : 1.03;-0.09;-0.19;-24.78;-2.93;73.97
628805.00ms : 0.98;-0.16;-0.17;-25.15;0.55;72.63
628825.00ms : 0.96;-0.17;-0.20;-28.44;0.85;68.79
628845.00ms : 0.95;-0.16;-0.16;-28.02;2.69;63.35
628865.00ms : 0.92;-0.21;-0.09;-30.27;0.43;54.26
628885.00ms : 0.91;-0.14;-0.11;-34.48;-4.52;54.69
628905.00ms : 0.93;-0.09;-0.17;-31.98;-2.75;49.38
628925.00ms : 0.92;-0.08;-0.15;-23.25;-2.38;42.66
628945.00ms : 0.90;-0.14;-0.14;-22.03;-3.30;33.63
628965.00ms : 0.89;-0.16;-0.15;-26.73;-1.40;25.70
628985.00ms : 0.88;-0.18;-0.16;-37.66;2.62;17.21
629005.00ms : 0.88;-0.10;-0.19;-45.47;5.13;9.40
629025.00ms : 0.93;0.04;-0.21;-40.47;3.23;6.41
629045.00ms : 0.97;0.04;-0.19;-26.18;0.18;7.51
629065.00ms : 0.97;-0.01;-0.18;-15.32;-0.12;6.10
629085.00ms : 0.96;0.00;-0.19;-8.91;-1.28;6.04
629105.00ms : 0.94;0.00;-0.18;-6.29;-0.31;3.42
629125.00ms : 0.94;0.01;-0.18;-4.94;-2.01;2.87
629145.00ms : 0.96;0.04;-0.19;-1.04;-4.09;2.99
629165.00ms : 0.97;0.05;-0.21;4.64;-4.09;3.66
629185.00ms : 0.97;0.03;-0.21;7.45;-2.26;2.38
629205.00ms : 0.94;-0.01;-0.21;5.86;-1.04;1.22
629225.00ms : 0.94;-0.00;-0.19;2.93;-1.59;0.24
629245.00ms : 0.94;0.02;-0.19;1.46;-1.46;-0.49
629265.00ms : 0.97;0.05;-0.18;-1.46;-0.06;-1.77
629285.00ms : 0.97;0.09;-0.20;-3.72;1.22;-2.38
629305.00ms : 0.97;0.10;-0.19;-2.69;1.71;-1.65
629325.00ms : 0.97;0.07;-0.18;-1.53;1.59;-1.77
629345.00ms : 0.96;0.07;-0.19;2.26;0.06;-3.60
629365.00ms : 0.97;0.07;-0.19;7.63;-0.85;-5.92
629385.00ms : 0.95;0.04;-0.21;13.31;-0.24;-8.24
629405.00ms : 0.95;0.01;-0.20;19.23;0.61;-11.84
629425.00ms : 0.94;-0.02;-0.18;26.31;0.37;-18.62
629445.00ms : 0.93;-0.05;-0.16;34.73;-3.91;-24.11
629465.00ms : 0.93;0.02;-0.16;41.08;-2.81;-28.63
629485.00ms : 0.94;0.00;-0.12;48.95;-0.31;-37.48
629505.00ms : 0.97;-0.05;-0.12;56.09;-3.36;-45.90
629525.00ms : 0.93;-0.15;-0.17;63.84;-11.90;-46.39
629545.00ms : 0.88;-0.17;-0.17;68.97;-14.40;-47.42
629565.00ms : 0.89;-0.18;-0.15;67.99;-12.57;-50.66
629585.00ms : 0.96;-0.12;-0.13;62.56;-10.31;-59.08
629605.00ms : 0.99;-0.17;-0.07;61.10;-6.96;-70.19
629625.00ms : 0.91;-0.20;-0.10;60.85;-5.19;-83.86
629645.00ms : 0.89;-0.21;-0.11;48.95;-2.44;-89.60
629665.00ms : 0.93;-0.28;-0.16;34.97;0.37;-86.98
629685.00ms : 0.95;-0.34;-0.18;29.11;0.55;-84.47
629705.00ms : 0.96;-0.32;-0.23;27.59;-3.97;-73.91
629725.00ms : 0.94;-0.32;-0.25;33.57;-5.13;-74.58
629745.00ms : 0.94;-0.32;-0.24;32.90;-4.82;-70.07
629765.00ms : 0.95;-0.41;-0.22;29.79;-5.19;-65.73
629785.00ms : 0.95;-0.44;-0.27;17.94;-7.08;-60.73
629805.00ms : 0.90;-0.42;-0.26;1.46;-1.04;-57.19
629825.00ms : 0.90;-0.45;-0.28;-11.60;6.90;-57.01
629845.00ms : 0.96;-0.43;-0.28;-22.83;12.63;-57.98
629865.00ms : 0.98;-0.36;-0.27;-24.41;16.54;-57.80
629885.00ms : 0.98;-0.31;-0.29;-29.42;19.47;-51.57
629905.00ms : 0.95;-0.35;-0.30;-34.06;29.42;-53.71
629925.00ms : 0.90;-0.46;-0.28;-46.14;43.27;-61.04
629945.00ms : 0.92;-0.35;-0.19;-61.95;50.60;-61.83
629965.00ms : 1.00;-0.25;-0.12;-70.74;54.26;-59.14
629985.00ms : 1.08;-0.20;-0.04;-69.15;45.53;-52.80
630005.00ms : 1.05;-0.14;-0.01;-58.72;27.16;-33.02
630025.00ms : 0.91;-0.26;-0.15;-40.89;13.00;-9.52
630045.00ms : 0.98;-0.29;-0.29;-28.32;4.46;13.55
630065.00ms : 0.99;-0.32;-0.39;-13.00;2.56;24.35
630085.00ms : 0.90;-0.47;-0.40;-2.99;5.31;20.57
630105.00ms : 0.85;-0.54;-0.39;-1.53;9.77;14.04
630125.00ms : 0.81;-0.55;-0.23;-2.50;11.60;14.95
630145.00ms : 0.87;-0.49;-0.11;-5.98;3.05;25.88
630165.00ms : 0.88;-0.47;-0.06;-4.64;-4.33;27.95
630185.00ms : 0.84;-0.56;-0.08;-1.95;-4.27;17.82
630205.00ms : 0.85;-0.56;-0.13;-9.34;-4.21;8.79
630225.00ms : 0.90;-0.50;-0.16;-17.52;-2.99;7.63
630245.00ms : 0.89;-0.48;-0.19;-24.78;-0.79;10.56
630265.00ms : 0.90;-0.48;-0.16;-25.94;-2.69;13.67
630285.00ms : 0.89;-0.46;-0.12;-26.18;-5.43;12.76
630305.00ms : 0.91;-0.47;-0.10;-34.42;-8.12;14.22
630325.00ms : 0.88;-0.42;-0.07;-44.31;-9.34;14.34
630345.00ms : 0.89;-0.38;-0.03;-53.65;-9.22;14.34
630365.00ms : 0.94;-0.31;-0.03;-63.60;-10.19;16.42
630385.00ms : 0.91;-0.27;-0.03;-71.78;-9.52;20.57
630405.00ms : 0.90;-0.25;-0.02;-77.58;-14.10;23.44
630425.00ms : 0.94;-0.23;-0.00;-75.32;-18.74;26.73
630445.00ms : 0.94;-0.25;0.00;-76.23;-21.30;29.66
630465.00ms : 0.91;-0.27;0.01;-81.67;-25.27;31.80
630485.00ms : 0.91;-0.26;-0.03;-84.66;-28.56;32.84
630505.00ms : 0.95;-0.20;-0.03;-82.09;-30.58;33.81
630525.00ms : 0.96;-0.22;-0.01;-80.14;-30.76;33.20
630545.00ms : 0.95;-0.19;-0.00;-81.79;-30.88;31.56
630565.00ms : 0.92;-0.18;-0.04;-79.53;-30.15;30.76
630585.00ms : 0.93;-0.13;-0.03;-75.44;-28.63;29.79
630605.00ms : 0.91;-0.14;-0.04;-68.54;-27.47;28.56
630625.00ms : 0.94;-0.12;-0.03;-59.88;-29.36;28.44
630645.00ms : 0.94;-0.15;-0.08;-49.32;-28.81;29.05
630665.00ms : 0.88;-0.21;-0.07;-43.03;-26.12;27.95
630685.00ms : 0.84;-0.23;-0.07;-42.30;-23.62;26.49
630705.00ms : 0.84;-0.18;-0.09;-37.90;-23.50;24.96
630725.00ms : 0.85;-0.17;-0.08;-31.31;-21.42;24.29
630745.00ms : 0.82;-0.20;-0.07;-26.79;-18.68;21.55
630765.00ms : 0.81;-0.13;-0.07;-22.83;-17.33;16.97
630785.00ms : 0.81;-0.11;-0.06;-13.85;-17.58;15.01
630805.00ms : 0.83;-0.13;-0.05;-5.25;-16.60;13.85
630825.00ms : 0.82;-0.17;-0.03;-0.49;-13.85;10.50
630845.00ms : 0.82;-0.11;0.00;1.34;-11.29;8.00
630865.00ms : 0.83;-0.08;0.06;3.30;-10.38;5.98
630885.00ms : 0.86;-0.03;0.08;5.86;-8.54;3.60
630905.00ms : 0.88;-0.01;0.12;10.86;-9.40;1.89
630925.00ms : 0.84;-0.05;0.07;11.96;-5.86;2.32
630945.00ms : 0.81;-0.06;0.03;11.17;-5.19;2.01
630965.00ms : 0.85;-0.06;0.08;11.47;-5.49;2.99
630985.00ms : 0.85;-0.07;0.10;12.57;-4.70;3.05
631005.00ms : 0.85;-0.08;0.12;13.37;-5.49;3.17
631025.00ms : 0.81;-0.09;0.11;13.24;-5.49;3.66
631045.00ms : 0.81;-0.10;0.10;11.41;-4.94;2.75
631065.00ms : 0.82;-0.11;0.10;8.91;-5.25;0.37
631085.00ms : 0.83;-0.10;0.09;7.69;-4.88;0.18
631105.00ms : 0.83;-0.11;0.09;7.63;-3.23;1.10
631125.00ms : 0.81;-0.10;0.09;5.43;-2.32;0.31
631145.00ms : 0.84;-0.09;0.09;3.36;-3.17;-1.04
631165.00ms : 0.83;-0.08;0.08;2.32;-2.99;-1.04
631185.00ms : 0.85;-0.05;0.07;3.60;-3.11;0.06
631205.00ms : 0.85;-0.04;0.07;5.68;-0.43;-0.06
631225.00ms : 0.83;-0.06;0.05;8.00;3.48;-2.01
631245.00ms : 0.80;-0.08;0.05;8.85;7.75;-6.16
631265.00ms : 0.80;-0.15;0.06;8.00;14.16;-10.31
631285.00ms : 0.86;-0.21;0.06;9.52;16.91;-16.11
631305.00ms : 0.78;-0.17;0.00;19.78;16.97;-25.57
631325.00ms : 0.82;-0.19;-0.01;30.94;20.32;-28.87
631345.00ms : 0.83;-0.16;-0.06;42.85;19.90;-33.75
631365.00ms : 0.86;-0.18;-0.07;50.72;22.89;-40.53
631385.00ms : 0.89;-0.21;-0.04;60.79;21.36;-42.18
631405.00ms : 0.93;-0.24;-0.09;69.64;21.97;-46.94
631425.00ms : 0.91;-0.14;-0.05;85.57;18.37;-44.37
631445.00ms : 0.91;-0.11;-0.06;102.54;13.31;-29.91
631465.00ms : 0.88;-0.25;-0.11;109.80;15.75;-28.20
631485.00ms : 0.86;-0.39;-0.14;103.70;24.05;-35.34
631505.00ms : 0.80;-0.48;-0.04;88.07;28.56;-38.82
631525.00ms : 0.82;-0.49;-0.04;65.19;31.56;-37.05
631545.00ms : 0.85;-0.46;-0.08;44.92;34.61;-34.61
631565.00ms : 0.87;-0.44;-0.14;38.09;38.64;-35.64
631585.00ms : 0.87;-0.40;-0.11;40.53;41.56;-35.95
631605.00ms : 0.88;-0.34;-0.07;44.31;38.39;-30.33
631625.00ms : 0.92;-0.37;-0.09;46.02;32.96;-21.97
631645.00ms : 0.90;-0.40;-0.09;50.35;27.65;-14.83
631665.00ms : 0.84;-0.42;-0.04;49.93;25.09;-10.25
631685.00ms : 0.87;-0.45;-0.01;45.65;24.17;-10.38
631705.00ms : 0.92;-0.39;0.02;38.51;20.02;-8.67
631725.00ms : 0.95;-0.27;0.09;35.64;17.88;0.24
631745.00ms : 0.96;-0.20;0.20;38.76;11.90;4.03
631765.00ms : 0.97;-0.23;0.20;34.85;-0.55;4.58
631785.00ms : 0.93;-0.34;0.08;27.22;-11.11;7.57
631805.00ms : 0.88;-0.58;-0.04;16.85;-11.05;4.88
631825.00ms : 0.75;-0.68;-0.21;-0.06;-0.92;-1.65
631845.00ms : 0.78;-0.63;-0.37;-16.05;8.36;-5.13
631865.00ms : 0.83;-0.60;-0.34;-15.38;10.74;-8.24
631885.00ms : 0.84;-0.50;-0.32;-4.21;7.32;-2.69
631905.00ms : 0.88;-0.42;-0.26;6.23;0.31;12.02
631925.00ms : 0.85;-0.43;-0.17;13.79;-3.97;23.74
631945.00ms : 0.81;-0.47;-0.13;11.54;-5.62;27.89
631965.00ms : 0.83;-0.49;-0.12;7.39;-7.39;26.92
631985.00ms : 0.81;-0.56;-0.17;0.00;-3.42;21.55
632005.00ms : 0.90;-0.51;-0.20;-3.66;-3.36;11.72
632025.00ms : 0.97;-0.34;-0.22;-1.04;-2.87;8.48
632045.00ms : 1.00;-0.27;-0.25;5.13;-0.79;11.47
632065.00ms : 0.97;-0.35;-0.25;9.40;0.61;15.32
632085.00ms : 0.87;-0.52;-0.19;6.16;2.20;12.39
632105.00ms : 0.84;-0.55;-0.18;-2.62;1.53;4.70
632125.00ms : 0.86;-0.47;-0.21;-7.51;1.95;-0.49
632145.00ms : 0.90;-0.40;-0.23;-7.93;2.56;2.20
632165.00ms : 0.91;-0.40;-0.23;-7.63;3.97;5.80
632185.00ms : 0.88;-0.45;-0.22;-10.13;4.76;5.49
632205.00ms : 0.88;-0.46;-0.21;-13.79;5.80;0.49
632225.00ms : 0.91;-0.39;-0.23;-14.22;4.39;-3.60
632245.00ms : 0.93;-0.34;-0.27;-10.99;2.62;-0.12
632265.00ms : 0.90;-0.39;-0.25;-6.96;2.50;4.52
632285.00ms : 0.90;-0.40;-0.22;-4.64;1.34;2.62
632305.00ms : 0.91;-0.39;-0.23;-4.88;0.37;1.16
632325.00ms : 0.90;-0.41;-0.23;-5.25;0.43;1.83
632345.00ms : 0.90;-0.40;-0.24;-5.07;-0.12;1.95
632365.00ms : 0.90;-0.39;-0.23;-2.44;-0.06;1.83
632385.00ms : 0.91;-0.37;-0.22;-0.43;-0.79;0.67
632405.00ms : 0.91;-0.38;-0.23;0.31;-1.28;1.40
632425.00ms : 0.90;-0.41;-0.22;-0.73;-0.73;1.28
632445.00ms : 0.90;-0.41;-0.23;-1.28;-1.65;0.12
632465.00ms : 0.90;-0.41;-0.24;-1.65;-1.53;0.67
632485.00ms : 0.90;-0.40;-0.22;-1.46;-1.65;-0.37
632505.00ms : 0.90;-0.37;-0.23;-0.55;-2.01;-0.31
632525.00ms : 0.90;-0.36;-0.22;1.53;-1.65;-0.49
632545.00ms : 0.91;-0.37;-0.22;3.48;-2.38;0.49
632565.00ms : 0.89;-0.42;-0.23;2.62;-2.44;1.83
632585.00ms : 0.89;-0.45;-0.21;0.61;-2.08;1.10
632605.00ms : 0.89;-0.43;-0.22;-0.85;-2.56;-1.10
632625.00ms : 0.90;-0.40;-0.23;-0.49;-2.14;-0.85
632645.00ms : 0.90;-0.39;-0.22;0.67;-2.14;0.73
632665.00ms : 0.89;-0.41;-0.21;1.10;-2.14;1.65
632685.00ms : 0.89;-0.41;-0.22;0.61;-2.44;0.31
632705.00ms : 0.90;-0.41;-0.21;0.31;-2.62;-0.31
632725.00ms : 0.90;-0.41;-0.22;0.92;-2.32;0.73
632745.00ms : 0.89;-0.41;-0.22;1.34;-2.44;0.43
632765.00ms : 0.89;-0.41;-0.21;1.77;-2.93;0.55
632785.00ms : 0.90;-0.40;-0.22;1.65;-2.69;1.04
632805.00ms : 0.90;-0.40;-0.23;2.26;-2.99;1.10
632825.00ms : 0.89;-0.41;-0.22;2.01;-2.32;1.46
632845.00ms : 0.88;-0.43;-0.21;0.24;-1.16;0.61
632865.00ms : 0.89;-0.40;-0.21;-1.04;-1.28;-0.61
632885.00ms : 0.89;-0.39;-0.23;-1.34;-0.85;0.37
632905.00ms : 0.90;-0.43;-0.23;-1.59;-1.10;1.40
632925.00ms : 0.89;-0.43;-0.22;-2.14;-1.34;0.92
632945.00ms : 0.89;-0.41;-0.22;-1.59;-1.04;0.12
632965.00ms : 0.90;-0.40;-0.22;-1.83;-1.10;0.37
632985.00ms : 0.90;-0.40;-0.22;-2.99;-0.18;1.53
633005.00ms : 0.89;-0.44;-0.22;-5.19;0.24;1.65
633025.00ms : 0.89;-0.43;-0.22;-5.92;0.06;-0.37
633045.00ms : 0.90;-0.41;-0.21;-5.55;-0.06;-0.37
633065.00ms : 0.90;-0.40;-0.22;-4.70;-0.73;0.43
633085.00ms : 0.90;-0.39;-0.21;-4.46;-0.49;1.28
633105.00ms : 0.89;-0.38;-0.20;-4.21;-0.06;0.61
633125.00ms : 0.91;-0.37;-0.22;-3.36;-0.73;0.43
633145.00ms : 0.90;-0.40;-0.21;-3.42;-0.92;2.08
633165.00ms : 0.89;-0.43;-0.21;-3.48;-1.28;1.65
633185.00ms : 0.89;-0.42;-0.21;-2.75;-1.46;0.06
633205.00ms : 0.90;-0.41;-0.23;-2.38;-1.71;-0.06
633225.00ms : 0.89;-0.41;-0.22;-1.71;-1.16;0.92
633245.00ms : 0.90;-0.40;-0.21;-1.28;-1.65;1.10
633265.00ms : 0.90;-0.38;-0.20;-0.92;-1.77;0.24
633285.00ms : 0.90;-0.39;-0.21;-0.73;-1.71;1.34
633305.00ms : 0.89;-0.40;-0.22;-0.12;-1.59;1.34
633325.00ms : 0.90;-0.40;-0.22;0.18;-1.95;0.79
633345.00ms : 0.91;-0.41;-0.22;-0.85;-1.65;0.98
633365.00ms : 0.89;-0.41;-0.21;-3.17;-0.55;1.10
633385.00ms : 0.89;-0.41;-0.20;-4.09;-0.61;0.43
633405.00ms : 0.89;-0.40;-0.22;-2.93;-0.98;0.24
633425.00ms : 0.90;-0.40;-0.21;-3.23;0.06;-0.43
633445.00ms : 0.90;-0.39;-0.21;-4.52;0.12;-0.61
633465.00ms : 0.89;-0.38;-0.21;-4.76;0.06;-0.49
633485.00ms : 0.90;-0.38;-0.21;-2.75;-1.10;-0.31
633505.00ms : 0.90;-0.40;-0.21;0.37;-2.62;0.98
633525.00ms : 0.89;-0.43;-0.21;1.89;-1.95;2.08
633545.00ms : 0.89;-0.42;-0.20;1.59;-2.44;0.49
633565.00ms : 0.90;-0.38;-0.21;1.59;-2.26;0.31
633585.00ms : 0.91;-0.38;-0.21;2.75;-2.99;1.40
633605.00ms : 0.90;-0.40;-0.21;2.56;-2.08;1.95
633625.00ms : 0.89;-0.42;-0.21;1.89;-2.20;1.53
633645.00ms : 0.89;-0.42;-0.21;0.43;-1.65;0.98
633665.00ms : 0.90;-0.40;-0.21;-0.06;-2.20;0.24
633685.00ms : 0.90;-0.39;-0.21;0.43;-2.01;1.16
633705.00ms : 0.90;-0.40;-0.22;0.31;-1.77;1.65
633725.00ms : 0.89;-0.42;-0.21;-1.28;-1.10;0.79
633745.00ms : 0.90;-0.40;-0.21;-2.08;-1.16;0.24
633765.00ms : 0.90;-0.39;-0.21;-1.28;-1.77;0.79
633785.00ms : 0.90;-0.38;-0.21;-0.06;-1.77;1.40
633805.00ms : 0.89;-0.40;-0.20;0.12;-1.04;0.98
633825.00ms : 0.90;-0.40;-0.20;-1.46;-1.46;-0.18
633845.00ms : 0.89;-0.40;-0.21;-2.75;-0.73;-0.24
633865.00ms : 0.90;-0.39;-0.21;-2.87;-0.98;-0.12
633885.00ms : 0.90;-0.39;-0.21;-1.59;-0.98;0.31
633905.00ms : 0.89;-0.39;-0.20;-1.16;-0.79;-0.24
633925.00ms : 0.90;-0.39;-0.21;-1.77;-0.92;-0.31
633945.00ms : 0.89;-0.42;-0.21;-1.95;-0.92;0.12
633965.00ms : 0.89;-0.40;-0.21;-0.79;-1.53;0.12
633985.00ms : 0.89;-0.40;-0.21;0.31;-1.46;-0.24
634005.00ms : 0.90;-0.40;-0.21;-0.12;-1.40;-0.43
634025.00ms : 0.90;-0.40;-0.20;-1.04;-1.10;0.00
634045.00ms : 0.90;-0.40;-0.20;-1.34;-1.40;-0.06
634065.00ms : 0.89;-0.39;-0.21;-0.73;-0.92;-0.18
634085.00ms : 0.89;-0.40;-0.21;-0.98;-0.92;-0.18
634105.00ms : 0.90;-0.41;-0.21;-1.46;-0.92;-0.55
634125.00ms : 0.90;-0.40;-0.21;-1.77;-1.10;-0.73
634145.00ms : 0.90;-0.38;-0.21;-0.49;-1.89;-1.16
634165.00ms : 0.89;-0.38;-0.20;2.01;-1.83;-0.06
634185.00ms : 0.89;-0.41;-0.20;2.99;-1.53;0.55
634205.00ms : 0.89;-0.43;-0.20;2.26;-2.08;0.18
634225.00ms : 0.89;-0.41;-0.20;0.85;-1.46;-0.24
634245.00ms : 0.90;-0.39;-0.21;0.24;-1.28;-1.22
634265.00ms : 0.90;-0.38;-0.22;1.71;-1.83;-0.06
634285.00ms : 0.89;-0.40;-0.20;3.30;-1.71;1.16
634305.00ms : 0.89;-0.41;-0.21;2.62;-2.08;0.67
634325.00ms : 0.89;-0.43;-0.20;0.61;-1.28;0.43
634345.00ms : 0.88;-0.42;-0.21;-1.22;-0.43;-0.18
634365.00ms : 0.90;-0.39;-0.21;-1.59;-0.85;-0.24
634385.00ms : 0.90;-0.40;-0.20;-0.73;-1.10;0.37
634405.00ms : 0.88;-0.41;-0.20;0.18;-0.73;0.43
634425.00ms : 0.89;-0.40;-0.22;0.61;-0.98;0.31
634445.00ms : 0.90;-0.41;-0.21;1.16;-0.98;0.79
634465.00ms : 0.90;-0.41;-0.21;1.16;-1.46;0.73
634485.00ms : 0.89;-0.40;-0.21;1.59;-1.40;0.55
634505.00ms : 0.89;-0.39;-0.20;1.34;-1.22;0.55
634525.00ms : 0.89;-0.40;-0.21;0.92;-0.73;0.18
634545.00ms : 0.90;-0.40;-0.21;0.55;-1.28;0.98
634565.00ms : 0.88;-0.42;-0.21;-0.37;-0.73;1.04
634585.00ms : 0.90;-0.40;-0.22;-0.67;-0.67;-0.24
634605.00ms : 0.90;-0.40;-0.21;-0.98;-0.67;0.06
634625.00ms : 0.90;-0.40;-0.21;-0.79;-0.79;0.24
634645.00ms : 0.89;-0.41;-0.21;-0.67;-1.04;0.37
634665.00ms : 0.90;-0.40;-0.21;0.31;-1.53;0.12
634685.00ms : 0.90;-0.41;-0.21;0.55;-1.04;0.18
634705.00ms : 0.89;-0.41;-0.21;0.06;-1.34;0.43
634725.00ms : 0.90;-0.41;-0.22;-0.79;-1.22;-0.12
634745.00ms : 0.90;-0.40;-0.21;-0.79;-1.40;-0.18
634765.00ms : 0.90;-0.39;-0.21;0.06;-1.46;0.18
634785.00ms : 0.89;-0.42;-0.20;-0.12;-0.73;0.43
634805.00ms : 0.89;-0.41;-0.21;-1.16;-0.85;-0.61
634825.00ms : 0.90;-0.40;-0.21;-1.10;-1.22;-0.49
634845.00ms : 0.89;-0.41;-0.21;-1.40;-1.22;0.37
634865.00ms : 0.89;-0.42;-0.21;-0.85;-0.92;0.24
634885.00ms : 0.89;-0.41;-0.20;-0.85;-0.85;-0.55
634905.00ms : 0.90;-0.40;-0.22;-1.46;-1.22;-0.61
634925.00ms : 0.90;-0.39;-0.21;-0.55;-1.34;0.00
634945.00ms : 0.89;-0.40;-0.21;0.06;-1.53;0.49
634965.00ms : 0.89;-0.40;-0.21;0.49;-1.59;0.67
634985.00ms : 0.90;-0.41;-0.21;0.67;-1.46;0.00
635005.00ms : 0.89;-0.41;-0.21;0.43;-1.53;-0.06
635025.00ms : 0.90;-0.41;-0.22;-0.06;-1.46;0.37
635045.00ms : 0.89;-0.41;-0.21;0.12;-1.71;0.43
635065.00ms : 0.89;-0.41;-0.21;-0.06;-1.53;0.67
635085.00ms : 0.89;-0.41;-0.21;-0.43;-1.46;0.61
635105.00ms : 0.89;-0.41;-0.21;-0.67;-1.10;0.61
635125.00ms : 0.90;-0.40;-0.20;0.31;-1.77;0.24
635145.00ms : 0.89;-0.40;-0.22;1.10;-1.77;1.04
635165.00ms : 0.89;-0.41;-0.21;0.55;-1.53;0.92
635185.00ms : 0.89;-0.42;-0.20;-1.04;-0.98;0.43
635205.00ms : 0.90;-0.40;-0.21;-1.53;-0.98;-0.06
635225.00ms : 0.90;-0.40;-0.21;-0.43;-1.16;0.37
635245.00ms : 0.89;-0.41;-0.21;0.55;-1.16;1.10
635265.00ms : 0.89;-0.42;-0.20;0.37;-1.40;0.49
635285.00ms : 0.90;-0.41;-0.21;-0.43;-0.92;0.24
635305.00ms : 0.89;-0.41;-0.21;-0.85;-0.92;0.73
635325.00ms : 0.89;-0.41;-0.21;-0.55;-0.85;0.79
635345.00ms : 0.90;-0.41;-0.21;-0.12;-1.34;0.43
635365.00ms : 0.89;-0.42;-0.21;-0.98;-0.61;0.61
635385.00ms : 0.89;-0.41;-0.20;-1.77;-0.31;0.24
635405.00ms : 0.90;-0.39;-0.22;-1.77;-0.37;0.55
635425.00ms : 0.90;-0.39;-0.21;-0.85;-0.61;0.67
635445.00ms : 0.89;-0.41;-0.21;-0.73;-0.67;0.67
635465.00ms : 0.89;-0.41;-0.22;-0.98;-0.92;0.79
635485.00ms : 0.89;-0.41;-0.22;-0.79;-1.04;0.73
635505.00ms : 0.89;-0.41;-0.21;-0.31;-1.16;0.85
635525.00ms : 0.90;-0.40;-0.21;-0.43;-1.46;0.49
635545.00ms : 0.89;-0.40;-0.21;0.12;-1.16;0.18
635565.00ms : 0.90;-0.40;-0.21;0.31;-1.53;0.49
635585.00ms : 0.90;-0.40;-0.21;1.10;-1.46;0.92
635605.00ms : 0.89;-0.41;-0.20;0.79;-1.71;0.67
635625.00ms : 0.89;-0.40;-0.20;0.24;-1.65;0.37
635645.00ms : 0.90;-0.40;-0.21;-0.24;-0.98;0.85
635665.00ms : 0.89;-0.41;-0.21;0.00;-1.28;0.98
635685.00ms : 0.90;-0.41;-0.21;0.06;-1.28;0.92
635705.00ms : 0.90;-0.41;-0.21;0.00;-1.71;0.43
635725.00ms : 0.89;-0.41;-0.21;-1.04;-0.61;0.67
635745.00ms : 0.89;-0.40;-0.21;-0.98;-0.92;0.67
635765.00ms : 0.90;-0.40;-0.21;-0.06;-1.28;0.37
635785.00ms : 0.90;-0.40;-0.22;0.49;-1.89;1.10
635805.00ms : 0.89;-0.43;-0.20;-0.12;-1.22;0.98
635825.00ms : 0.89;-0.41;-0.21;-1.34;-0.98;-0.12
635845.00ms : 0.90;-0.39;-0.21;-1.28;-0.79;0.12
635865.00ms : 0.89;-0.39;-0.21;-0.61;-1.34;0.73
635885.00ms : 0.89;-0.42;-0.21;-0.31;-0.79;1.22
635905.00ms : 0.89;-0.42;-0.20;-1.53;-1.10;0.67
635925.00ms : 0.89;-0.41;-0.21;-1.53;-0.98;0.06
635945.00ms : 0.90;-0.39;-0.21;-0.92;-1.04;0.31
635965.00ms : 0.89;-0.40;-0.21;-0.73;-1.10;1.04
635985.00ms : 0.89;-0.41;-0.21;-1.65;-0.49;0.37
636005.00ms : 0.89;-0.39;-0.21;-1.71;-0.73;-0.37
636025.00ms : 0.90;-0.38;-0.22;-1.04;-0.67;-0.12
636045.00ms : 0.90;-0.41;-0.21;-0.79;-0.98;1.40
636065.00ms : 0.90;-0.42;-0.21;-0.55;-1.46;1.22
636085.00ms : 0.89;-0.42;-0.21;-0.43;-1.89;-0.06
636105.00ms : 0.89;-0.40;-0.22;-0.79;-1.65;0.43
636125.00ms : 0.90;-0.41;-0.21;-1.22;-1.46;0.98
636145.00ms : 0.89;-0.40;-0.21;-0.85;-1.59;0.85
636165.00ms : 0.90;-0.39;-0.20;-0.43;-1.59;0.43
636185.00ms : 0.90;-0.39;-0.21;-0.12;-0.98;0.31
636205.00ms : 0.89;-0.40;-0.21;0.06;-0.98;0.43
636225.00ms : 0.90;-0.40;-0.22;0.73;-1.53;0.61
636245.00ms : 0.89;-0.43;-0.21;-0.24;-1.34;1.10
636265.00ms : 0.89;-0.42;-0.21;-1.34;-1.34;0.43
636285.00ms : 0.89;-0.40;-0.21;-1.59;-0.92;0.00
636305.00ms : 0.90;-0.39;-0.20;-1.22;-0.79;0.31
636325.00ms : 0.89;-0.39;-0.22;-0.73;-0.98;0.61
636345.00ms : 0.90;-0.40;-0.21;-0.55;-1.34;0.85
636365.00ms : 0.89;-0.40;-0.20;0.00;-1.22;0.73
636385.00ms : 0.89;-0.40;-0.20;-0.06;-0.98;0.12
636405.00ms : 0.91;-0.39;-0.21;-0.06;-1.40;0.12
636425.00ms : 0.90;-0.40;-0.22;0.06;-1.40;1.10
636445.00ms : 0.88;-0.42;-0.20;-0.49;-1.53;0.79
636465.00ms : 0.89;-0.40;-0.21;-1.22;-1.40;-0.37
636485.00ms : 0.90;-0.40;-0.21;-1.16;-1.22;-0.24
636505.00ms : 0.90;-0.39;-0.21;-0.85;-1.04;0.24
636525.00ms : 0.89;-0.40;-0.20;-0.24;-1.53;0.49
636545.00ms : 0.91;-0.40;-0.21;0.49;-2.01;0.00
636565.00ms : 0.88;-0.42;-0.20;-0.49;-1.34;0.55
636585.00ms : 0.90;-0.39;-0.21;-0.73;-1.89;-0.12
636605.00ms : 0.89;-0.41;-0.21;-0.06;-1.28;0.73
636625.00ms : 0.89;-0.40;-0.20;-0.85;-1.59;-0.06
636645.00ms : 0.89;-0.40;-0.21;-0.73;-0.98;0.37
636665.00ms : 0.89;-0.41;-0.20;-1.16;-0.92;0.31
636685.00ms : 0.90;-0.39;-0.20;-1.04;-1.10;-0.18
636705.00ms : 0.90;-0.39;-0.21;-0.24;-1.04;0.79
636725.00ms : 0.88;-0.42;-0.20;-1.34;-0.61;0.55
636745.00ms : 0.89;-0.41;-0.21;-1.65;-1.16;0.43
636765.00ms : 0.90;-0.41;-0.20;-1.53;-0.98;0.43
636785.00ms : 0.90;-0.40;-0.20;-2.08;-0.73;0.37
636805.00ms : 0.88;-0.41;-0.19;-3.11;-0.18;0.00
636825.00ms : 0.89;-0.39;-0.20;-3.78;0.24;-0.12
636845.00ms : 0.89;-0.40;-0.21;-3.54;0.73;0.00
636865.00ms : 0.90;-0.40;-0.21;-2.87;-0.06;0.06
636885.00ms : 0.89;-0.41;-0.22;-2.26;-0.49;1.28
636905.00ms : 0.89;-0.41;-0.20;-1.16;-0.79;0.98
636925.00ms : 0.89;-0.41;-0.20;-1.59;-0.43;0.12
636945.00ms : 0.90;-0.38;-0.19;-1.89;-0.24;-0.24
636965.00ms : 0.90;-0.37;-0.20;-1.65;-0.49;0.12
636985.00ms : 0.89;-0.39;-0.21;-0.55;-0.67;0.85
637005.00ms : 0.90;-0.41;-0.21;0.12;-1.22;0.98
637025.00ms : 0.89;-0.41;-0.21;0.79;-1.46;0.43
637045.00ms : 0.90;-0.39;-0.20;0.73;-1.89;-0.12
637065.00ms : 0.89;-0.39;-0.20;0.24;-1.22;0.37
637085.00ms : 0.89;-0.40;-0.21;0.12;-1.28;0.67
637105.00ms : 0.89;-0.40;-0.21;1.16;-1.83;0.12
637125.00ms : 0.89;-0.40;-0.20;1.95;-2.14;-0.31
637145.00ms : 0.90;-0.40;-0.21;1.34;-2.01;0.12
637165.00ms : 0.89;-0.40;-0.20;0.67;-1.65;0.55
637185.00ms : 0.90;-0.41;-0.21;0.92;-1.89;0.06
637205.00ms : 0.89;-0.40;-0.20;1.34;-2.01;-0.18
637225.00ms : 0.89;-0.40;-0.21;0.92;-1.59;0.12
637245.00ms : 0.90;-0.40;-0.20;0.55;-1.40;0.18
637265.00ms : 0.89;-0.40;-0.20;0.37;-1.34;0.24
