109251.00ms : 0.95;-0.01;-0.38;-0.12;8.61;-2.38
109271.00ms : 1.00;-0.01;-0.40;-3.72;6.53;-0.67
109291.00ms : 1.01;0.02;-0.37;-9.40;6.77;-6.96
109311.00ms : 1.01;0.09;-0.37;-10.50;8.79;-13.92
109331.00ms : 1.00;0.08;-0.40;0.06;12.27;-16.11
109351.00ms : 1.00;0.00;-0.39;2.08;4.58;-7.20
109371.00ms : 1.00;0.00;-0.39;-0.85;6.59;-12.76
109391.00ms : 0.98;0.00;-0.40;-1.95;9.52;-17.58
109411.00ms : 0.99;-0.03;-0.42;-0.55;9.58;-13.85
109431.00ms : 1.00;-0.04;-0.41;0.79;8.42;-13.18
109451.00ms : 0.99;-0.06;-0.41;0.79;7.93;-12.51
109471.00ms : 0.99;-0.08;-0.41;-0.37;7.75;-11.72
109491.00ms : 1.00;-0.06;-0.42;-1.59;6.90;-12.94
109511.00ms : 0.99;-0.06;-0.42;0.43;8.24;-11.35
109531.00ms : 1.01;-0.10;-0.42;0.98;7.93;-10.19
109551.00ms : 0.99;-0.09;-0.42;-0.49;7.39;-11.60
109571.00ms : 1.00;-0.08;-0.45;-1.28;7.57;-10.80
109591.00ms : 1.01;-0.11;-0.44;-0.06;7.75;-8.54
109611.00ms : 1.00;-0.11;-0.45;-0.37;6.53;-9.09
109631.00ms : 1.00;-0.10;-0.44;-0.79;6.77;-10.38
109651.00ms : 0.99;-0.07;-0.46;-0.85;6.47;-10.31
109671.00ms : 1.00;-0.09;-0.46;0.79;7.14;-8.73
109691.00ms : 1.01;-0.10;-0.46;1.22;5.86;-7.81
109711.00ms : 1.00;-0.10;-0.44;0.79;4.15;-7.75
109731.00ms : 0.99;-0.09;-0.47;1.10;3.48;-8.48
109751.00ms : 1.00;-0.10;-0.48;3.60;4.21;-7.08
109771.00ms : 0.99;-0.11;-0.46;4.27;4.33;-7.75
109791.00ms : 0.98;-0.10;-0.43;2.81;5.55;-9.95
109811.00ms : 0.98;-0.10;-0.44;0.18;5.86;-10.62
109831.00ms : 1.00;-0.13;-0.47;-1.83;6.35;-9.09
109851.00ms : 1.01;-0.13;-0.49;-2.62;5.37;-8.61
109871.00ms : 0.99;-0.12;-0.48;-1.04;5.49;-9.77
109891.00ms : 0.98;-0.12;-0.45;0.43;6.47;-10.56
109911.00ms : 0.99;-0.12;-0.47;0.43;7.14;-9.64
109931.00ms : 1.01;-0.16;-0.47;-0.06;7.81;-8.61
109951.00ms : 0.99;-0.17;-0.46;-3.23;7.32;-10.07
109971.00ms : 0.98;-0.16;-0.46;-6.53;7.87;-11.29
109991.00ms : 0.98;-0.14;-0.46;-8.00;8.18;-11.11
110011.00ms : 0.98;-0.12;-0.47;-8.12;9.16;-11.17
110031.00ms : 1.00;-0.14;-0.50;-5.68;9.28;-9.34
110051.00ms : 0.99;-0.14;-0.50;-4.39;9.03;-10.86
110071.00ms : 0.97;-0.14;-0.49;-3.30;9.58;-11.54
110091.00ms : 0.99;-0.15;-0.51;-3.48;9.77;-11.35
110111.00ms : 0.99;-0.15;-0.52;-2.81;8.91;-11.96
110131.00ms : 1.00;-0.16;-0.54;-0.79;8.79;-10.74
110151.00ms : 0.99;-0.17;-0.52;-0.06;8.24;-11.60
110171.00ms : 0.97;-0.16;-0.51;-0.98;8.12;-12.76
110191.00ms : 0.99;-0.15;-0.53;-0.37;8.36;-12.27
110211.00ms : 0.99;-0.18;-0.54;1.65;8.06;-10.80
110231.00ms : 0.99;-0.19;-0.53;2.81;7.08;-11.60
110251.00ms : 0.98;-0.21;-0.53;1.83;6.59;-12.45
110271.00ms : 0.98;-0.19;-0.53;0.73;6.84;-12.39
110291.00ms : 0.98;-0.21;-0.54;2.08;7.08;-11.78
110311.00ms : 0.98;-0.22;-0.53;2.32;6.65;-11.60
110331.00ms : 0.98;-0.22;-0.54;2.01;5.80;-11.41
110351.00ms : 0.97;-0.22;-0.53;1.28;5.74;-10.86
110371.00ms : 0.98;-0.23;-0.55;0.98;6.04;-10.50
110391.00ms : 0.97;-0.23;-0.56;1.34;5.62;-10.44
110411.00ms : 0.98;-0.25;-0.55;2.26;6.16;-10.50
110431.00ms : 0.98;-0.24;-0.55;0.67;5.98;-10.56
110451.00ms : 0.98;-0.24;-0.55;0.49;5.98;-10.50
110471.00ms : 0.97;-0.25;-0.55;0.24;6.23;-11.23
110491.00ms : 0.97;-0.23;-0.56;-0.55;5.43;-10.86
110511.00ms : 0.97;-0.23;-0.58;-0.31;5.13;-9.22
110531.00ms : 0.98;-0.24;-0.58;1.83;4.88;-8.91
110551.00ms : 0.96;-0.25;-0.56;2.26;4.33;-10.38
110571.00ms : 0.96;-0.24;-0.54;1.71;2.69;-10.25
110591.00ms : 0.98;-0.22;-0.53;1.10;-1.77;-7.63
110611.00ms : 0.97;-0.28;-0.57;1.89;-0.18;-9.28
110631.00ms : 0.95;-0.29;-0.56;1.95;1.89;-10.99
110651.00ms : 0.95;-0.28;-0.57;0.37;3.42;-10.50
110671.00ms : 0.96;-0.27;-0.58;-0.18;4.64;-9.64
110691.00ms : 0.96;-0.27;-0.59;1.40;5.31;-9.89
110711.00ms : 0.95;-0.28;-0.57;1.77;6.29;-10.31
110731.00ms : 0.95;-0.29;-0.57;0.06;7.32;-10.86
110751.00ms : 0.95;-0.28;-0.58;-1.28;8.12;-10.99
110771.00ms : 0.96;-0.27;-0.60;0.12;8.24;-10.13
110791.00ms : 0.95;-0.29;-0.60;2.08;7.20;-11.84
110811.00ms : 0.93;-0.27;-0.56;2.38;3.60;-12.45
110831.00ms : 1.00;-0.25;-0.59;1.77;-3.36;-9.70
110851.00ms : 0.98;-0.29;-0.63;-0.55;-5.25;-13.85
110871.00ms : 0.94;-0.28;-0.59;-0.18;-3.17;-17.94
110891.00ms : 0.94;-0.33;-0.63;-0.92;0.31;-16.30
110911.00ms : 0.94;-0.34;-0.60;1.95;1.40;-15.69
110931.00ms : 0.96;-0.34;-0.58;-0.37;-0.49;-16.42
110951.00ms : 0.95;-0.34;-0.56;-1.53;-1.95;-15.75
110971.00ms : 0.92;-0.36;-0.59;-0.43;-0.98;-11.72
110991.00ms : 0.90;-0.37;-0.58;1.28;3.17;-10.31
111011.00ms : 0.94;-0.36;-0.59;1.28;4.70;-8.97
111031.00ms : 0.95;-0.34;-0.60;1.34;4.70;-8.85
111051.00ms : 0.94;-0.34;-0.61;3.05;4.15;-8.48
111071.00ms : 0.94;-0.35;-0.62;3.72;4.76;-9.22
111091.00ms : 0.94;-0.35;-0.63;4.27;3.91;-7.93
111111.00ms : 0.94;-0.35;-0.62;3.78;3.36;-8.48
111131.00ms : 0.94;-0.38;-0.62;4.46;4.46;-8.73
111151.00ms : 0.95;-0.40;-0.63;3.48;5.13;-8.12
111171.00ms : 0.93;-0.39;-0.60;2.32;3.78;-7.81
111191.00ms : 0.92;-0.37;-0.60;0.92;4.46;-8.06
111211.00ms : 0.93;-0.40;-0.61;2.20;5.43;-7.51
111231.00ms : 0.93;-0.39;-0.63;2.87;5.86;-5.25
111251.00ms : 0.92;-0.38;-0.59;4.39;6.16;-4.64
111271.00ms : 0.94;-0.38;-0.59;1.46;5.86;-5.07
111291.00ms : 0.94;-0.39;-0.61;0.31;4.52;-3.54
111311.00ms : 0.91;-0.38;-0.59;-0.55;3.72;-3.23
111331.00ms : 0.93;-0.39;-0.62;-1.46;3.85;-2.81
111351.00ms : 0.95;-0.39;-0.64;-1.71;2.93;-2.26
111371.00ms : 0.94;-0.38;-0.66;-2.26;1.22;-3.23
111391.00ms : 0.92;-0.37;-0.65;-1.10;0.24;-3.78
111411.00ms : 0.91;-0.35;-0.65;-0.92;-0.73;-2.81
111431.00ms : 0.93;-0.36;-0.65;0.92;0.12;-1.77
111451.00ms : 0.94;-0.37;-0.64;1.65;-0.98;-2.44
111471.00ms : 0.92;-0.38;-0.62;2.08;-1.40;-3.05
111491.00ms : 0.91;-0.39;-0.64;1.53;-1.59;-2.20
111511.00ms : 0.92;-0.39;-0.63;0.31;0.37;-1.95
111531.00ms : 0.93;-0.39;-0.62;0.43;-0.73;-1.89
111551.00ms : 0.92;-0.38;-0.63;0.12;-2.14;-2.44
111571.00ms : 0.90;-0.39;-0.64;1.10;-1.28;-2.20
111591.00ms : 0.93;-0.39;-0.64;1.71;-0.79;-0.85
111611.00ms : 0.93;-0.40;-0.63;2.38;-1.04;-0.55
111631.00ms : 0.93;-0.41;-0.63;2.50;-1.65;-0.37
111651.00ms : 0.92;-0.42;-0.62;1.40;-1.83;-0.79
111671.00ms : 0.92;-0.43;-0.64;0.61;-2.56;2.69
111691.00ms : 0.94;-0.42;-0.63;-0.79;-1.65;2.62
111711.00ms : 0.95;-0.44;-0.65;-2.20;-3.54;2.81
111731.00ms : 0.95;-0.43;-0.67;-3.30;-4.70;4.27
111751.00ms : 0.93;-0.41;-0.67;-1.77;-6.10;6.41
111771.00ms : 0.92;-0.43;-0.64;-0.06;-4.76;7.26
111791.00ms : 0.94;-0.44;-0.63;-2.20;-4.33;8.00
111811.00ms : 0.94;-0.44;-0.64;-3.48;-4.27;10.07
111831.00ms : 0.92;-0.43;-0.62;-2.81;-3.30;11.35
111851.00ms : 0.94;-0.42;-0.65;-1.46;-0.85;13.06
111871.00ms : 0.93;-0.37;-0.60;-1.34;-1.89;15.44
111891.00ms : 0.95;-0.36;-0.63;-3.54;-5.25;14.95
111911.00ms : 0.94;-0.37;-0.62;-2.26;-5.25;14.77
111931.00ms : 0.93;-0.38;-0.65;-2.14;-5.07;14.77
111951.00ms : 0.93;-0.35;-0.64;-1.83;-3.60;16.30
111971.00ms : 0.94;-0.33;-0.63;-2.99;-4.46;17.33
111991.00ms : 0.94;-0.31;-0.60;-3.54;-6.65;16.17
112011.00ms : 0.93;-0.31;-0.60;-3.72;-6.84;14.47
112031.00ms : 0.96;-0.30;-0.64;-4.15;-7.32;15.69
112051.00ms : 0.96;-0.30;-0.62;-2.38;-8.79;16.36
112071.00ms : 0.95;-0.32;-0.60;-1.40;-9.89;12.70
112091.00ms : 0.95;-0.30;-0.61;-3.30;-11.35;10.80
112111.00ms : 0.94;-0.28;-0.60;-4.52;-11.90;12.57
112131.00ms : 0.94;-0.27;-0.58;-3.11;-10.86;13.55
112151.00ms : 0.94;-0.29;-0.57;-1.83;-10.56;12.51
112171.00ms : 0.95;-0.31;-0.58;-3.54;-10.93;13.06
112191.00ms : 0.95;-0.31;-0.57;-5.19;-11.17;13.55
112211.00ms : 0.95;-0.29;-0.57;-5.07;-11.17;14.16
112231.00ms : 0.95;-0.26;-0.56;-3.42;-10.80;13.92
112251.00ms : 0.95;-0.25;-0.56;-1.95;-10.13;13.24
112271.00ms : 0.95;-0.26;-0.57;-1.04;-9.40;13.00
112291.00ms : 0.96;-0.27;-0.55;-1.59;-8.61;12.63
112311.00ms : 0.97;-0.26;-0.54;-3.72;-9.83;12.08
112331.00ms : 0.96;-0.20;-0.56;-4.33;-10.44;10.50
112351.00ms : 0.96;-0.20;-0.56;-1.65;-8.12;10.19
112371.00ms : 0.96;-0.23;-0.54;0.55;-6.90;10.19
112391.00ms : 0.98;-0.24;-0.55;-1.16;-7.57;9.58
112411.00ms : 0.96;-0.22;-0.51;-2.81;-8.61;8.30
112431.00ms : 0.96;-0.22;-0.53;-3.60;-7.69;7.32
112451.00ms : 0.95;-0.22;-0.53;-2.50;-6.29;6.71
112471.00ms : 0.98;-0.22;-0.54;-2.14;-6.16;7.63
112491.00ms : 0.99;-0.23;-0.57;-2.14;-6.65;7.93
112511.00ms : 0.99;-0.23;-0.56;-1.28;-8.24;7.87
112531.00ms : 0.96;-0.23;-0.54;-0.43;-8.06;6.23
112551.00ms : 0.96;-0.23;-0.53;-0.67;-7.26;5.74
112571.00ms : 0.99;-0.24;-0.53;-0.55;-7.63;7.69
112591.00ms : 0.99;-0.25;-0.54;-0.92;-8.36;8.97
112611.00ms : 0.99;-0.23;-0.52;-0.73;-9.03;7.45
112631.00ms : 0.97;-0.22;-0.52;-0.67;-8.67;5.62
112651.00ms : 0.97;-0.24;-0.52;-0.98;-7.87;7.26
112671.00ms : 1.00;-0.26;-0.51;-1.83;-8.24;10.31
112691.00ms : 0.98;-0.25;-0.50;-3.91;-9.40;10.68
112711.00ms : 0.98;-0.22;-0.49;-4.94;-9.28;8.91
112731.00ms : 0.98;-0.23;-0.52;-5.49;-8.79;8.85
112751.00ms : 0.98;-0.21;-0.53;-5.37;-9.16;11.41
112771.00ms : 0.99;-0.20;-0.52;-3.23;-9.89;12.88
112791.00ms : 0.99;-0.17;-0.50;-1.53;-10.38;11.41
112811.00ms : 0.98;-0.15;-0.50;-0.12;-9.83;10.07
112831.00ms : 0.98;-0.15;-0.49;1.28;-8.24;10.31
112851.00ms : 0.98;-0.15;-0.48;1.65;-7.51;10.13
112871.00ms : 0.98;-0.15;-0.48;0.67;-7.69;8.36
112891.00ms : 0.98;-0.14;-0.48;-0.73;-7.51;7.51
112911.00ms : 0.97;-0.11;-0.49;-0.31;-7.20;7.14
112931.00ms : 0.98;-0.09;-0.50;1.10;-7.02;6.10
112951.00ms : 0.98;-0.10;-0.51;4.39;-7.63;5.98
112971.00ms : 1.00;-0.16;-0.51;6.23;-8.00;6.71
112991.00ms : 1.00;-0.19;-0.49;5.68;-9.40;6.35
113011.00ms : 0.99;-0.15;-0.47;4.70;-9.95;4.33
113031.00ms : 0.98;-0.12;-0.46;6.23;-8.85;3.36
113051.00ms : 0.99;-0.17;-0.46;8.48;-8.48;6.23
113071.00ms : 1.00;-0.20;-0.44;6.77;-8.73;7.69
113091.00ms : 1.01;-0.19;-0.46;4.46;-9.22;6.59
113111.00ms : 0.99;-0.17;-0.45;3.60;-8.97;5.13
113131.00ms : 0.97;-0.12;-0.44;4.33;-8.54;4.94
113151.00ms : 0.99;-0.13;-0.46;7.20;-7.75;7.02
113171.00ms : 1.00;-0.17;-0.47;8.06;-7.14;8.67
113191.00ms : 1.00;-0.17;-0.46;6.84;-8.42;7.32
113211.00ms : 1.00;-0.12;-0.44;5.55;-8.85;3.72
113231.00ms : 0.98;-0.06;-0.41;7.45;-10.99;2.87
113251.00ms : 0.99;-0.04;-0.44;10.74;-13.24;7.14
113271.00ms : 0.99;-0.07;-0.48;12.51;-12.70;8.48
113291.00ms : 0.99;-0.11;-0.44;13.67;-10.68;7.57
113311.00ms : 0.99;-0.13;-0.42;14.22;-8.42;3.54
113331.00ms : 1.00;-0.13;-0.44;12.70;-8.18;1.89
113351.00ms : 1.01;-0.16;-0.44;12.39;-8.73;3.48
113371.00ms : 0.98;-0.18;-0.42;10.50;-6.96;4.39
113391.00ms : 0.99;-0.17;-0.40;8.97;-5.55;2.69
113411.00ms : 0.99;-0.13;-0.38;6.53;-5.43;-0.12
113431.00ms : 0.99;-0.09;-0.42;6.90;-5.31;0.92
113451.00ms : 1.00;-0.13;-0.43;8.00;-4.70;3.36
113471.00ms : 0.99;-0.15;-0.40;6.47;-4.58;3.60
113491.00ms : 0.99;-0.12;-0.39;3.30;-4.33;1.40
113511.00ms : 0.99;-0.09;-0.42;3.23;-4.33;1.83
113531.00ms : 1.00;-0.12;-0.42;4.76;-4.88;4.46
113551.00ms : 0.99;-0.14;-0.42;5.31;-4.33;5.80
113571.00ms : 1.00;-0.13;-0.41;5.98;-4.76;5.07
113591.00ms : 1.00;-0.12;-0.41;6.35;-4.70;4.21
113611.00ms : 0.99;-0.10;-0.39;6.04;-3.85;4.82
113631.00ms : 0.99;-0.10;-0.40;5.31;-3.11;4.39
113651.00ms : 1.00;-0.11;-0.42;5.68;-3.11;5.19
113671.00ms : 1.00;-0.11;-0.42;6.35;-4.03;5.31
113691.00ms : 1.01;-0.09;-0.44;8.67;-4.33;5.80
113711.00ms : 1.01;-0.09;-0.42;11.11;-4.03;4.94
113731.00ms : 0.99;-0.09;-0.41;11.78;-3.91;4.88
113751.00ms : 1.00;-0.13;-0.38;10.56;-4.27;5.07
113771.00ms : 0.99;-0.12;-0.38;7.32;-3.36;4.03
113791.00ms : 1.00;-0.07;-0.40;6.96;-4.70;5.43
113811.00ms : 1.01;-0.10;-0.42;8.24;-4.70;7.93
113831.00ms : 1.00;-0.14;-0.42;5.62;-2.75;5.31
113851.00ms : 1.00;-0.10;-0.41;0.85;-4.33;5.68
113871.00ms : 1.01;-0.09;-0.41;-3.17;-7.02;9.34
113891.00ms : 1.01;-0.11;-0.40;-5.37;-6.84;9.70
113911.00ms : 0.99;-0.10;-0.39;-7.75;-6.10;7.75
113931.00ms : 1.00;-0.07;-0.39;-11.05;-5.25;5.19
113951.00ms : 1.00;-0.04;-0.39;-13.85;-5.80;3.97
113971.00ms : 0.98;-0.01;-0.40;-12.15;-4.70;3.48
113991.00ms : 1.00;-0.03;-0.40;-5.43;-2.81;2.50
114011.00ms : 0.99;-0.07;-0.39;-1.77;-2.56;1.71
114031.00ms : 0.98;-0.09;-0.38;-0.12;-1.10;-0.06
114051.00ms : 1.00;-0.07;-0.39;-1.53;0.12;-3.05
114071.00ms : 1.01;-0.06;-0.41;-2.62;-0.31;-3.05
114091.00ms : 1.00;-0.06;-0.42;-3.23;-3.36;0.00
114111.00ms : 0.99;-0.06;-0.40;-1.10;-2.50;-1.77
114131.00ms : 1.02;-0.07;-0.41;0.73;-2.62;-2.44
114151.00ms : 1.00;-0.06;-0.41;0.49;-3.05;-2.32
114171.00ms : 1.00;-0.06;-0.41;2.87;-3.54;-2.81
114191.00ms : 0.97;-0.02;-0.39;5.98;-2.56;-4.33
114211.00ms : 0.99;-0.02;-0.36;8.91;-0.85;-5.31
114231.00ms : 1.02;-0.06;-0.38;7.69;-0.98;-4.70
114251.00ms : 0.99;-0.09;-0.39;3.78;-2.01;-4.82
114271.00ms : 0.98;-0.06;-0.37;2.75;-1.65;-5.92
114291.00ms : 1.00;-0.08;-0.38;3.17;-1.40;-5.13
114311.00ms : 1.01;-0.10;-0.38;2.69;-1.95;-3.97
114331.00ms : 0.99;-0.11;-0.37;1.10;-2.20;-4.33
114351.00ms : 0.99;-0.09;-0.37;0.67;-1.71;-4.46
114371.00ms : 1.01;-0.12;-0.37;-0.18;-1.04;-3.17
114391.00ms : 1.01;-0.13;-0.39;-2.99;-1.77;-2.99
114411.00ms : 1.00;-0.08;-0.39;-2.08;-4.46;-1.71
114431.00ms : 1.00;-0.06;-0.41;0.18;-4.64;0.24
114451.00ms : 0.97;-0.05;-0.40;2.81;-2.99;-1.53
114471.00ms : 1.00;-0.08;-0.39;3.36;-2.69;-1.83
114491.00ms : 0.99;-0.10;-0.40;2.93;-1.59;-2.50
114511.00ms : 0.99;-0.13;-0.38;2.50;-1.10;-2.99
114531.00ms : 0.99;-0.12;-0.37;0.79;-0.85;-3.72
114551.00ms : 1.00;-0.09;-0.38;1.65;-0.92;-4.15
114571.00ms : 1.00;-0.08;-0.38;3.91;0.06;-2.99
114591.00ms : 0.99;-0.14;-0.36;2.26;0.61;-2.44
114611.00ms : 0.99;-0.14;-0.36;-3.78;0.67;-4.33
114631.00ms : 1.01;-0.10;-0.39;-6.47;-0.18;-4.39
114651.00ms : 1.01;-0.11;-0.40;-4.58;-0.24;-2.99
114671.00ms : 1.00;-0.13;-0.40;-2.81;-0.73;-2.08
114691.00ms : 1.00;-0.14;-0.37;-2.87;-1.28;-1.46
114711.00ms : 0.99;-0.12;-0.38;-3.78;-1.53;-1.10
114731.00ms : 0.99;-0.10;-0.39;-3.30;-1.53;-0.31
114751.00ms : 1.00;-0.07;-0.39;-0.24;-1.34;-0.24
114771.00ms : 0.99;-0.08;-0.37;2.20;-0.92;-0.55
114791.00ms : 0.99;-0.08;-0.38;3.54;-0.24;-0.67
114811.00ms : 1.01;-0.11;-0.38;4.21;-0.43;-0.12
114831.00ms : 0.99;-0.13;-0.39;3.17;-0.37;0.00
114851.00ms : 0.99;-0.14;-0.38;0.37;-0.37;-0.43
114871.00ms : 1.00;-0.11;-0.39;-2.01;-0.98;-0.98
114891.00ms : 1.00;-0.10;-0.39;-1.83;-0.61;-0.98
114911.00ms : 0.99;-0.11;-0.38;-1.59;-0.43;-0.85
114931.00ms : 1.00;-0.12;-0.37;-3.11;-0.92;-0.98
114951.00ms : 0.99;-0.10;-0.38;-5.49;-0.92;-1.34
114971.00ms : 1.00;-0.09;-0.39;-5.49;-0.85;-1.71
114991.00ms : 0.99;-0.08;-0.40;-3.30;-1.16;-1.89
115011.00ms : 1.00;-0.11;-0.40;0.31;-0.61;-0.73
115031.00ms : 0.99;-0.13;-0.39;0.31;-0.43;-1.28
115051.00ms : 1.00;-0.12;-0.37;-1.53;-0.55;-1.95
115071.00ms : 1.00;-0.09;-0.38;-1.65;-0.85;-1.53
115091.00ms : 0.99;-0.10;-0.39;0.12;-0.61;-1.16
115111.00ms : 0.99;-0.11;-0.38;0.55;-0.31;-1.71
115131.00ms : 1.00;-0.11;-0.38;-0.61;-0.18;-2.14
115151.00ms : 0.99;-0.11;-0.38;-2.08;0.06;-2.32
115171.00ms : 0.99;-0.12;-0.38;-3.23;0.12;-2.14
115191.00ms : 1.00;-0.12;-0.39;-2.50;-0.12;-2.26
115211.00ms : 0.99;-0.13;-0.38;-2.75;0.73;-1.83
115231.00ms : 0.97;-0.11;-0.36;-5.80;2.01;-3.85
115251.00ms : 1.00;-0.07;-0.37;-7.14;1.59;-5.49
115271.00ms : 0.99;-0.07;-0.39;-6.04;1.83;-5.55
115291.00ms : 0.98;-0.10;-0.36;-5.86;3.54;-6.29
115311.00ms : 0.99;-0.12;-0.38;-9.09;3.60;-8.06
115331.00ms : 1.01;-0.12;-0.40;-11.05;2.87;-10.01
115351.00ms : 0.99;-0.12;-0.40;-9.89;2.50;-9.64
115371.00ms : 0.99;-0.12;-0.42;-6.77;1.89;-8.00
115391.00ms : 1.00;-0.14;-0.40;-2.62;2.62;-7.45
115411.00ms : 1.00;-0.16;-0.40;-1.59;2.81;-6.35
115431.00ms : 0.98;-0.17;-0.37;-3.30;2.62;-6.53
115451.00ms : 1.00;-0.13;-0.41;-5.86;2.01;-6.59
115471.00ms : 1.00;-0.14;-0.40;-3.54;2.32;-5.86
115491.00ms : 0.98;-0.14;-0.38;-3.23;3.66;-6.90
115511.00ms : 0.99;-0.14;-0.39;-3.42;3.85;-7.69
115531.00ms : 1.00;-0.18;-0.42;-4.52;3.72;-5.86
115551.00ms : 0.99;-0.17;-0.40;-6.71;3.23;-6.10
115571.00ms : 0.97;-0.11;-0.38;-7.20;4.03;-7.87
115591.00ms : 0.98;-0.10;-0.40;-5.25;4.76;-8.18
115611.00ms : 0.99;-0.17;-0.41;-4.39;5.19;-6.90
115631.00ms : 0.99;-0.18;-0.40;-5.74;5.13;-7.81
115651.00ms : 0.99;-0.14;-0.45;-4.64;5.07;-8.00
115671.00ms : 0.99;-0.15;-0.43;-1.22;5.37;-6.53
115691.00ms : 1.00;-0.21;-0.41;-2.44;6.53;-6.53
115711.00ms : 1.00;-0.21;-0.42;-5.86;5.25;-7.45
115731.00ms : 1.00;-0.20;-0.45;-6.71;4.15;-7.02
115751.00ms : 0.98;-0.18;-0.44;-5.07;4.76;-5.43
115771.00ms : 0.99;-0.16;-0.44;-2.50;4.64;-4.46
115791.00ms : 0.99;-0.20;-0.43;0.98;5.68;-4.21
115811.00ms : 0.99;-0.21;-0.44;-0.24;4.46;-3.85
115831.00ms : 0.99;-0.15;-0.45;-1.16;4.15;-3.85
115851.00ms : 0.99;-0.16;-0.45;3.11;3.97;-2.87
115871.00ms : 0.97;-0.24;-0.42;4.88;5.37;-2.01
115891.00ms : 0.99;-0.23;-0.41;-0.31;4.46;-3.42
115911.00ms : 0.99;-0.16;-0.44;-4.39;4.64;-5.92
115931.00ms : 0.99;-0.14;-0.45;-2.26;4.94;-4.27
115951.00ms : 0.98;-0.18;-0.44;0.06;5.74;-3.30
115971.00ms : 0.98;-0.21;-0.45;-0.24;5.43;-3.97
115991.00ms : 1.00;-0.23;-0.45;-1.65;4.88;-4.03
116011.00ms : 0.99;-0.21;-0.45;-2.69;4.39;-3.60
116031.00ms : 0.97;-0.17;-0.43;-2.38;5.31;-4.82
116051.00ms : 0.99;-0.18;-0.47;-1.65;5.62;-4.82
116071.00ms : 0.98;-0.19;-0.44;-1.83;5.80;-4.94
116091.00ms : 0.98;-0.19;-0.45;-3.91;5.92;-5.43
116111.00ms : 0.98;-0.17;-0.46;-4.03;6.47;-7.63
116131.00ms : 0.98;-0.20;-0.48;-1.22;6.16;-5.31
116151.00ms : 1.00;-0.25;-0.48;0.18;6.10;-3.30
116171.00ms : 0.99;-0.22;-0.46;-0.79;4.94;-4.46
116191.00ms : 0.97;-0.19;-0.45;-1.59;5.37;-8.36
116211.00ms : 0.98;-0.19;-0.48;-0.43;6.53;-7.20
116231.00ms : 0.98;-0.24;-0.48;0.06;7.26;-4.76
116251.00ms : 0.99;-0.24;-0.47;-1.71;5.80;-4.76
116271.00ms : 0.97;-0.20;-0.47;-4.15;5.37;-7.93
116291.00ms : 0.97;-0.17;-0.49;-3.36;5.49;-8.67
116311.00ms : 0.98;-0.20;-0.50;0.06;6.90;-6.77
116331.00ms : 0.99;-0.24;-0.50;0.31;6.29;-6.10
116351.00ms : 0.97;-0.23;-0.49;-1.59;5.43;-8.42
116371.00ms : 0.97;-0.20;-0.50;-2.38;4.88;-9.64
116391.00ms : 0.98;-0.22;-0.51;-0.24;5.43;-7.69
116411.00ms : 0.98;-0.26;-0.50;1.53;5.74;-6.47
116431.00ms : 0.98;-0.25;-0.50;0.12;3.78;-7.39
116451.00ms : 0.98;-0.23;-0.50;-0.85;3.17;-8.73
116471.00ms : 0.97;-0.23;-0.52;0.67;3.72;-8.48
116491.00ms : 0.97;-0.27;-0.51;3.17;4.70;-6.53
116511.00ms : 0.97;-0.27;-0.48;1.04;4.27;-7.14
116531.00ms : 0.97;-0.24;-0.48;-2.14;4.09;-9.28
116551.00ms : 0.98;-0.25;-0.52;-1.59;4.03;-7.63
116571.00ms : 0.96;-0.28;-0.52;-0.49;4.15;-6.04
116591.00ms : 0.96;-0.27;-0.50;-0.06;4.58;-6.84
116611.00ms : 0.97;-0.27;-0.51;-1.71;4.21;-8.85
116631.00ms : 0.98;-0.25;-0.53;-2.44;3.91;-8.30
116651.00ms : 0.96;-0.28;-0.53;-0.37;4.21;-7.02
116671.00ms : 0.96;-0.28;-0.52;0.00;4.33;-7.32
116691.00ms : 0.97;-0.27;-0.50;-1.46;4.21;-8.73
116711.00ms : 0.97;-0.24;-0.52;-2.56;4.15;-8.67
116731.00ms : 0.96;-0.24;-0.52;-1.34;4.76;-8.97
116751.00ms : 0.95;-0.27;-0.53;0.49;5.07;-8.61
116771.00ms : 0.95;-0.30;-0.52;-0.12;5.25;-8.54
116791.00ms : 0.97;-0.29;-0.52;-1.77;5.37;-10.50
116811.00ms : 0.95;-0.29;-0.52;-2.20;5.62;-10.31
116831.00ms : 0.95;-0.30;-0.53;-1.40;6.16;-9.83
116851.00ms : 0.95;-0.31;-0.51;-1.46;6.53;-8.73
116871.00ms : 0.96;-0.32;-0.53;-2.01;6.47;-8.73
116891.00ms : 0.96;-0.33;-0.55;-2.62;6.71;-8.54
116911.00ms : 0.95;-0.33;-0.55;-2.75;5.92;-8.06
116931.00ms : 0.96;-0.33;-0.56;-2.56;5.92;-7.08
116951.00ms : 0.96;-0.32;-0.54;-3.30;5.43;-8.24
116971.00ms : 0.97;-0.32;-0.57;-2.81;5.25;-8.36
116991.00ms : 0.94;-0.33;-0.57;-1.65;4.52;-7.08
117011.00ms : 0.94;-0.33;-0.56;-0.49;4.27;-6.41
117031.00ms : 0.96;-0.33;-0.56;0.00;4.21;-6.71
117051.00ms : 0.95;-0.33;-0.55;-0.67;3.97;-7.08
117071.00ms : 0.94;-0.33;-0.57;-0.24;3.54;-7.08
117091.00ms : 0.94;-0.34;-0.57;0.92;3.60;-5.00
117111.00ms : 0.94;-0.35;-0.55;1.04;3.91;-4.27
117131.00ms : 0.95;-0.34;-0.56;-0.31;3.05;-5.80
117151.00ms : 0.95;-0.33;-0.58;-0.31;2.44;-5.55
117171.00ms : 0.93;-0.32;-0.57;1.59;3.23;-5.43
117191.00ms : 0.93;-0.36;-0.57;3.91;3.97;-4.46
117211.00ms : 0.93;-0.37;-0.55;1.89;3.23;-4.39
117231.00ms : 0.93;-0.36;-0.54;-0.79;3.36;-5.49
117251.00ms : 0.96;-0.34;-0.57;-2.08;3.48;-4.39
117271.00ms : 0.93;-0.34;-0.59;-0.12;3.48;-4.46
117291.00ms : 0.93;-0.37;-0.59;1.89;3.42;-3.60
117311.00ms : 0.95;-0.36;-0.55;1.04;1.04;-3.11
117331.00ms : 0.94;-0.34;-0.57;-0.79;1.46;-5.43
117351.00ms : 0.94;-0.34;-0.58;0.24;3.42;-4.46
117371.00ms : 0.93;-0.35;-0.58;1.34;3.85;-4.21
117391.00ms : 0.93;-0.37;-0.58;0.49;4.27;-5.37
117411.00ms : 0.95;-0.35;-0.61;-1.53;3.17;-5.00
117431.00ms : 0.93;-0.34;-0.62;-0.61;2.44;-4.88
117451.00ms : 0.92;-0.35;-0.60;1.46;3.30;-4.94
117471.00ms : 0.93;-0.36;-0.58;2.20;3.17;-5.00
117491.00ms : 0.94;-0.36;-0.57;1.34;3.05;-4.94
117511.00ms : 0.93;-0.37;-0.58;1.53;3.17;-5.00
117531.00ms : 0.93;-0.38;-0.60;1.22;3.36;-4.58
117551.00ms : 0.92;-0.39;-0.59;0.55;3.60;-4.52
117571.00ms : 0.95;-0.38;-0.57;-1.59;-1.71;-2.56
117591.00ms : 0.94;-0.38;-0.65;-1.89;-1.34;-4.70
117611.00ms : 0.94;-0.39;-0.63;0.92;-0.12;-5.31
117631.00ms : 0.94;-0.37;-0.60;1.65;-0.31;-6.96
117651.00ms : 0.89;-0.36;-0.57;3.36;1.16;-6.16
117671.00ms : 0.90;-0.37;-0.54;4.33;3.05;-2.87
117691.00ms : 0.94;-0.36;-0.54;3.30;-1.53;-2.01
117711.00ms : 0.94;-0.39;-0.60;2.69;-1.89;-5.25
117731.00ms : 0.89;-0.34;-0.56;1.40;-2.99;-7.08
117751.00ms : 0.92;-0.37;-0.64;0.79;-1.22;-8.67
117771.00ms : 0.92;-0.41;-0.64;2.01;1.34;-7.63
117791.00ms : 0.94;-0.41;-0.61;-2.08;0.31;-8.36
117811.00ms : 0.94;-0.39;-0.62;-4.39;-3.05;-8.18
117831.00ms : 0.92;-0.41;-0.63;-4.46;-2.32;-9.03
117851.00ms : 0.90;-0.39;-0.65;-3.42;-3.48;-5.86
117871.00ms : 0.89;-0.40;-0.59;-1.10;-0.12;-5.07
117891.00ms : 0.93;-0.39;-0.56;-2.08;0.61;-6.29
117911.00ms : 0.93;-0.38;-0.59;-2.14;-0.61;-5.68
117931.00ms : 0.90;-0.39;-0.60;1.83;-0.55;-4.88
117951.00ms : 0.89;-0.43;-0.60;3.11;2.14;-5.07
117971.00ms : 0.91;-0.44;-0.58;2.20;2.50;-4.46
117991.00ms : 0.93;-0.41;-0.60;0.24;1.53;-4.58
118011.00ms : 0.92;-0.39;-0.60;2.08;0.24;-3.85
118031.00ms : 0.90;-0.43;-0.61;4.64;2.99;-4.27
118051.00ms : 0.92;-0.44;-0.60;2.69;2.50;-4.21
118071.00ms : 0.91;-0.43;-0.60;1.71;0.92;-3.05
118091.00ms : 0.90;-0.42;-0.61;2.62;2.69;-2.87
118111.00ms : 0.91;-0.42;-0.60;2.50;3.66;-2.56
118131.00ms : 0.91;-0.44;-0.59;1.83;3.48;-3.11
118151.00ms : 0.90;-0.42;-0.58;-0.49;2.44;-3.23
118171.00ms : 0.89;-0.44;-0.61;-1.65;2.99;-1.89
118191.00ms : 0.92;-0.44;-0.62;-2.32;3.30;-0.92
118211.00ms : 0.93;-0.41;-0.62;-1.65;1.65;-1.65
118231.00ms : 0.91;-0.40;-0.63;-1.46;2.44;-3.54
118251.00ms : 0.90;-0.41;-0.64;-0.18;1.28;-1.59
118271.00ms : 0.89;-0.43;-0.63;1.40;2.56;-0.92
118291.00ms : 0.93;-0.42;-0.62;0.98;2.56;-1.28
118311.00ms : 0.93;-0.42;-0.61;-0.49;0.49;-2.69
118331.00ms : 0.89;-0.42;-0.63;-0.12;0.79;-1.83
118351.00ms : 0.88;-0.45;-0.63;0.43;2.20;-0.18
118371.00ms : 0.93;-0.42;-0.62;-0.73;0.31;-0.37
118391.00ms : 0.91;-0.41;-0.62;1.04;-0.24;-1.04
118411.00ms : 0.90;-0.44;-0.64;1.95;2.62;-0.55
118431.00ms : 0.89;-0.44;-0.61;1.65;2.44;1.34
118451.00ms : 0.92;-0.46;-0.62;-0.06;1.65;1.22
118471.00ms : 0.92;-0.46;-0.61;-1.89;0.49;0.31
118491.00ms : 0.91;-0.44;-0.65;-3.05;0.24;1.16
118511.00ms : 0.89;-0.44;-0.67;-0.06;2.32;3.11
118531.00ms : 0.91;-0.47;-0.64;1.16;3.48;3.85
118551.00ms : 0.94;-0.45;-0.64;-0.85;1.83;3.36
118571.00ms : 0.93;-0.42;-0.67;-0.79;1.83;4.21
118591.00ms : 0.87;-0.43;-0.66;3.11;4.70;5.68
118611.00ms : 0.90;-0.46;-0.65;2.14;5.43;6.84
118631.00ms : 0.94;-0.44;-0.62;-0.67;1.22;7.69
118651.00ms : 0.93;-0.40;-0.65;-1.40;-0.37;7.20
118671.00ms : 0.91;-0.41;-0.67;1.16;-2.01;8.12
118691.00ms : 0.91;-0.44;-0.64;3.72;-2.75;8.24
118711.00ms : 0.92;-0.46;-0.63;2.08;-4.52;8.79
118731.00ms : 0.94;-0.43;-0.62;-1.04;-6.59;9.52
118751.00ms : 0.90;-0.42;-0.62;-0.37;-6.10;9.77
118771.00ms : 0.91;-0.44;-0.63;0.00;-4.58;11.23
118791.00ms : 0.92;-0.43;-0.63;-2.62;-5.86;12.08
118811.00ms : 0.91;-0.41;-0.62;-3.66;-6.41;12.76
118831.00ms : 0.90;-0.41;-0.62;-2.62;-4.82;13.98
118851.00ms : 0.93;-0.44;-0.59;-2.75;-2.32;11.78
118871.00ms : 0.93;-0.41;-0.59;-7.14;-4.94;11.23
118891.00ms : 0.91;-0.37;-0.64;-6.41;-5.25;15.08
118911.00ms : 0.92;-0.34;-0.65;-1.40;-2.99;16.24
118931.00ms : 0.93;-0.35;-0.65;1.16;-4.15;15.50
118951.00ms : 0.94;-0.33;-0.66;0.85;-6.59;15.26
118971.00ms : 0.94;-0.33;-0.66;-0.49;-8.30;15.01
118991.00ms : 0.92;-0.33;-0.62;-0.18;-8.73;14.95
119011.00ms : 0.93;-0.37;-0.60;-1.04;-7.26;14.95
119031.00ms : 0.95;-0.35;-0.61;-5.37;-8.54;13.55
119051.00ms : 0.94;-0.31;-0.60;-7.20;-9.70;12.57
119071.00ms : 0.93;-0.33;-0.60;-5.55;-7.81;12.76
119091.00ms : 0.94;-0.32;-0.60;-6.41;-8.24;13.24
119111.00ms : 0.95;-0.32;-0.62;-6.35;-9.09;13.79
119131.00ms : 0.97;-0.30;-0.62;-5.68;-10.56;14.22
119151.00ms : 0.95;-0.26;-0.61;-3.30;-11.96;12.63
119171.00ms : 0.92;-0.25;-0.58;-0.06;-10.68;10.56
119191.00ms : 0.93;-0.27;-0.59;1.04;-9.22;10.68
119211.00ms : 0.96;-0.29;-0.56;0.73;-8.97;12.63
119231.00ms : 0.96;-0.32;-0.56;-1.40;-9.52;10.93
119251.00ms : 0.94;-0.27;-0.57;-4.15;-10.86;7.87
119271.00ms : 0.95;-0.24;-0.61;-2.56;-10.80;9.03
119291.00ms : 0.95;-0.28;-0.59;2.01;-8.97;11.54
119311.00ms : 0.96;-0.31;-0.57;1.46;-9.46;10.68
119331.00ms : 0.97;-0.29;-0.57;-1.10;-12.08;7.87
119351.00ms : 0.97;-0.22;-0.61;-0.61;-15.26;8.18
119371.00ms : 0.96;-0.20;-0.58;6.53;-15.99;9.89
119391.00ms : 0.97;-0.25;-0.60;15.38;-14.83;11.84
119411.00ms : 0.98;-0.34;-0.52;18.62;-14.16;13.98
119431.00ms : 0.96;-0.33;-0.49;14.40;-15.08;11.72
119451.00ms : 0.95;-0.29;-0.48;9.58;-12.45;8.91
119471.00ms : 0.96;-0.27;-0.51;5.43;-10.99;10.56
119491.00ms : 0.97;-0.29;-0.54;2.20;-10.07;13.55
119511.00ms : 0.99;-0.30;-0.54;-1.16;-10.68;13.73
119531.00ms : 0.97;-0.27;-0.53;-4.27;-11.66;11.05
119551.00ms : 0.96;-0.19;-0.54;-5.25;-11.66;8.48
119571.00ms : 0.98;-0.18;-0.54;-0.49;-10.56;9.77
119591.00ms : 0.98;-0.20;-0.52;4.27;-9.89;11.84
119611.00ms : 0.98;-0.25;-0.53;4.27;-11.47;11.96
119631.00ms : 0.99;-0.24;-0.52;2.32;-13.61;11.35
119651.00ms : 0.97;-0.22;-0.51;1.53;-14.22;11.23
119671.00ms : 0.96;-0.22;-0.47;2.01;-12.70;10.99
119691.00ms : 0.97;-0.23;-0.46;-0.12;-11.29;11.35
119711.00ms : 0.99;-0.24;-0.47;-3.85;-12.08;11.23
119731.00ms : 0.99;-0.22;-0.51;-5.37;-13.12;11.54
119751.00ms : 0.99;-0.18;-0.54;-2.14;-14.04;12.39
119771.00ms : 0.98;-0.16;-0.51;2.93;-13.24;11.96
119791.00ms : 0.97;-0.22;-0.41;4.39;-10.01;9.77
119811.00ms : 0.99;-0.28;-0.41;-1.28;-9.46;10.31
119831.00ms : 1.00;-0.27;-0.47;-9.95;-11.66;11.78
119851.00ms : 1.00;-0.20;-0.50;-10.74;-13.06;12.15
119871.00ms : 0.98;-0.11;-0.52;-4.39;-13.49;11.66
119891.00ms : 0.97;-0.09;-0.46;5.07;-11.72;12.39
119911.00ms : 0.98;-0.15;-0.42;8.61;-9.70;12.33
119931.00ms : 0.98;-0.20;-0.39;3.91;-9.16;10.93
119951.00ms : 0.99;-0.17;-0.44;-2.69;-10.19;9.34
119971.00ms : 0.99;-0.12;-0.49;-4.09;-11.17;10.99
119991.00ms : 0.99;-0.11;-0.49;-0.49;-10.68;12.15
120011.00ms : 1.00;-0.14;-0.47;4.52;-11.05;12.51
120031.00ms : 0.99;-0.15;-0.42;5.68;-11.05;10.68
120051.00ms : 1.00;-0.13;-0.43;5.49;-11.60;9.95
120071.00ms : 0.99;-0.12;-0.42;6.47;-11.05;10.07
120091.00ms : 0.99;-0.10;-0.44;6.59;-11.41;10.56
120111.00ms : 0.99;-0.10;-0.43;7.81;-11.35;9.64
120131.00ms : 0.98;-0.10;-0.40;7.39;-10.13;8.91
120151.00ms : 0.98;-0.12;-0.37;7.81;-8.79;9.03
120171.00ms : 0.99;-0.13;-0.40;7.69;-8.85;10.07
120191.00ms : 0.98;-0.11;-0.38;6.16;-8.06;8.85
120211.00ms : 0.97;-0.07;-0.38;4.03;-5.68;7.02
120231.00ms : 1.00;-0.07;-0.37;1.89;-4.27;6.23
120251.00ms : 1.01;-0.15;-0.41;-0.79;-5.55;8.85
120271.00ms : 0.98;-0.16;-0.40;-5.98;-5.07;8.12
120291.00ms : 0.97;-0.09;-0.36;-10.31;-4.46;5.00
120311.00ms : 1.00;-0.01;-0.40;-10.86;-4.76;3.23
120331.00ms : 1.01;-0.04;-0.44;-6.90;-4.88;4.52
120351.00ms : 1.00;-0.08;-0.42;-3.66;-4.94;5.49
120371.00ms : 0.99;-0.09;-0.41;-1.71;-4.52;3.78
120391.00ms : 1.01;-0.10;-0.42;0.37;-5.68;2.44
120411.00ms : 1.00;-0.08;-0.42;3.36;-6.35;2.44
120431.00ms : 1.00;-0.06;-0.42;8.79;-6.10;4.70
120451.00ms : 1.01;-0.12;-0.41;12.02;-5.74;6.90
120471.00ms : 0.99;-0.17;-0.37;10.50;-5.98;6.71
120491.00ms : 0.99;-0.13;-0.37;6.16;-5.13;4.52
120511.00ms : 1.00;-0.06;-0.38;3.54;-6.10;3.78
120531.00ms : 0.99;-0.03;-0.40;5.31;-5.74;5.19
120551.00ms : 0.99;-0.06;-0.37;9.64;-4.33;5.68
120571.00ms : 0.98;-0.06;-0.34;8.73;-3.05;2.50
120591.00ms : 1.00;-0.03;-0.37;5.68;-3.05;1.16
120611.00ms : 1.00;-0.04;-0.40;4.21;-3.60;0.98
120631.00ms : 0.99;-0.09;-0.36;4.33;-2.93;2.01
120651.00ms : 0.98;-0.09;-0.36;0.61;-2.87;0.00
120671.00ms : 1.00;-0.06;-0.37;-0.67;-2.81;-1.77
120691.00ms : 1.01;-0.04;-0.38;1.16;-2.69;-0.73
120711.00ms : 0.98;-0.05;-0.36;1.71;-2.01;-1.40
120731.00ms : 0.97;-0.04;-0.36;-1.65;-1.04;-2.93
120751.00ms : 1.02;-0.05;-0.38;-1.40;-1.34;-2.81
120771.00ms : 1.00;-0.10;-0.38;0.37;-1.71;-2.44
120791.00ms : 0.98;-0.10;-0.39;0.85;-1.34;-2.75
120811.00ms : 1.00;-0.08;-0.38;-0.12;-1.34;-3.36
120831.00ms : 1.00;-0.09;-0.38;0.92;-1.22;-2.50
120851.00ms : 1.00;-0.10;-0.39;1.28;-0.92;-2.32
120871.00ms : 1.01;-0.09;-0.39;2.08;-1.71;-2.14
120891.00ms : 0.99;-0.09;-0.38;1.46;-1.40;-1.77
120911.00ms : 0.99;-0.08;-0.38;0.18;-1.16;-2.38
120931.00ms : 0.99;-0.06;-0.37;0.61;-1.04;-2.38
120951.00ms : 0.99;-0.08;-0.36;1.95;-0.67;-3.11
120971.00ms : 1.00;-0.08;-0.39;1.53;-0.79;-3.60
120991.00ms : 1.00;-0.11;-0.38;0.92;-0.79;-2.69
121011.00ms : 0.99;-0.12;-0.38;-1.10;-0.85;-3.11
121031.00ms : 1.00;-0.11;-0.37;-2.44;-0.73;-2.99
121051.00ms : 1.01;-0.10;-0.38;-2.08;-1.40;-2.50
121071.00ms : 1.00;-0.10;-0.38;-0.12;-1.40;-1.83
121091.00ms : 0.99;-0.12;-0.37;-0.61;-0.67;-1.71
121111.00ms : 1.01;-0.10;-0.38;-1.83;-1.16;-1.89
121131.00ms : 1.00;-0.10;-0.37;-1.95;-0.67;-1.71
121151.00ms : 1.01;-0.13;-0.38;-2.56;-0.79;-1.65
121171.00ms : 1.00;-0.12;-0.38;-5.07;-0.85;-2.99
121191.00ms : 0.99;-0.10;-0.38;-6.16;-1.04;-3.11
121211.00ms : 0.99;-0.09;-0.38;-6.71;-0.67;-1.77
121231.00ms : 0.99;-0.10;-0.37;-7.02;-0.98;-1.10
121251.00ms : 0.99;-0.10;-0.37;-6.10;-0.79;-1.04
121271.00ms : 1.00;-0.08;-0.38;-4.09;-0.55;-1.71
121291.00ms : 1.00;-0.08;-0.38;-2.62;-0.37;-1.46
121311.00ms : 1.00;-0.10;-0.39;-3.05;-0.61;-0.24
121331.00ms : 0.99;-0.09;-0.37;-2.69;-0.49;-0.55
121351.00ms : 1.00;-0.08;-0.37;-1.59;-0.12;-1.04
121371.00ms : 0.99;-0.07;-0.38;0.18;-0.31;-0.61
121391.00ms : 0.99;-0.10;-0.38;1.40;0.12;-0.92
121411.00ms : 1.00;-0.11;-0.38;0.92;0.12;-0.67
121431.00ms : 1.01;-0.11;-0.38;-0.24;-0.18;-1.04
121451.00ms : 1.01;-0.11;-0.38;-0.24;-0.55;-0.98
121471.00ms : 0.99;-0.12;-0.40;-0.37;-0.37;-1.04
121491.00ms : 1.00;-0.12;-0.40;-1.40;-1.04;-0.49
121511.00ms : 0.99;-0.12;-0.38;-2.32;-0.37;-0.06
121531.00ms : 1.00;-0.08;-0.39;-2.20;-0.92;-0.24
121551.00ms : 0.99;-0.08;-0.38;-0.55;-0.49;-0.24
121571.00ms : 1.00;-0.10;-0.38;0.49;-0.67;0.31
121591.00ms : 0.99;-0.11;-0.37;-0.12;-0.79;-0.43
121611.00ms : 0.99;-0.08;-0.39;-0.73;-0.31;-0.73
121631.00ms : 0.99;-0.06;-0.39;1.22;-0.61;-0.79
121651.00ms : 0.99;-0.10;-0.38;3.05;0.18;0.18
121671.00ms : 1.00;-0.12;-0.40;3.30;-0.24;-0.06
121691.00ms : 1.01;-0.14;-0.39;2.32;-0.55;-0.31
121711.00ms : 1.00;-0.13;-0.40;0.92;-0.92;-0.06
121731.00ms : 0.99;-0.13;-0.39;0.24;-0.61;0.79
121751.00ms : 1.00;-0.12;-0.39;-0.98;-1.16;1.22
121771.00ms : 1.00;-0.11;-0.39;-0.73;-1.77;1.16
121791.00ms : 1.00;-0.10;-0.38;0.18;-1.34;1.28
121811.00ms : 0.99;-0.09;-0.38;0.00;-1.10;1.71
121831.00ms : 0.99;-0.10;-0.37;-1.22;-0.67;0.73
121851.00ms : 1.00;-0.06;-0.38;-1.77;-0.85;-0.43
121871.00ms : 0.99;-0.06;-0.38;0.18;-0.31;-0.73
121891.00ms : 0.99;-0.09;-0.39;1.71;-0.18;0.06
121911.00ms : 1.00;-0.13;-0.39;1.34;-0.43;0.43
121931.00ms : 1.01;-0.15;-0.40;-0.18;-0.79;0.18
121951.00ms : 1.00;-0.13;-0.39;-2.50;-1.16;0.24
121971.00ms : 1.00;-0.11;-0.40;-2.56;-1.40;1.34
121991.00ms : 1.00;-0.11;-0.39;-2.14;-1.53;2.26
122011.00ms : 1.00;-0.10;-0.38;-2.62;-1.59;1.83
122031.00ms : 1.00;-0.08;-0.37;-3.30;-1.16;1.46
122051.00ms : 1.00;-0.08;-0.38;-3.23;-1.04;1.04
122071.00ms : 1.00;-0.08;-0.39;-2.32;-1.22;1.46
122091.00ms : 0.99;-0.09;-0.37;-1.46;-0.55;1.22
122111.00ms : 1.00;-0.09;-0.38;-1.59;-0.49;0.37
122131.00ms : 1.00;-0.09;-0.39;-1.34;-0.55;0.85
122151.00ms : 0.99;-0.09;-0.39;-0.85;-0.37;0.67
122171.00ms : 1.00;-0.10;-0.39;0.24;-0.85;1.10
122191.00ms : 1.00;-0.10;-0.39;0.49;-0.49;0.98
122211.00ms : 1.00;-0.10;-0.38;-0.24;-0.55;1.04
122231.00ms : 1.00;-0.10;-0.39;-1.28;-0.43;0.79
122251.00ms : 1.00;-0.09;-0.39;-1.16;-0.85;0.79
122271.00ms : 1.00;-0.09;-0.39;-1.40;-1.04;1.46
122291.00ms : 1.00;-0.08;-0.38;-1.16;-0.79;0.92
122311.00ms : 1.00;-0.08;-0.37;-1.16;-0.55;0.92
122331.00ms : 0.99;-0.08;-0.37;-1.10;-0.79;0.49
122351.00ms : 0.99;-0.08;-0.38;-0.43;-0.37;0.00
122371.00ms : 0.99;-0.08;-0.38;-0.43;-0.12;-0.12
122391.00ms : 1.00;-0.08;-0.39;0.37;-0.43;0.43
122411.00ms : 0.99;-0.10;-0.39;1.10;-0.31;0.73
122431.00ms : 0.99;-0.11;-0.38;0.24;0.00;0.43
122451.00ms : 1.00;-0.09;-0.38;-1.40;-0.18;-0.55
122471.00ms : 1.00;-0.08;-0.39;-1.53;0.12;-0.43
122491.00ms : 1.00;-0.07;-0.38;-0.92;0.43;-0.73
122511.00ms : 0.99;-0.08;-0.37;-0.61;1.16;-1.59
122531.00ms : 1.00;-0.08;-0.39;-1.71;1.59;-2.14
122551.00ms : 1.00;-0.08;-0.38;-2.26;2.20;-3.91
122571.00ms : 1.00;-0.07;-0.38;-2.56;2.08;-5.00
122591.00ms : 1.00;-0.08;-0.39;-2.38;2.44;-4.52
122611.00ms : 1.01;-0.11;-0.39;-2.93;1.71;-3.85
122631.00ms : 1.01;-0.13;-0.41;-3.05;0.92;-3.23
122651.00ms : 1.01;-0.14;-0.41;-2.44;-0.12;-1.71
122671.00ms : 1.01;-0.13;-0.41;-1.59;-0.18;-0.12
122691.00ms : 1.00;-0.12;-0.39;-1.89;-0.55;-0.67
122711.00ms : 0.99;-0.08;-0.39;-2.44;-0.61;-0.18
122731.00ms : 0.99;-0.07;-0.39;-0.67;-0.43;0.00
122751.00ms : 1.00;-0.07;-0.40;1.34;-0.55;0.43
122771.00ms : 0.99;-0.10;-0.40;2.56;-0.12;-0.18
122791.00ms : 0.99;-0.10;-0.39;1.77;0.49;-0.67
122811.00ms : 0.99;-0.07;-0.38;-0.12;0.61;-2.26
122831.00ms : 1.00;-0.07;-0.40;0.55;0.43;-1.46
122851.00ms : 1.00;-0.11;-0.40;0.79;0.79;-1.46
122871.00ms : 0.99;-0.10;-0.40;-0.61;0.49;-2.93
122891.00ms : 1.00;-0.11;-0.40;-0.73;0.24;-2.08
122911.00ms : 0.99;-0.10;-0.38;-1.46;1.04;-2.50
122931.00ms : 1.00;-0.08;-0.39;-1.83;1.10;-3.17
122951.00ms : 0.99;-0.08;-0.39;-1.34;1.16;-3.78
122971.00ms : 1.00;-0.07;-0.40;-1.40;1.53;-3.97
122991.00ms : 0.99;-0.10;-0.39;-1.34;2.38;-4.52
123011.00ms : 0.98;-0.09;-0.39;-2.62;2.81;-5.49
123031.00ms : 0.98;-0.08;-0.40;-3.17;3.30;-6.35
123051.00ms : 0.99;-0.08;-0.40;-3.17;3.54;-6.77
123071.00ms : 1.00;-0.10;-0.41;-3.85;3.85;-6.84
123091.00ms : 1.00;-0.14;-0.40;-3.66;3.54;-7.45
123111.00ms : 0.99;-0.14;-0.42;-4.76;3.36;-7.26
123131.00ms : 0.99;-0.13;-0.41;-5.37;3.48;-7.93
123151.00ms : 1.00;-0.09;-0.42;-5.62;3.23;-7.32
123171.00ms : 1.00;-0.12;-0.42;-2.69;3.85;-7.08
123191.00ms : 0.99;-0.16;-0.42;-2.38;3.48;-6.10
123211.00ms : 0.99;-0.14;-0.40;-4.03;3.78;-7.45
123231.00ms : 0.99;-0.12;-0.41;-5.13;3.97;-7.93
123251.00ms : 1.00;-0.13;-0.43;-4.58;4.39;-6.96
123271.00ms : 1.00;-0.15;-0.42;-3.60;4.33;-6.59
123291.00ms : 0.98;-0.13;-0.40;-4.21;4.39;-7.20
123311.00ms : 0.99;-0.13;-0.42;-3.66;4.58;-8.12
123331.00ms : 1.00;-0.14;-0.43;-2.56;5.13;-7.57
123351.00ms : 1.00;-0.17;-0.43;-2.93;4.94;-6.90
123371.00ms : 0.99;-0.17;-0.43;-3.91;4.21;-6.59
123391.00ms : 0.98;-0.12;-0.44;-4.33;4.46;-7.63
123411.00ms : 0.99;-0.12;-0.43;-1.53;5.25;-8.42
123431.00ms : 1.00;-0.19;-0.45;-1.83;4.88;-6.53
123451.00ms : 0.98;-0.19;-0.43;-4.94;4.33;-6.65
123471.00ms : 0.98;-0.15;-0.43;-6.65;4.58;-8.06
123491.00ms : 1.00;-0.14;-0.46;-5.13;4.03;-7.63
123511.00ms : 0.99;-0.18;-0.46;-1.34;4.58;-6.23
123531.00ms : 0.98;-0.21;-0.43;-2.32;4.64;-6.35
123551.00ms : 0.98;-0.18;-0.41;-5.80;4.82;-8.67
123571.00ms : 0.97;-0.10;-0.44;-7.20;5.55;-9.70
123591.00ms : 0.99;-0.16;-0.46;-2.38;6.96;-7.63
123611.00ms : 0.99;-0.21;-0.45;-1.77;6.53;-6.10
123631.00ms : 0.98;-0.18;-0.44;-3.72;5.80;-8.54
123651.00ms : 0.98;-0.16;-0.46;-5.19;6.59;-10.50
123671.00ms : 0.99;-0.19;-0.48;-3.54;6.90;-9.03
123691.00ms : 0.98;-0.23;-0.46;-2.50;7.08;-6.53
123711.00ms : 0.99;-0.21;-0.44;-4.64;6.65;-7.81
123731.00ms : 0.99;-0.16;-0.48;-5.86;6.23;-9.46
123751.00ms : 0.98;-0.18;-0.49;-2.20;7.45;-8.18
123771.00ms : 0.97;-0.22;-0.49;0.12;7.87;-6.96
123791.00ms : 0.98;-0.26;-0.46;-1.34;7.87;-7.14
123811.00ms : 0.98;-0.19;-0.46;-6.04;7.32;-9.58
123831.00ms : 0.99;-0.15;-0.51;-5.19;6.96;-10.13
123851.00ms : 0.98;-0.22;-0.51;-0.79;7.69;-7.08
123871.00ms : 0.98;-0.28;-0.49;-0.55;7.63;-5.74
123891.00ms : 0.98;-0.24;-0.48;-4.46;5.74;-8.06
123911.00ms : 0.97;-0.19;-0.49;-5.37;6.53;-9.58
123931.00ms : 0.98;-0.22;-0.51;-1.71;6.71;-7.51
123951.00ms : 0.97;-0.27;-0.51;0.73;7.08;-5.25
123971.00ms : 0.98;-0.24;-0.49;-0.98;6.65;-6.77
123991.00ms : 0.97;-0.23;-0.49;-2.14;6.47;-8.42
124011.00ms : 0.97;-0.24;-0.53;-2.99;7.32;-8.18
124031.00ms : 0.97;-0.23;-0.52;-1.89;6.96;-6.29
124051.00ms : 0.99;-0.25;-0.52;-0.31;6.47;-4.82
124071.00ms : 0.97;-0.24;-0.50;0.24;6.04;-6.35
124091.00ms : 0.96;-0.26;-0.52;0.43;6.71;-7.26
124111.00ms : 0.97;-0.26;-0.52;0.92;7.26;-5.19
124131.00ms : 0.98;-0.28;-0.52;2.08;6.65;-3.78
124151.00ms : 0.98;-0.29;-0.52;1.04;6.29;-3.78
124171.00ms : 0.98;-0.25;-0.52;-0.49;6.41;-6.10
124191.00ms : 0.97;-0.24;-0.54;0.31;5.86;-5.37
124211.00ms : 0.96;-0.25;-0.56;1.77;5.68;-4.15
124231.00ms : 0.98;-0.26;-0.54;3.36;5.43;-3.42
124251.00ms : 0.97;-0.24;-0.55;3.23;4.03;-4.64
124271.00ms : 0.96;-0.24;-0.55;4.88;4.58;-4.64
124291.00ms : 0.96;-0.28;-0.54;5.37;4.94;-3.54
124311.00ms : 0.98;-0.31;-0.54;4.03;5.13;-2.50
124331.00ms : 0.97;-0.30;-0.54;1.46;4.15;-3.11
124351.00ms : 0.96;-0.27;-0.56;-0.06;3.42;-4.21
124371.00ms : 0.97;-0.25;-0.56;0.92;2.62;-2.93
124391.00ms : 0.96;-0.28;-0.56;3.48;3.48;-2.32
124411.00ms : 0.96;-0.29;-0.54;3.78;3.78;-2.56
124431.00ms : 0.96;-0.28;-0.53;1.95;3.72;-4.27
124451.00ms : 0.95;-0.26;-0.53;-0.31;3.36;-4.33
124471.00ms : 0.95;-0.27;-0.54;0.18;5.31;-3.60
124491.00ms : 0.97;-0.26;-0.51;-0.37;2.08;-1.04
124511.00ms : 0.97;-0.25;-0.53;-1.28;-1.28;-2.20
124531.00ms : 0.94;-0.27;-0.56;-1.71;1.40;-4.39
124551.00ms : 0.95;-0.28;-0.58;-1.89;4.33;-4.82
124571.00ms : 0.97;-0.28;-0.60;-0.79;4.70;-3.60
124591.00ms : 0.96;-0.26;-0.60;0.73;3.91;-4.27
124611.00ms : 0.97;-0.27;-0.61;2.62;3.78;-4.15
124631.00ms : 0.96;-0.28;-0.58;3.72;4.58;-4.21
124651.00ms : 0.97;-0.28;-0.56;2.69;2.44;-4.52
124671.00ms : 0.96;-0.30;-0.57;2.87;2.44;-5.37
124691.00ms : 0.94;-0.28;-0.55;2.32;2.44;-5.49
124711.00ms : 0.95;-0.29;-0.56;3.23;2.93;-5.13
124731.00ms : 0.95;-0.32;-0.56;3.42;4.27;-4.88
124751.00ms : 0.95;-0.30;-0.58;1.22;5.55;-5.07
124771.00ms : 0.96;-0.28;-0.59;0.43;5.31;-5.00
124791.00ms : 0.94;-0.28;-0.60;1.53;6.35;-4.70
124811.00ms : 0.93;-0.29;-0.58;3.97;9.70;-4.76
124831.00ms : 0.94;-0.32;-0.57;2.87;11.96;-5.80
124851.00ms : 0.96;-0.30;-0.59;-0.49;10.07;-6.96
124871.00ms : 0.99;-0.22;-0.56;-0.43;2.08;-4.46
124891.00ms : 0.98;-0.18;-0.54;1.34;-6.35;-8.12
124911.00ms : 0.94;-0.32;-0.63;5.68;-1.77;-11.54
124931.00ms : 0.90;-0.35;-0.60;5.25;3.42;-9.58
124951.00ms : 0.95;-0.30;-0.59;3.17;4.09;-7.81
124971.00ms : 0.96;-0.31;-0.61;9.34;5.07;-4.64
124991.00ms : 0.93;-0.38;-0.60;14.16;7.57;-5.43
125011.00ms : 0.93;-0.39;-0.58;10.44;8.30;-6.23
125031.00ms : 0.93;-0.36;-0.60;4.03;7.75;-3.36
125051.00ms : 0.93;-0.31;-0.57;2.01;8.24;-1.22
125071.00ms : 0.97;-0.33;-0.65;0.79;8.42;-1.83
125091.00ms : 0.95;-0.35;-0.65;-0.37;7.08;-3.30
125111.00ms : 0.95;-0.35;-0.66;-2.44;5.49;-5.25
125131.00ms : 0.95;-0.29;-0.67;-2.44;4.15;-5.55
125151.00ms : 0.94;-0.30;-0.67;2.62;3.85;-3.11
125171.00ms : 0.94;-0.35;-0.66;2.87;5.25;-3.30
125191.00ms : 0.95;-0.34;-0.64;-0.37;4.21;-5.07
125211.00ms : 0.94;-0.32;-0.66;-2.56;2.87;-5.62
125231.00ms : 0.91;-0.31;-0.65;0.79;5.00;-3.54
125251.00ms : 0.91;-0.33;-0.63;4.03;8.61;-2.44
125271.00ms : 0.94;-0.36;-0.64;2.99;10.44;-2.81
125291.00ms : 0.95;-0.32;-0.63;0.06;8.12;-4.64
125311.00ms : 0.91;-0.30;-0.61;-0.43;6.47;-5.19
125331.00ms : 0.94;-0.30;-0.63;-0.61;3.85;-4.70
125351.00ms : 0.94;-0.35;-0.67;-0.67;0.98;-5.74
125371.00ms : 0.92;-0.34;-0.67;-0.79;1.46;-6.65
125391.00ms : 0.93;-0.35;-0.68;0.79;3.05;-6.16
125411.00ms : 0.92;-0.37;-0.66;1.77;4.76;-5.92
125431.00ms : 0.92;-0.33;-0.64;-0.61;2.62;-4.94
125451.00ms : 0.94;-0.35;-0.67;-1.95;-0.37;-5.43
125471.00ms : 0.92;-0.36;-0.65;-2.32;0.06;-6.90
125491.00ms : 0.93;-0.33;-0.67;-2.50;-1.95;-6.04
125511.00ms : 0.92;-0.31;-0.63;-1.10;-3.66;-6.53
125531.00ms : 0.93;-0.38;-0.67;1.53;-2.01;-9.34
125551.00ms : 0.91;-0.41;-0.66;1.53;-0.18;-7.87
125571.00ms : 0.92;-0.36;-0.65;-2.56;-0.31;-7.14
125591.00ms : 0.91;-0.36;-0.65;-2.20;-0.12;-6.53
125611.00ms : 0.93;-0.37;-0.69;-1.46;0.43;-5.19
125631.00ms : 0.92;-0.38;-0.68;0.06;0.43;-5.49
125651.00ms : 0.91;-0.39;-0.65;0.79;0.12;-5.62
125671.00ms : 0.90;-0.39;-0.63;-0.24;0.98;-4.33
125691.00ms : 0.92;-0.37;-0.68;-2.38;1.28;-3.05
125711.00ms : 0.91;-0.38;-0.66;-0.18;1.89;-3.78
125731.00ms : 0.92;-0.37;-0.67;-1.16;2.08;-3.78
125751.00ms : 0.91;-0.38;-0.65;-1.16;0.79;-3.36
125771.00ms : 0.90;-0.39;-0.66;-1.22;1.22;-4.39
125791.00ms : 0.93;-0.37;-0.70;-2.26;1.34;-2.44
125811.00ms : 0.93;-0.37;-0.68;1.28;-0.12;-1.77
125831.00ms : 0.92;-0.39;-0.66;3.72;-0.55;-2.26
125851.00ms : 0.90;-0.42;-0.63;0.79;0.55;-2.99
125871.00ms : 0.90;-0.38;-0.63;-2.75;0.79;-2.50
125891.00ms : 0.91;-0.38;-0.66;-1.53;1.46;-1.34
125911.00ms : 0.89;-0.40;-0.64;-0.12;2.44;-1.53
125931.00ms : 0.91;-0.40;-0.66;-1.40;3.91;-1.34
125951.00ms : 0.93;-0.36;-0.68;-1.59;2.01;-1.34
125971.00ms : 0.90;-0.36;-0.71;-1.22;1.10;-2.62
125991.00ms : 0.91;-0.35;-0.71;-1.28;1.77;-2.26
126011.00ms : 0.93;-0.36;-0.71;1.34;0.06;-1.04
126031.00ms : 0.91;-0.38;-0.67;2.93;-1.16;-2.26
126051.00ms : 0.90;-0.39;-0.65;1.46;0.43;-3.72
126071.00ms : 0.91;-0.39;-0.67;-0.37;0.85;-2.81
126091.00ms : 0.91;-0.40;-0.70;0.73;-0.37;-1.22
126111.00ms : 0.90;-0.41;-0.68;1.28;-0.85;-1.40
126131.00ms : 0.90;-0.40;-0.65;-0.92;0.98;-3.72
126151.00ms : 0.91;-0.39;-0.67;-0.67;0.67;-2.69
126171.00ms : 0.90;-0.41;-0.70;2.93;-1.22;1.04
126191.00ms : 0.89;-0.45;-0.67;3.30;1.22;0.85
126211.00ms : 0.93;-0.44;-0.66;-1.77;1.65;0.12
126231.00ms : 0.93;-0.39;-0.65;-3.60;-0.43;-0.67
126251.00ms : 0.88;-0.39;-0.69;-0.43;-2.20;1.89
126271.00ms : 0.89;-0.42;-0.69;1.10;0.61;3.05
126291.00ms : 0.94;-0.43;-0.69;-0.92;-0.92;3.66
126311.00ms : 0.93;-0.39;-0.70;-1.46;-3.05;3.05
126331.00ms : 0.91;-0.39;-0.71;1.83;-4.21;4.70
126351.00ms : 0.90;-0.42;-0.69;2.75;-2.38;5.25
126371.00ms : 0.92;-0.42;-0.68;0.37;-3.60;5.68
126391.00ms : 0.93;-0.43;-0.69;-1.95;-4.82;6.84
126411.00ms : 0.93;-0.41;-0.70;-2.87;-5.68;7.87
126431.00ms : 0.91;-0.40;-0.69;-1.59;-4.94;6.47
126451.00ms : 0.89;-0.38;-0.65;-0.55;-2.75;4.76
126471.00ms : 0.91;-0.39;-0.67;-1.34;0.18;7.69
126491.00ms : 0.92;-0.40;-0.69;-3.05;0.55;10.07
126511.00ms : 0.93;-0.40;-0.70;-3.48;-0.55;9.83
126531.00ms : 0.93;-0.37;-0.70;-3.54;-2.81;9.28
126551.00ms : 0.91;-0.33;-0.69;-3.23;-3.72;7.32
126571.00ms : 0.92;-0.33;-0.68;-0.92;-2.99;7.87
126591.00ms : 0.95;-0.35;-0.69;-1.04;-5.00;8.97
126611.00ms : 0.93;-0.34;-0.67;-1.16;-9.58;8.12
126631.00ms : 0.89;-0.37;-0.64;-1.83;-8.30;5.74
126651.00ms : 0.92;-0.35;-0.65;-4.03;-7.75;8.36
126671.00ms : 0.94;-0.33;-0.67;-4.64;-8.67;10.01
126691.00ms : 0.93;-0.33;-0.67;-2.01;-9.64;8.18
126711.00ms : 0.91;-0.33;-0.63;-1.71;-10.44;5.68
126731.00ms : 0.92;-0.34;-0.64;-3.42;-8.79;5.80
126751.00ms : 0.94;-0.33;-0.64;-4.21;-8.85;8.36
126771.00ms : 0.95;-0.33;-0.67;-3.17;-10.50;8.30
126791.00ms : 0.93;-0.32;-0.63;-1.40;-11.54;5.43
126811.00ms : 0.90;-0.32;-0.61;-2.08;-10.62;2.93
126831.00ms : 0.93;-0.32;-0.62;-3.11;-8.06;5.80
126851.00ms : 0.96;-0.33;-0.67;-3.30;-8.91;8.79
126871.00ms : 0.95;-0.33;-0.63;-2.44;-11.41;5.92
126891.00ms : 0.92;-0.33;-0.61;-2.99;-11.23;2.69
126911.00ms : 0.92;-0.30;-0.63;-3.91;-10.07;4.39
126931.00ms : 0.95;-0.31;-0.64;-0.61;-9.40;7.87
126951.00ms : 0.96;-0.34;-0.61;2.01;-9.64;7.51
126971.00ms : 0.94;-0.36;-0.58;0.24;-10.74;3.11
126991.00ms : 0.92;-0.32;-0.58;-3.30;-10.74;3.48
127011.00ms : 0.94;-0.32;-0.58;-3.72;-8.30;7.14
127031.00ms : 0.95;-0.29;-0.59;-3.60;-8.79;4.88
127051.00ms : 0.95;-0.31;-0.62;-2.62;-9.52;4.27
127071.00ms : 0.94;-0.35;-0.60;-2.01;-7.69;6.29
127091.00ms : 0.96;-0.32;-0.62;-4.70;-10.19;6.41
127111.00ms : 0.96;-0.28;-0.63;-4.39;-11.60;4.88
127131.00ms : 0.95;-0.30;-0.59;0.12;-10.56;6.16
127151.00ms : 0.94;-0.32;-0.57;0.85;-9.89;6.29
127171.00ms : 0.97;-0.34;-0.57;-0.79;-10.07;6.35
127191.00ms : 0.96;-0.31;-0.60;-3.05;-12.21;6.16
127211.00ms : 0.95;-0.28;-0.58;-1.22;-12.08;6.96
127231.00ms : 0.94;-0.29;-0.57;0.79;-10.86;8.30
127251.00ms : 0.96;-0.32;-0.54;0.85;-10.25;7.93
127271.00ms : 0.95;-0.32;-0.55;-2.32;-11.47;7.51
127291.00ms : 0.95;-0.29;-0.54;-2.75;-10.74;7.26
127311.00ms : 0.95;-0.29;-0.55;-2.14;-10.31;7.32
127331.00ms : 0.96;-0.29;-0.58;-2.01;-10.25;8.00
127351.00ms : 0.98;-0.30;-0.56;-2.38;-9.89;10.38
127371.00ms : 0.98;-0.30;-0.55;-4.15;-11.90;9.70
127391.00ms : 0.95;-0.25;-0.55;-4.76;-12.27;6.65
127411.00ms : 0.95;-0.26;-0.56;-2.08;-11.66;7.75
127431.00ms : 0.96;-0.30;-0.54;-0.43;-10.86;9.77
127451.00ms : 0.97;-0.29;-0.52;-2.87;-11.35;9.46
127471.00ms : 0.97;-0.26;-0.52;-5.00;-12.63;7.45
127491.00ms : 0.96;-0.22;-0.54;-4.33;-12.45;7.14
127511.00ms : 0.96;-0.23;-0.53;-0.49;-11.29;8.36
127531.00ms : 0.97;-0.27;-0.50;0.92;-10.99;9.28
127551.00ms : 0.96;-0.26;-0.48;-2.20;-11.72;7.63
127571.00ms : 0.96;-0.24;-0.49;-4.82;-11.60;6.47
127591.00ms : 0.97;-0.21;-0.53;-3.91;-11.41;7.20
127611.00ms : 0.97;-0.21;-0.50;-1.10;-10.38;7.81
127631.00ms : 0.99;-0.25;-0.50;-0.12;-7.87;7.08
127651.00ms : 1.00;-0.27;-0.50;-2.93;-9.03;4.46
127671.00ms : 0.97;-0.24;-0.51;-6.71;-11.84;2.87
127691.00ms : 0.95;-0.20;-0.51;-4.58;-12.33;4.39
127711.00ms : 0.96;-0.21;-0.48;0.37;-10.74;5.80
127731.00ms : 0.96;-0.24;-0.45;2.32;-9.70;5.13
127751.00ms : 0.98;-0.26;-0.49;-0.37;-11.29;5.62
127771.00ms : 0.98;-0.26;-0.48;-1.53;-11.35;6.65
127791.00ms : 0.97;-0.22;-0.46;-1.65;-10.99;5.13
127811.00ms : 0.97;-0.20;-0.48;0.18;-10.44;5.19
127831.00ms : 0.97;-0.23;-0.45;2.08;-9.58;6.77
127851.00ms : 0.98;-0.25;-0.44;1.77;-9.83;7.20
127871.00ms : 0.99;-0.22;-0.46;0.06;-10.01;6.96
127891.00ms : 0.98;-0.20;-0.46;-0.43;-10.25;5.74
127911.00ms : 0.97;-0.19;-0.48;0.98;-9.89;6.59
127931.00ms : 0.98;-0.23;-0.46;3.78;-9.16;7.75
127951.00ms : 0.99;-0.27;-0.42;2.50;-9.34;8.36
127971.00ms : 1.00;-0.22;-0.44;-1.40;-11.11;7.57
127991.00ms : 0.98;-0.15;-0.44;-1.16;-10.44;5.43
128011.00ms : 0.99;-0.16;-0.49;3.78;-9.89;6.90
128031.00ms : 0.97;-0.22;-0.43;7.93;-8.91;9.16
128051.00ms : 0.98;-0.26;-0.40;6.04;-9.03;8.54
128071.00ms : 0.98;-0.23;-0.38;1.10;-8.85;6.10
128091.00ms : 0.98;-0.14;-0.44;-1.83;-9.03;5.19
128111.00ms : 1.00;-0.13;-0.48;3.72;-8.91;7.51
128131.00ms : 0.97;-0.19;-0.41;8.36;-7.57;8.12
128151.00ms : 0.97;-0.22;-0.38;6.23;-7.51;6.23
128171.00ms : 0.99;-0.19;-0.42;3.30;-8.36;5.49
128191.00ms : 1.00;-0.19;-0.44;3.72;-8.18;7.32
128211.00ms : 0.99;-0.17;-0.41;4.82;-8.12;7.93
128231.00ms : 0.99;-0.16;-0.40;4.46;-6.65;6.47
128251.00ms : 0.99;-0.21;-0.42;4.58;-7.26;6.71
128271.00ms : 0.99;-0.23;-0.39;2.81;-7.81;7.69
128291.00ms : 0.98;-0.18;-0.39;2.75;-8.00;7.08
128311.00ms : 0.98;-0.16;-0.39;5.19;-7.20;8.24
128331.00ms : 0.97;-0.14;-0.36;7.26;-5.62;8.24
128351.00ms : 0.97;-0.11;-0.36;6.04;-4.70;8.18
128371.00ms : 0.97;-0.13;-0.37;4.39;-3.97;7.14
128391.00ms : 0.99;-0.13;-0.39;2.81;-3.97;5.86
128411.00ms : 0.97;-0.13;-0.38;1.77;-2.81;3.60
128431.00ms : 0.98;-0.12;-0.39;1.59;-2.32;3.54
128451.00ms : 1.00;-0.16;-0.40;0.24;-2.38;3.91
128471.00ms : 1.02;-0.19;-0.42;-0.43;-4.64;5.92
128491.00ms : 0.99;-0.20;-0.39;-1.04;-4.88;5.25
128511.00ms : 0.99;-0.13;-0.40;-1.65;-4.33;4.76
128531.00ms : 1.01;-0.12;-0.40;1.22;-4.52;3.66
128551.00ms : 1.01;-0.15;-0.41;2.81;-5.49;6.77
128571.00ms : 0.98;-0.18;-0.38;2.01;-4.88;6.96
128591.00ms : 0.98;-0.13;-0.38;-0.31;-4.64;5.31
128611.00ms : 0.98;-0.08;-0.38;0.85;-4.33;3.11
128631.00ms : 0.99;-0.09;-0.39;3.42;-3.85;4.58
128651.00ms : 0.98;-0.12;-0.38;3.97;-3.72;4.70
128671.00ms : 0.97;-0.12;-0.36;2.81;-2.93;2.38
128691.00ms : 0.99;-0.08;-0.39;1.40;-2.20;-0.67
128711.00ms : 1.01;-0.10;-0.41;4.52;-2.08;0.00
128731.00ms : 1.00;-0.17;-0.40;4.46;-2.62;1.59
128751.00ms : 0.99;-0.17;-0.39;2.26;-3.30;1.28
128771.00ms : 0.98;-0.14;-0.38;1.40;-2.81;-0.37
128791.00ms : 1.01;-0.12;-0.40;1.59;-2.93;0.79
128811.00ms : 1.01;-0.14;-0.40;3.48;-3.48;2.14
128831.00ms : 0.98;-0.12;-0.36;5.00;-2.81;1.28
128851.00ms : 1.00;-0.10;-0.39;7.57;-2.75;1.16
128871.00ms : 1.00;-0.17;-0.39;9.16;-2.20;3.11
128891.00ms : 0.98;-0.17;-0.37;7.32;-2.08;3.05
128911.00ms : 0.98;-0.09;-0.37;6.96;-1.40;1.59
128931.00ms : 1.00;-0.10;-0.37;10.19;-0.49;1.40
128951.00ms : 0.99;-0.16;-0.37;10.13;-0.24;2.69
128971.00ms : 0.99;-0.15;-0.37;6.59;-1.04;1.83
128991.00ms : 1.00;-0.09;-0.39;5.86;-1.22;0.85
129011.00ms : 0.99;-0.11;-0.39;7.14;-0.85;1.28
129031.00ms : 0.99;-0.18;-0.38;5.00;-0.49;2.44
129051.00ms : 1.00;-0.15;-0.37;-0.18;-1.22;0.24
129071.00ms : 1.01;-0.11;-0.39;-2.32;-2.20;-0.18
129091.00ms : 1.00;-0.11;-0.40;-0.61;-2.01;0.61
129111.00ms : 0.99;-0.15;-0.38;0.92;-1.65;1.28
129131.00ms : 0.99;-0.12;-0.38;0.43;-1.65;0.43
129151.00ms : 0.99;-0.10;-0.37;0.49;-1.77;-0.18
129171.00ms : 1.00;-0.11;-0.39;1.59;-1.28;0.18
129191.00ms : 1.00;-0.13;-0.39;3.36;-1.89;1.16
129211.00ms : 0.99;-0.14;-0.38;4.09;-1.22;0.98
129231.00ms : 0.99;-0.12;-0.37;2.26;-1.28;0.06
129251.00ms : 1.00;-0.12;-0.39;0.67;-1.34;0.43
129271.00ms : 1.01;-0.14;-0.40;1.71;-2.01;0.92
129291.00ms : 0.98;-0.16;-0.39;1.95;-1.83;1.04
129311.00ms : 0.99;-0.14;-0.38;-1.59;-2.01;0.31
129331.00ms : 1.01;-0.11;-0.38;-2.38;-2.20;0.79
129351.00ms : 1.00;-0.12;-0.39;0.06;-2.44;1.34
129371.00ms : 0.98;-0.15;-0.37;0.43;-2.14;2.01
129391.00ms : 0.97;-0.13;-0.36;-2.44;-1.16;0.67
129411.00ms : 0.99;-0.09;-0.37;-4.64;-0.92;-0.31
129431.00ms : 0.99;-0.08;-0.38;-1.89;-0.49;-0.06
129451.00ms : 0.99;-0.11;-0.37;0.92;-0.06;0.61
129471.00ms : 0.98;-0.15;-0.36;0.49;0.37;0.31
129491.00ms : 1.00;-0.13;-0.38;-1.40;0.49;0.00
129511.00ms : 1.00;-0.10;-0.38;0.18;0.49;0.18
129531.00ms : 1.00;-0.12;-0.39;3.05;0.31;1.59
129551.00ms : 0.99;-0.14;-0.38;2.69;-0.06;1.83
129571.00ms : 0.99;-0.14;-0.38;-0.24;0.31;1.22
129591.00ms : 1.00;-0.10;-0.38;-1.40;0.37;0.43
129611.00ms : 1.00;-0.09;-0.39;-0.31;-0.18;0.67
129631.00ms : 1.00;-0.11;-0.39;0.79;0.06;1.10
129651.00ms : 0.99;-0.14;-0.38;-0.43;0.06;0.85
129671.00ms : 1.00;-0.12;-0.39;-1.89;0.12;0.06
129691.00ms : 1.00;-0.11;-0.38;-0.49;0.06;0.00
129711.00ms : 1.00;-0.10;-0.39;0.98;0.06;1.16
129731.00ms : 0.99;-0.14;-0.38;0.49;0.31;0.98
129751.00ms : 0.99;-0.12;-0.38;-1.28;0.31;0.24
129771.00ms : 1.00;-0.11;-0.38;-1.53;0.06;0.06
129791.00ms : 1.00;-0.11;-0.40;-0.37;0.18;0.73
129811.00ms : 1.00;-0.14;-0.39;-0.18;0.43;1.34
129831.00ms : 0.99;-0.15;-0.39;-2.26;0.00;0.98
129851.00ms : 0.99;-0.12;-0.39;-4.15;-0.18;0.31
129871.00ms : 1.01;-0.09;-0.40;-2.93;-0.37;0.49
129891.00ms : 0.99;-0.10;-0.39;-0.67;0.00;1.16
129911.00ms : 0.99;-0.11;-0.39;-0.06;0.24;0.79
129931.00ms : 1.00;-0.11;-0.38;-1.65;0.12;0.49
129951.00ms : 1.00;-0.09;-0.40;-1.46;-0.55;0.31
129971.00ms : 0.99;-0.10;-0.40;-0.61;0.18;0.31
129991.00ms : 1.00;-0.12;-0.41;-0.31;-0.49;0.43
130011.00ms : 1.00;-0.12;-0.39;-0.12;-0.92;0.31
130031.00ms : 0.99;-0.10;-0.38;-0.85;-1.10;0.18
130051.00ms : 0.99;-0.09;-0.39;-0.43;-0.92;-0.55
130071.00ms : 1.01;-0.09;-0.39;1.22;-0.98;-0.24
130091.00ms : 1.00;-0.12;-0.40;2.38;-0.98;0.24
130111.00ms : 0.99;-0.13;-0.40;1.10;-1.34;-0.67
130131.00ms : 1.00;-0.14;-0.38;-0.85;-1.34;-0.55
130151.00ms : 1.00;-0.12;-0.39;-2.93;-1.77;-0.85
130171.00ms : 1.00;-0.10;-0.40;-2.69;-1.83;-0.85
130191.00ms : 0.99;-0.12;-0.39;-2.44;-1.46;-0.67
130211.00ms : 0.99;-0.11;-0.39;-2.75;-1.71;-1.40
130231.00ms : 0.99;-0.10;-0.38;-2.38;-1.46;-1.77
130251.00ms : 0.99;-0.10;-0.38;-2.81;-1.16;-1.65
130271.00ms : 1.00;-0.11;-0.39;-2.75;-1.10;-1.46
130291.00ms : 1.00;-0.11;-0.39;-3.66;-0.85;-2.08
130311.00ms : 0.98;-0.10;-0.38;-3.85;-0.55;-3.78
130331.00ms : 0.99;-0.08;-0.38;-2.99;-0.31;-4.15
130351.00ms : 1.00;-0.11;-0.39;-2.01;0.37;-2.87
130371.00ms : 0.99;-0.15;-0.39;-4.21;0.06;-3.30
130391.00ms : 0.99;-0.12;-0.39;-5.80;-0.37;-4.27
130411.00ms : 1.00;-0.10;-0.39;-3.78;-0.18;-3.91
130431.00ms : 1.00;-0.14;-0.39;-1.71;-0.37;-2.26
130451.00ms : 0.98;-0.15;-0.38;-2.50;-0.06;-2.62
130471.00ms : 1.00;-0.12;-0.39;-3.11;-0.18;-3.48
130491.00ms : 1.00;-0.12;-0.41;-1.34;-0.55;-2.69
130511.00ms : 0.99;-0.13;-0.38;-0.43;0.31;-1.28
130531.00ms : 0.99;-0.13;-0.37;-0.61;1.04;-2.62
130551.00ms : 1.00;-0.12;-0.39;-2.08;0.67;-2.62
130571.00ms : 0.99;-0.13;-0.39;-1.40;0.85;-2.26
130591.00ms : 0.99;-0.15;-0.38;-1.83;1.77;-1.95
130611.00ms : 1.00;-0.14;-0.39;-3.91;1.10;-2.87
130631.00ms : 0.99;-0.13;-0.39;-4.64;1.04;-3.97
130651.00ms : 0.99;-0.14;-0.38;-6.10;1.40;-3.78
130671.00ms : 0.99;-0.13;-0.39;-7.20;0.85;-3.91
130691.00ms : 0.99;-0.12;-0.40;-6.53;1.34;-3.23
130711.00ms : 0.99;-0.14;-0.39;-5.74;1.71;-3.05
130731.00ms : 0.98;-0.12;-0.37;-7.08;1.77;-5.19
130751.00ms : 1.00;-0.07;-0.41;-6.90;1.95;-4.64
130771.00ms : 1.00;-0.14;-0.41;-3.48;3.05;-3.60
130791.00ms : 0.98;-0.17;-0.39;-4.58;2.75;-3.48
130811.00ms : 0.99;-0.15;-0.39;-6.16;2.93;-5.19
130831.00ms : 1.00;-0.13;-0.40;-5.92;3.11;-6.10
130851.00ms : 0.99;-0.13;-0.41;-5.00;3.54;-5.98
130871.00ms : 0.99;-0.14;-0.40;-4.03;3.66;-5.00
130891.00ms : 0.98;-0.15;-0.39;-3.11;3.85;-4.76
130911.00ms : 0.97;-0.13;-0.37;-3.60;4.94;-6.71
130931.00ms : 1.00;-0.11;-0.41;-3.60;5.68;-6.71
130951.00ms : 1.00;-0.15;-0.43;-2.50;5.49;-5.98
130971.00ms : 0.99;-0.19;-0.42;-3.17;5.00;-4.76
130991.00ms : 0.98;-0.17;-0.40;-4.46;5.25;-6.35
131011.00ms : 1.00;-0.13;-0.42;-3.17;4.94;-6.29
131031.00ms : 0.99;-0.19;-0.41;-0.98;6.16;-5.19
131051.00ms : 0.99;-0.19;-0.42;-2.99;5.55;-4.21
131071.00ms : 0.98;-0.14;-0.41;-4.33;5.92;-6.90
131091.00ms : 0.99;-0.14;-0.44;-2.75;5.86;-6.29
131111.00ms : 0.99;-0.16;-0.42;-1.04;5.92;-6.04
131131.00ms : 0.98;-0.17;-0.42;-1.22;5.62;-5.86
131151.00ms : 0.98;-0.18;-0.42;-1.65;5.74;-6.41
131171.00ms : 0.99;-0.16;-0.44;-2.81;6.59;-6.77
131191.00ms : 0.99;-0.18;-0.44;-1.89;6.59;-6.59
131211.00ms : 0.99;-0.20;-0.45;-3.17;6.47;-6.41
131231.00ms : 0.99;-0.20;-0.44;-3.42;5.74;-6.96
131251.00ms : 0.99;-0.20;-0.45;-3.23;5.86;-7.02
131271.00ms : 0.99;-0.20;-0.45;-2.93;5.68;-6.16
131291.00ms : 0.99;-0.20;-0.45;-2.44;5.74;-6.65
131311.00ms : 0.99;-0.17;-0.46;-2.87;4.88;-7.02
131331.00ms : 0.98;-0.17;-0.46;-0.31;5.68;-6.65
131351.00ms : 0.98;-0.23;-0.46;0.49;5.86;-5.49
131371.00ms : 0.98;-0.23;-0.44;-1.95;5.68;-6.41
131391.00ms : 0.99;-0.18;-0.45;-4.58;5.19;-7.69
131411.00ms : 1.00;-0.17;-0.49;-3.05;5.43;-7.26
131431.00ms : 0.98;-0.22;-0.46;0.43;5.74;-5.25
131451.00ms : 0.97;-0.22;-0.46;-1.22;5.37;-5.80
131471.00ms : 0.98;-0.19;-0.47;-2.01;5.68;-6.90
131491.00ms : 0.98;-0.21;-0.48;0.00;5.74;-5.62
131511.00ms : 0.99;-0.21;-0.47;0.12;5.74;-5.74
131531.00ms : 0.98;-0.20;-0.48;-0.55;5.49;-7.20
131551.00ms : 0.97;-0.22;-0.48;-0.24;6.23;-7.08
131571.00ms : 0.98;-0.26;-0.48;-0.61;6.23;-5.62
131591.00ms : 0.99;-0.24;-0.48;-2.50;4.88;-5.62
131611.00ms : 1.00;-0.24;-0.50;-1.83;4.15;-5.00
131631.00ms : 0.97;-0.26;-0.49;-0.61;4.52;-3.17
131651.00ms : 0.97;-0.26;-0.48;-0.79;4.76;-3.05
131671.00ms : 0.99;-0.26;-0.50;-2.26;4.46;-4.15
131691.00ms : 0.99;-0.26;-0.53;-2.87;2.81;-3.66
131711.00ms : 0.97;-0.26;-0.52;-2.32;3.11;-2.20
131731.00ms : 0.98;-0.25;-0.49;-1.28;2.93;-1.89
131751.00ms : 0.98;-0.24;-0.49;-1.34;2.50;-2.81
131771.00ms : 0.96;-0.23;-0.47;-1.53;3.23;-3.30
131791.00ms : 0.97;-0.22;-0.49;-2.75;3.42;-2.99
131811.00ms : 0.98;-0.22;-0.50;-2.93;3.36;-2.32
131831.00ms : 0.98;-0.22;-0.51;-3.17;2.93;-3.48
131851.00ms : 0.96;-0.25;-0.51;-1.53;3.05;-2.93
131871.00ms : 0.96;-0.23;-0.48;-3.05;3.42;-3.66
131891.00ms : 0.96;-0.19;-0.48;-3.60;3.11;-5.80
131911.00ms : 0.98;-0.21;-0.53;-2.38;3.91;-5.62
131931.00ms : 0.97;-0.24;-0.51;-0.73;3.42;-4.64
131951.00ms : 0.96;-0.26;-0.51;-1.77;3.72;-5.13
131971.00ms : 0.98;-0.24;-0.49;-3.48;3.23;-6.53
131991.00ms : 0.97;-0.23;-0.52;-3.17;2.75;-6.41
132011.00ms : 0.97;-0.26;-0.51;-1.10;3.30;-5.49
132031.00ms : 0.96;-0.27;-0.51;-0.98;3.91;-5.74
132051.00ms : 0.97;-0.26;-0.51;-1.95;4.15;-6.59
132071.00ms : 0.97;-0.25;-0.51;-2.93;3.85;-6.47
132091.00ms : 0.97;-0.25;-0.51;-1.34;3.66;-5.98
132111.00ms : 0.97;-0.27;-0.53;-0.79;3.91;-6.10
132131.00ms : 0.97;-0.28;-0.53;-1.22;4.33;-6.41
132151.00ms : 0.96;-0.27;-0.52;-1.77;3.11;-6.41
132171.00ms : 0.95;-0.26;-0.53;-0.73;4.03;-5.86
132191.00ms : 0.96;-0.27;-0.51;0.55;4.82;-6.04
132211.00ms : 0.97;-0.29;-0.54;0.24;4.33;-5.80
132231.00ms : 0.97;-0.28;-0.53;-0.43;3.97;-6.23
132251.00ms : 0.95;-0.27;-0.55;-0.24;3.48;-6.90
132271.00ms : 0.95;-0.30;-0.53;1.65;4.27;-5.62
132291.00ms : 0.97;-0.32;-0.52;0.98;4.58;-5.07
132311.00ms : 0.97;-0.30;-0.52;-0.98;4.03;-5.43
132331.00ms : 0.96;-0.26;-0.53;-1.53;3.97;-6.16
132351.00ms : 0.95;-0.27;-0.54;0.61;4.21;-5.62
132371.00ms : 0.96;-0.29;-0.56;1.40;5.19;-5.00
132391.00ms : 0.96;-0.28;-0.55;1.10;4.03;-4.94
132411.00ms : 0.94;-0.28;-0.53;1.59;4.46;-6.10
132431.00ms : 0.94;-0.29;-0.53;1.65;5.37;-6.71
132451.00ms : 0.95;-0.30;-0.54;1.59;5.62;-6.10
132471.00ms : 0.97;-0.30;-0.56;1.28;5.25;-5.86
132491.00ms : 0.96;-0.30;-0.57;1.71;3.97;-5.55
132511.00ms : 0.94;-0.32;-0.56;2.26;4.64;-6.16
132531.00ms : 0.96;-0.31;-0.57;1.83;3.91;-6.04
132551.00ms : 0.98;-0.32;-0.57;2.50;3.66;-4.82
132571.00ms : 0.96;-0.33;-0.59;3.42;2.50;-4.82
132591.00ms : 0.94;-0.32;-0.55;3.97;3.05;-6.23
132611.00ms : 0.94;-0.34;-0.56;3.30;3.17;-5.92
132631.00ms : 0.95;-0.34;-0.55;1.65;3.54;-5.07
132651.00ms : 0.95;-0.33;-0.56;0.55;2.69;-4.64
132671.00ms : 0.94;-0.32;-0.56;1.34;2.81;-5.31
132691.00ms : 0.94;-0.32;-0.56;1.59;3.97;-5.07
132711.00ms : 0.94;-0.31;-0.58;1.34;3.78;-4.88
132731.00ms : 0.94;-0.32;-0.58;2.01;4.82;-4.82
132751.00ms : 0.96;-0.34;-0.57;1.89;4.58;-4.88
132771.00ms : 0.95;-0.34;-0.58;-0.37;3.23;-5.49
132791.00ms : 0.94;-0.33;-0.59;-0.79;3.05;-5.62
132811.00ms : 0.94;-0.33;-0.60;0.73;3.66;-4.82
132831.00ms : 0.94;-0.33;-0.57;2.87;3.23;-4.70
132851.00ms : 0.93;-0.37;-0.56;2.69;4.15;-5.13
132871.00ms : 0.94;-0.35;-0.56;-0.43;4.46;-5.68
132891.00ms : 0.94;-0.34;-0.59;-1.71;4.33;-5.49
132911.00ms : 0.94;-0.32;-0.61;0.18;4.33;-4.33
132931.00ms : 0.94;-0.35;-0.60;1.95;4.27;-4.27
132951.00ms : 0.92;-0.36;-0.56;1.53;3.97;-4.64
132971.00ms : 0.98;-0.29;-0.49;-2.20;-6.10;-2.87
132991.00ms : 0.96;-0.31;-0.64;-2.38;-5.25;-8.42
133011.00ms : 0.88;-0.37;-0.62;3.36;1.46;-8.06
133031.00ms : 0.89;-0.42;-0.60;4.21;7.20;-6.10
133051.00ms : 0.95;-0.37;-0.61;-1.53;6.77;-5.25
133071.00ms : 0.95;-0.36;-0.62;-3.11;5.07;-4.52
133091.00ms : 0.93;-0.37;-0.63;-1.83;5.86;-4.03
133111.00ms : 0.93;-0.37;-0.64;-0.43;6.71;-4.15
133131.00ms : 0.91;-0.37;-0.61;0.06;8.61;-4.94
133151.00ms : 0.93;-0.33;-0.61;0.00;6.04;-3.36
133171.00ms : 0.95;-0.36;-0.61;2.56;3.85;-4.21
133191.00ms : 0.94;-0.38;-0.60;2.26;2.14;-5.43
133211.00ms : 0.93;-0.38;-0.61;0.43;2.20;-5.98
133231.00ms : 0.91;-0.38;-0.62;0.18;2.56;-4.39
133251.00ms : 0.91;-0.39;-0.61;0.73;4.46;-3.97
133271.00ms : 0.94;-0.39;-0.63;-0.18;4.64;-3.60
133291.00ms : 0.94;-0.33;-0.60;-1.89;0.85;-2.99
133311.00ms : 0.96;-0.36;-0.67;-1.65;-2.56;-7.26
133331.00ms : 0.90;-0.37;-0.65;2.56;-1.40;-6.90
133351.00ms : 0.89;-0.39;-0.61;2.62;1.59;-4.82
133371.00ms : 0.95;-0.39;-0.63;1.34;0.00;-4.33
133391.00ms : 0.92;-0.40;-0.63;1.53;-0.98;-5.37
133411.00ms : 0.91;-0.40;-0.62;0.92;1.04;-5.25
133431.00ms : 0.93;-0.39;-0.63;-0.98;0.67;-5.37
133451.00ms : 0.91;-0.40;-0.63;-0.85;0.43;-5.86
133471.00ms : 0.91;-0.40;-0.63;-0.79;0.67;-5.25
133491.00ms : 0.92;-0.38;-0.67;-0.55;-0.12;-3.91
133511.00ms : 0.91;-0.37;-0.61;2.93;0.37;-3.48
133531.00ms : 0.91;-0.41;-0.61;2.44;1.83;-6.29
133551.00ms : 0.93;-0.41;-0.62;0.12;2.14;-5.31
133571.00ms : 0.93;-0.40;-0.68;-0.92;-0.12;-2.81
133591.00ms : 0.89;-0.41;-0.64;0.73;1.22;-3.36
133611.00ms : 0.93;-0.39;-0.62;-0.67;1.04;-3.85
133631.00ms : 0.93;-0.38;-0.61;-0.31;0.12;-5.13
133651.00ms : 0.91;-0.41;-0.66;1.89;-1.65;-2.87
133671.00ms : 0.89;-0.43;-0.64;3.91;0.37;-2.14
133691.00ms : 0.92;-0.44;-0.62;1.40;0.61;-2.26
133711.00ms : 0.92;-0.42;-0.62;-2.14;0.31;-3.05
133731.00ms : 0.91;-0.40;-0.63;-2.32;-0.06;-1.65
133751.00ms : 0.90;-0.41;-0.62;-0.18;-0.24;-1.71
133771.00ms : 0.91;-0.42;-0.65;-0.31;-0.12;-1.46
133791.00ms : 0.92;-0.40;-0.65;0.43;-0.31;-0.37
133811.00ms : 0.90;-0.42;-0.61;1.46;0.98;-2.14
133831.00ms : 0.91;-0.43;-0.60;-1.59;1.40;-2.08
133851.00ms : 0.92;-0.41;-0.65;-4.46;0.49;-1.10
133871.00ms : 0.89;-0.40;-0.65;-1.40;-0.12;-0.79
133891.00ms : 0.89;-0.43;-0.62;0.61;1.95;-0.55
133911.00ms : 0.92;-0.42;-0.62;-3.36;2.81;-2.08
133931.00ms : 0.94;-0.42;-0.65;-4.76;1.28;-2.87
133951.00ms : 0.89;-0.41;-0.68;-5.68;-0.85;-3.42
133971.00ms : 0.91;-0.36;-0.67;-6.90;1.10;-2.87
133991.00ms : 0.93;-0.37;-0.67;-3.54;-0.55;-2.99
134011.00ms : 0.91;-0.36;-0.65;1.53;-2.50;-3.48
134031.00ms : 0.89;-0.41;-0.65;6.71;-0.49;-3.85
134051.00ms : 0.92;-0.43;-0.65;5.49;-1.71;-1.22
134071.00ms : 0.91;-0.44;-0.66;4.52;-2.56;-1.40
134091.00ms : 0.91;-0.44;-0.64;3.23;-3.05;-1.95
134111.00ms : 0.91;-0.45;-0.63;1.89;-3.30;-1.34
134131.00ms : 0.91;-0.45;-0.64;1.34;-3.42;0.49
134151.00ms : 0.90;-0.45;-0.63;2.69;-3.36;1.04
134171.00ms : 0.89;-0.46;-0.60;2.44;-1.83;1.34
134191.00ms : 0.91;-0.46;-0.60;0.24;-1.83;3.17
134211.00ms : 0.91;-0.44;-0.60;0.06;-0.73;4.46
134231.00ms : 0.91;-0.47;-0.63;-0.18;-0.61;5.55
134251.00ms : 0.90;-0.46;-0.62;-1.46;-1.28;6.04
134271.00ms : 0.90;-0.43;-0.62;-2.14;-1.40;6.59
134291.00ms : 0.92;-0.42;-0.63;-2.81;0.67;7.51
134311.00ms : 0.92;-0.42;-0.63;-4.27;-0.73;6.84
134331.00ms : 0.92;-0.40;-0.65;-5.19;-1.77;6.53
134351.00ms : 0.90;-0.38;-0.65;-2.81;-0.85;7.63
134371.00ms : 0.90;-0.38;-0.64;-1.22;0.18;7.20
134391.00ms : 0.92;-0.39;-0.65;-1.83;-0.49;6.84
134411.00ms : 0.93;-0.38;-0.66;-2.62;-1.53;6.41
134431.00ms : 0.90;-0.38;-0.66;-1.22;-0.55;4.82
134451.00ms : 0.90;-0.39;-0.68;-0.24;2.44;6.23
134471.00ms : 0.92;-0.41;-0.67;0.85;2.93;8.48
134491.00ms : 0.94;-0.38;-0.65;-0.18;1.10;7.63
134511.00ms : 0.93;-0.37;-0.66;-0.55;-1.65;6.59
134531.00ms : 0.92;-0.37;-0.65;0.55;-2.20;7.32
134551.00ms : 0.92;-0.38;-0.64;1.71;-3.05;7.02
134571.00ms : 0.93;-0.37;-0.63;1.16;-5.13;7.51
134591.00ms : 0.91;-0.40;-0.59;1.59;-4.46;7.02
134611.00ms : 0.93;-0.40;-0.61;-2.56;-5.00;7.14
134631.00ms : 0.94;-0.37;-0.62;-5.37;-6.71;7.93
134651.00ms : 0.93;-0.37;-0.66;-4.46;-8.24;8.18
134671.00ms : 0.92;-0.37;-0.64;-0.85;-7.02;9.09
134691.00ms : 0.94;-0.39;-0.63;-0.85;-7.32;10.62
134711.00ms : 0.95;-0.39;-0.61;-3.66;-9.03;9.40
134731.00ms : 0.95;-0.35;-0.64;-5.62;-10.99;9.28
134751.00ms : 0.93;-0.35;-0.63;-3.17;-10.19;10.25
134771.00ms : 0.92;-0.40;-0.59;-2.69;-9.46;10.07
134791.00ms : 0.95;-0.39;-0.59;-5.37;-10.93;10.44
134811.00ms : 0.94;-0.35;-0.60;-8.36;-12.27;11.54
134831.00ms : 0.94;-0.32;-0.61;-5.55;-11.47;12.15
134851.00ms : 0.94;-0.31;-0.62;-2.14;-11.17;12.94
134871.00ms : 0.94;-0.34;-0.61;-0.49;-11.05;11.96
134891.00ms : 0.93;-0.32;-0.57;-2.26;-12.08;11.11
134911.00ms : 0.94;-0.33;-0.58;-3.17;-11.54;12.51
134931.00ms : 0.95;-0.31;-0.58;-3.85;-11.60;12.63
134951.00ms : 0.95;-0.28;-0.58;-3.72;-12.94;11.17
134971.00ms : 0.94;-0.28;-0.60;-0.61;-11.96;11.11
134991.00ms : 0.96;-0.31;-0.58;1.40;-11.35;12.33
135011.00ms : 0.96;-0.33;-0.56;-0.18;-12.45;12.02
135031.00ms : 0.94;-0.29;-0.54;-2.93;-12.94;9.70
135051.00ms : 0.93;-0.27;-0.53;-2.14;-11.90;9.40
135071.00ms : 0.94;-0.28;-0.53;-0.73;-10.31;10.38
135091.00ms : 0.96;-0.31;-0.54;-0.31;-9.03;11.54
135111.00ms : 0.97;-0.30;-0.54;-2.44;-9.64;11.29
135131.00ms : 0.97;-0.29;-0.55;-3.72;-10.74;9.89
135151.00ms : 0.95;-0.25;-0.57;-3.78;-11.29;9.09
135171.00ms : 0.96;-0.26;-0.55;-1.59;-10.19;10.44
135191.00ms : 0.98;-0.28;-0.55;-1.16;-10.13;11.66
135211.00ms : 0.98;-0.30;-0.53;-2.44;-12.15;10.31
135231.00ms : 0.97;-0.26;-0.53;-4.88;-14.83;9.83
135251.00ms : 0.97;-0.22;-0.56;-3.11;-15.14;8.30
135271.00ms : 0.96;-0.23;-0.52;2.20;-12.82;9.64
135291.00ms : 0.97;-0.30;-0.51;4.70;-11.11;10.80
135311.00ms : 0.98;-0.32;-0.49;0.55;-12.21;10.68
135331.00ms : 0.98;-0.26;-0.49;-3.30;-13.31;8.42
135351.00ms : 0.96;-0.22;-0.49;-2.26;-12.82;8.06
135371.00ms : 0.95;-0.24;-0.48;-0.49;-10.13;10.07
135391.00ms : 0.97;-0.25;-0.48;-2.38;-9.34;9.64
135411.00ms : 0.98;-0.20;-0.51;-3.97;-10.74;8.36
135431.00ms : 0.98;-0.18;-0.51;-1.34;-11.05;7.39
135451.00ms : 0.97;-0.22;-0.51;1.34;-10.80;7.87
135471.00ms : 0.96;-0.20;-0.49;1.40;-10.99;7.75
135491.00ms : 0.98;-0.19;-0.49;1.65;-11.54;7.69
135511.00ms : 0.98;-0.22;-0.45;3.60;-10.62;7.69
135531.00ms : 0.98;-0.23;-0.45;2.38;-10.62;7.08
135551.00ms : 0.97;-0.22;-0.47;0.61;-10.56;6.65
135571.00ms : 0.98;-0.23;-0.47;-0.12;-10.31;8.24
135591.00ms : 0.98;-0.24;-0.43;-0.61;-9.40;7.57
135611.00ms : 0.98;-0.20;-0.45;-0.92;-9.52;6.59
135631.00ms : 0.99;-0.21;-0.48;-0.24;-9.58;7.51
135651.00ms : 0.99;-0.24;-0.47;1.16;-10.01;9.28
135671.00ms : 0.98;-0.21;-0.44;1.83;-10.56;9.22
135691.00ms : 0.96;-0.18;-0.42;2.08;-9.03;6.59
135711.00ms : 0.98;-0.16;-0.44;1.77;-8.91;7.02
135731.00ms : 1.00;-0.20;-0.47;2.56;-9.22;9.89
135751.00ms : 0.99;-0.22;-0.45;1.77;-10.50;10.38
135771.00ms : 0.97;-0.17;-0.41;1.89;-9.77;8.61
135791.00ms : 0.96;-0.15;-0.40;2.14;-8.61;6.71
135811.00ms : 0.99;-0.16;-0.43;2.44;-7.93;7.45
135831.00ms : 1.01;-0.18;-0.46;1.59;-8.91;8.42
135851.00ms : 0.98;-0.18;-0.45;2.56;-9.64;9.22
135871.00ms : 0.95;-0.21;-0.36;1.71;-8.24;8.67
135891.00ms : 0.99;-0.20;-0.39;-1.28;-8.12;9.40
135911.00ms : 1.02;-0.19;-0.43;-3.66;-8.97;10.74
135931.00ms : 0.97;-0.20;-0.41;-3.66;-8.85;11.35
135951.00ms : 0.96;-0.13;-0.38;-5.37;-6.41;9.89
135971.00ms : 0.99;-0.05;-0.41;-5.31;-4.94;5.68
135991.00ms : 1.03;-0.08;-0.47;-0.43;-6.71;6.35
136011.00ms : 0.99;-0.17;-0.46;2.87;-7.08;8.18
136031.00ms : 0.98;-0.19;-0.41;2.20;-7.87;8.30
136051.00ms : 0.99;-0.12;-0.42;2.08;-8.24;5.55
136071.00ms : 1.00;-0.12;-0.41;6.41;-7.02;5.19
136091.00ms : 1.00;-0.15;-0.39;8.54;-6.84;7.32
136111.00ms : 0.97;-0.14;-0.37;6.90;-6.04;6.10
136131.00ms : 0.97;-0.11;-0.35;4.82;-4.39;4.09
136151.00ms : 1.00;-0.09;-0.40;2.01;-4.46;3.17
136171.00ms : 1.00;-0.10;-0.40;4.39;-4.88;3.66
136191.00ms : 0.99;-0.14;-0.41;7.45;-4.33;5.00
136211.00ms : 1.00;-0.17;-0.39;8.06;-5.07;4.64
136231.00ms : 0.99;-0.14;-0.39;7.51;-5.13;4.58
136251.00ms : 1.00;-0.14;-0.39;7.69;-5.07;5.49
136271.00ms : 1.00;-0.14;-0.39;7.75;-5.80;6.16
136291.00ms : 0.98;-0.15;-0.35;5.92;-4.58;5.55
136311.00ms : 1.00;-0.12;-0.38;4.52;-4.52;5.25
136331.00ms : 1.00;-0.12;-0.40;5.31;-5.00;4.70
136351.00ms : 1.00;-0.11;-0.39;5.49;-5.19;5.13
136371.00ms : 0.98;-0.14;-0.37;4.88;-5.00;5.55
136391.00ms : 0.98;-0.10;-0.36;3.05;-3.97;4.52
136411.00ms : 1.01;-0.09;-0.40;5.19;-3.91;5.00
136431.00ms : 1.00;-0.12;-0.40;7.75;-3.97;6.29
136451.00ms : 0.98;-0.15;-0.36;7.32;-3.48;6.10
136471.00ms : 0.98;-0.11;-0.36;4.15;-2.93;4.27
136491.00ms : 1.00;-0.08;-0.38;2.81;-3.66;4.82
136511.00ms : 1.01;-0.11;-0.40;4.88;-3.91;6.35
136531.00ms : 0.96;-0.10;-0.34;4.64;-2.75;4.58
136551.00ms : 0.97;-0.06;-0.34;2.87;-1.59;3.11
136571.00ms : 1.00;-0.07;-0.37;0.61;-1.34;2.56
136591.00ms : 1.00;-0.11;-0.39;-1.34;-2.38;3.48
136611.00ms : 0.99;-0.10;-0.38;-0.85;-2.38;3.05
136631.00ms : 0.96;-0.08;-0.35;0.31;-0.73;1.59
136651.00ms : 1.00;-0.09;-0.36;0.67;-0.43;2.56
136671.00ms : 1.00;-0.11;-0.37;-0.24;-0.31;2.44
136691.00ms : 1.01;-0.12;-0.38;0.43;-0.67;3.05
136711.00ms : 1.00;-0.12;-0.39;1.53;-0.37;3.17
136731.00ms : 1.01;-0.14;-0.39;0.98;-0.85;3.78
136751.00ms : 1.01;-0.12;-0.38;-0.43;-1.59;4.21
136771.00ms : 0.98;-0.05;-0.38;0.18;-1.53;2.50
136791.00ms : 0.98;-0.00;-0.36;0.79;0.00;1.34
136811.00ms : 0.99;-0.04;-0.37;2.08;0.67;0.92
136831.00ms : 1.00;-0.08;-0.38;1.77;-0.37;0.73
136851.00ms : 0.97;-0.06;-0.36;-0.06;0.00;-2.75
136871.00ms : 1.01;-0.03;-0.39;0.92;-0.61;-2.26
136891.00ms : 1.00;-0.09;-0.39;3.42;0.61;-1.28
136911.00ms : 0.99;-0.13;-0.37;1.65;0.12;-2.62
136931.00ms : 1.01;-0.11;-0.38;-0.79;-1.65;-3.11
136951.00ms : 1.01;-0.09;-0.40;-0.37;-1.95;-1.77
136971.00ms : 1.00;-0.10;-0.40;2.32;-1.40;-1.16
136991.00ms : 0.99;-0.12;-0.36;2.62;-1.04;-0.98
137011.00ms : 0.99;-0.11;-0.36;0.73;-1.10;-1.71
137031.00ms : 1.00;-0.09;-0.38;0.00;-1.46;-0.98
137051.00ms : 1.00;-0.11;-0.39;1.40;-1.53;-0.06
137071.00ms : 1.00;-0.11;-0.37;2.99;-0.92;-0.31
137091.00ms : 1.00;-0.12;-0.37;1.89;-1.16;0.31
137111.00ms : 0.99;-0.11;-0.38;0.31;-1.16;0.24
137131.00ms : 0.99;-0.07;-0.38;0.73;-0.98;-0.49
137151.00ms : 1.01;-0.07;-0.38;2.20;-1.04;0.18
137171.00ms : 1.00;-0.11;-0.38;1.83;-0.92;0.43
137191.00ms : 0.99;-0.12;-0.37;0.37;-1.16;-0.37
137211.00ms : 1.00;-0.09;-0.39;-0.43;-1.10;-0.61
137231.00ms : 0.99;-0.09;-0.38;-1.04;-0.61;-0.55
137251.00ms : 1.01;-0.09;-0.37;-1.16;-1.40;0.00
137271.00ms : 1.00;-0.11;-0.38;-0.79;-1.53;-0.24
137291.00ms : 0.99;-0.09;-0.38;-1.65;-1.65;-0.92
137311.00ms : 1.00;-0.08;-0.38;-1.77;-0.92;-0.92
137331.00ms : 1.01;-0.09;-0.38;-1.04;-1.10;-0.43
137351.00ms : 1.00;-0.11;-0.39;-0.06;-1.59;-0.55
137371.00ms : 0.99;-0.09;-0.38;0.00;-1.77;-1.16
137391.00ms : 0.99;-0.09;-0.38;0.18;-1.28;-0.73
137411.00ms : 1.00;-0.10;-0.37;-0.37;-1.59;-0.73
137431.00ms : 1.00;-0.10;-0.37;-0.06;-1.04;-1.10
137451.00ms : 1.00;-0.10;-0.38;0.43;-1.22;-1.28
137471.00ms : 0.99;-0.11;-0.38;-0.49;-0.85;-1.04
137491.00ms : 1.00;-0.11;-0.37;-0.37;-0.92;-0.92
137511.00ms : 1.01;-0.10;-0.38;-0.06;-1.04;-0.98
137531.00ms : 1.01;-0.10;-0.38;0.18;-0.85;-0.92
137551.00ms : 1.00;-0.10;-0.38;0.67;-1.34;-0.61
137571.00ms : 0.99;-0.11;-0.37;0.24;-0.98;-0.24
137591.00ms : 0.99;-0.10;-0.37;-1.10;-0.85;-1.04
137611.00ms : 1.01;-0.08;-0.38;-0.61;-1.04;-0.67
137631.00ms : 0.99;-0.11;-0.38;0.24;-1.04;-0.06
137651.00ms : 0.99;-0.11;-0.37;-0.73;-0.85;-0.61
137671.00ms : 1.00;-0.09;-0.37;-2.32;-0.98;-1.40
137691.00ms : 1.00;-0.07;-0.38;-1.77;-0.92;-1.10
137711.00ms : 1.00;-0.11;-0.38;-0.37;-0.49;-0.49
137731.00ms : 1.00;-0.13;-0.37;-1.46;-0.55;-1.04
137751.00ms : 1.01;-0.11;-0.38;-2.20;-1.53;-1.22
137771.00ms : 0.99;-0.09;-0.37;-1.59;-1.22;-1.22
137791.00ms : 1.00;-0.09;-0.38;-0.85;-1.10;-0.67
137811.00ms : 1.00;-0.11;-0.39;-0.61;-0.98;-0.18
137831.00ms : 1.00;-0.11;-0.38;-1.10;-1.59;-0.49
137851.00ms : 0.99;-0.12;-0.37;-1.28;-1.46;-0.67
137871.00ms : 1.00;-0.10;-0.38;-1.22;-1.34;-0.37
137891.00ms : 0.99;-0.10;-0.38;0.06;-1.16;-0.31
137911.00ms : 0.99;-0.10;-0.37;0.31;-1.10;-0.37
137931.00ms : 0.99;-0.11;-0.38;-1.22;-1.10;-0.55
137951.00ms : 1.00;-0.10;-0.37;-2.14;-1.04;-0.73
137971.00ms : 1.00;-0.10;-0.37;-1.65;-0.73;-0.85
137991.00ms : 0.99;-0.09;-0.38;-0.92;-0.85;-1.10
138011.00ms : 1.00;-0.09;-0.37;0.12;-0.55;-0.73
138031.00ms : 0.99;-0.11;-0.38;-0.92;-0.55;-0.73
138051.00ms : 1.00;-0.11;-0.38;-1.59;-0.67;-1.28
138071.00ms : 1.00;-0.10;-0.38;0.12;-0.61;-1.04
138091.00ms : 1.00;-0.11;-0.38;0.79;-0.37;-0.55
138111.00ms : 0.99;-0.11;-0.38;-0.49;-0.67;-0.98
138131.00ms : 1.00;-0.10;-0.38;-1.10;-0.98;-1.28
138151.00ms : 1.00;-0.10;-0.38;-0.61;-0.98;-0.79
138171.00ms : 0.99;-0.10;-0.38;0.06;-1.16;-0.98
138191.00ms : 0.99;-0.09;-0.37;-1.40;-0.55;-1.77
138211.00ms : 1.00;-0.09;-0.37;-2.14;-1.28;-1.46
138231.00ms : 0.99;-0.11;-0.38;-2.14;-0.85;-2.20
138251.00ms : 0.99;-0.11;-0.37;-1.83;-1.28;-2.14
138271.00ms : 1.00;-0.10;-0.39;-1.10;-1.53;-1.53
138291.00ms : 1.00;-0.12;-0.38;-1.40;-1.34;-1.22
138311.00ms : 0.99;-0.13;-0.37;-2.01;-1.28;-1.10
138331.00ms : 0.99;-0.12;-0.38;-2.50;-1.28;-1.22
138351.00ms : 1.00;-0.10;-0.38;-1.95;-1.77;-0.85
138371.00ms : 1.00;-0.11;-0.37;-0.61;-0.98;-0.31
138391.00ms : 0.99;-0.13;-0.37;-1.46;-0.92;-0.43
138411.00ms : 1.00;-0.11;-0.38;-2.81;-1.34;-0.79
138431.00ms : 0.99;-0.09;-0.37;-2.56;-1.28;-0.12
138451.00ms : 0.99;-0.10;-0.38;-2.26;-0.79;-0.31
138471.00ms : 1.00;-0.08;-0.37;-1.95;-0.92;-0.79
138491.00ms : 0.99;-0.11;-0.38;0.24;-0.67;-0.73
138511.00ms : 1.00;-0.13;-0.38;-0.98;-0.73;-0.43
138531.00ms : 1.00;-0.11;-0.38;-1.28;-1.53;-0.61
138551.00ms : 0.99;-0.11;-0.38;-0.85;-1.04;-0.85
138571.00ms : 1.00;-0.11;-0.39;-0.06;-1.34;-0.37
138591.00ms : 0.99;-0.12;-0.38;0.37;-1.04;0.12
138611.00ms : 0.99;-0.11;-0.38;0.85;-1.16;-0.18
138631.00ms : 0.99;-0.11;-0.37;0.00;-0.92;-0.92
138651.00ms : 1.00;-0.09;-0.38;-0.43;-0.98;-0.73
138671.00ms : 1.00;-0.11;-0.38;1.04;-0.92;-0.06
138691.00ms : 0.99;-0.13;-0.38;0.31;-0.98;-0.67
138711.00ms : 1.00;-0.10;-0.37;-0.85;-1.04;-1.28
138731.00ms : 0.99;-0.10;-0.38;-0.92;-1.22;-0.98
138751.00ms : 1.00;-0.11;-0.38;0.37;-1.71;-0.43
138771.00ms : 0.99;-0.15;-0.37;-0.31;-0.73;-0.37
138791.00ms : 0.99;-0.13;-0.37;-4.21;-1.22;-0.98
138811.00ms : 1.00;-0.10;-0.38;-3.78;-1.34;-1.10
138831.00ms : 1.00;-0.09;-0.38;-1.28;-1.10;-0.67
138851.00ms : 0.99;-0.12;-0.37;0.24;-0.92;-0.49
138871.00ms : 0.99;-0.12;-0.36;-0.67;-0.43;-0.49
138891.00ms : 1.00;-0.12;-0.38;-2.14;-0.37;-0.85
138911.00ms : 1.00;-0.11;-0.38;-2.50;-0.67;-1.16
138931.00ms : 0.99;-0.11;-0.37;-1.83;-0.43;-0.92
138951.00ms : 0.99;-0.11;-0.38;-1.77;0.12;-0.85
138971.00ms : 1.01;-0.11;-0.39;-2.08;-0.67;-1.34
138991.00ms : 0.99;-0.13;-0.38;-1.34;-0.73;-1.16
139011.00ms : 0.99;-0.13;-0.38;-1.59;-0.31;-0.85
139031.00ms : 0.99;-0.12;-0.37;-2.32;-0.67;-0.61
139051.00ms : 0.99;-0.11;-0.38;-2.08;-0.31;-0.61
139071.00ms : 0.99;-0.10;-0.39;-0.92;-0.43;-0.43
139091.00ms : 1.00;-0.11;-0.38;1.28;-0.18;-0.43
139111.00ms : 1.00;-0.12;-0.37;1.77;-0.98;-0.37
139131.00ms : 0.99;-0.14;-0.38;0.98;-0.55;-0.18
139151.00ms : 1.00;-0.13;-0.37;-0.55;-0.61;-0.18
139171.00ms : 1.00;-0.12;-0.39;-0.37;-0.67;-0.24
139191.00ms : 1.00;-0.12;-0.39;0.43;-0.85;0.12
139211.00ms : 0.99;-0.12;-0.38;1.22;-1.10;0.37
139231.00ms : 0.99;-0.12;-0.37;1.16;-0.31;0.24
