240489.00ms : 0.92;-0.04;-0.35;-5.68;6.16;5.31
240509.00ms : 0.99;-0.02;-0.34;-6.59;8.30;7.26
240529.00ms : 1.05;0.04;-0.37;-5.19;3.72;0.24
240549.00ms : 1.01;0.04;-0.37;-2.50;3.66;-2.87
240569.00ms : 0.98;-0.00;-0.37;0.37;5.25;-2.69
240589.00ms : 1.00;-0.00;-0.37;-1.95;4.27;-2.32
240609.00ms : 1.01;0.00;-0.37;-2.87;1.34;-1.83
240629.00ms : 1.00;0.01;-0.36;-2.20;-0.24;-3.30
240649.00ms : 0.99;0.01;-0.34;-1.71;0.55;-4.76
240669.00ms : 1.00;0.00;-0.34;-4.46;1.83;-5.92
240689.00ms : 0.99;0.02;-0.33;-8.30;3.72;-10.01
240709.00ms : 0.96;0.04;-0.33;-7.93;7.26;-11.78
240729.00ms : 0.97;0.03;-0.35;-9.34;5.55;-11.35
240749.00ms : 0.99;0.06;-0.33;-12.70;9.22;-17.64
240769.00ms : 0.99;0.04;-0.36;-14.83;9.70;-19.29
240789.00ms : 1.01;-0.00;-0.38;-15.75;11.41;-18.68
240809.00ms : 0.99;-0.02;-0.38;-15.14;10.25;-17.88
240829.00ms : 0.97;-0.01;-0.38;-14.77;10.44;-18.43
240849.00ms : 0.96;0.01;-0.36;-12.82;12.51;-20.81
240869.00ms : 1.00;0.01;-0.38;-11.96;12.57;-20.69
240889.00ms : 1.01;-0.02;-0.39;-10.86;12.21;-21.67
240909.00ms : 0.97;-0.03;-0.43;-11.66;11.84;-21.48
240929.00ms : 0.96;-0.05;-0.42;-9.16;13.37;-21.79
240949.00ms : 0.98;-0.09;-0.41;-8.12;14.16;-21.91
240969.00ms : 0.99;-0.10;-0.42;-9.70;14.47;-24.72
240989.00ms : 0.99;-0.06;-0.43;-11.11;13.43;-27.53
241009.00ms : 1.00;-0.09;-0.45;-8.12;12.33;-25.45
241029.00ms : 0.96;-0.15;-0.46;-5.25;14.34;-22.77
241049.00ms : 0.98;-0.19;-0.42;-5.68;14.71;-23.86
241069.00ms : 0.99;-0.15;-0.42;-10.25;14.89;-28.08
241089.00ms : 0.98;-0.12;-0.47;-11.96;13.61;-29.48
241109.00ms : 0.98;-0.15;-0.47;-8.79;13.79;-24.41
241129.00ms : 1.00;-0.17;-0.45;-6.59;15.69;-22.03
241149.00ms : 0.98;-0.19;-0.46;-8.79;16.48;-26.00
241169.00ms : 0.96;-0.21;-0.52;-11.47;14.59;-26.37
241189.00ms : 0.97;-0.24;-0.52;-10.38;15.26;-23.62
241209.00ms : 1.01;-0.22;-0.48;-8.18;15.38;-22.16
241229.00ms : 1.02;-0.19;-0.50;-7.81;14.65;-24.60
241249.00ms : 0.97;-0.25;-0.50;-7.20;16.11;-24.05
241269.00ms : 0.93;-0.35;-0.51;-10.01;17.64;-19.29
241289.00ms : 0.93;-0.34;-0.49;-17.52;20.02;-19.90
241309.00ms : 1.00;-0.24;-0.51;-24.11;19.17;-19.23
241329.00ms : 1.02;-0.24;-0.51;-20.63;15.50;-18.31
241349.00ms : 0.95;-0.26;-0.51;-13.31;12.15;-20.32
241369.00ms : 0.99;-0.22;-0.48;-7.39;12.76;-21.85
241389.00ms : 1.02;-0.21;-0.50;-2.87;12.88;-21.67
241409.00ms : 0.95;-0.29;-0.53;-0.24;15.69;-19.96
241429.00ms : 0.90;-0.39;-0.57;-4.09;17.94;-18.31
241449.00ms : 0.96;-0.39;-0.52;-11.35;15.01;-18.19
241469.00ms : 0.98;-0.33;-0.52;-17.21;10.07;-17.76
241489.00ms : 0.93;-0.29;-0.58;-15.63;11.72;-18.80
241509.00ms : 0.91;-0.29;-0.57;-9.22;15.14;-18.74
241529.00ms : 0.97;-0.28;-0.55;-6.35;13.61;-17.64
241549.00ms : 0.97;-0.29;-0.54;-3.91;12.82;-19.10
241569.00ms : 0.90;-0.33;-0.55;-4.27;14.95;-20.69
241589.00ms : 0.88;-0.36;-0.56;-6.10;16.72;-20.20
241609.00ms : 0.94;-0.35;-0.58;-8.91;15.01;-19.90
241629.00ms : 0.96;-0.33;-0.63;-8.79;10.80;-18.62
241649.00ms : 0.95;-0.33;-0.61;-3.66;11.35;-18.31
241669.00ms : 0.93;-0.33;-0.57;1.16;12.94;-19.84
241689.00ms : 0.94;-0.37;-0.55;0.49;13.67;-22.40
241709.00ms : 0.90;-0.42;-0.58;-2.62;13.06;-23.13
241729.00ms : 0.83;-0.44;-0.63;-5.25;10.80;-21.73
241749.00ms : 0.84;-0.40;-0.61;-4.46;10.80;-20.02
241769.00ms : 0.92;-0.38;-0.59;-1.95;12.08;-18.62
241789.00ms : 0.99;-0.38;-0.58;-1.10;13.92;-21.42
241809.00ms : 0.90;-0.40;-0.61;-1.28;13.49;-22.16
241829.00ms : 0.83;-0.45;-0.64;0.18;14.34;-20.81
241849.00ms : 0.86;-0.42;-0.64;1.16;10.56;-18.19
241869.00ms : 0.92;-0.43;-0.64;3.23;6.71;-17.46
241889.00ms : 0.92;-0.46;-0.63;4.70;9.28;-20.94
241909.00ms : 0.91;-0.43;-0.61;3.05;10.86;-23.19
241929.00ms : 0.94;-0.43;-0.62;2.62;11.78;-22.89
241949.00ms : 0.93;-0.47;-0.61;2.62;13.73;-22.95
241969.00ms : 0.90;-0.52;-0.63;0.61;15.08;-24.72
241989.00ms : 0.89;-0.51;-0.61;-3.42;13.98;-27.10
242009.00ms : 0.87;-0.46;-0.65;-5.98;11.41;-27.95
242029.00ms : 0.82;-0.47;-0.69;-1.77;14.47;-24.60
242049.00ms : 0.77;-0.55;-0.67;1.59;17.52;-22.58
242069.00ms : 0.84;-0.58;-0.69;-2.75;18.25;-22.77
242089.00ms : 0.93;-0.51;-0.68;-7.02;11.35;-21.79
242109.00ms : 0.92;-0.48;-0.66;-2.26;7.14;-23.44
242129.00ms : 0.82;-0.52;-0.69;1.59;5.68;-23.74
242149.00ms : 0.77;-0.58;-0.73;1.16;8.24;-21.42
242169.00ms : 0.79;-0.59;-0.72;-0.92;9.28;-18.49
242189.00ms : 0.84;-0.59;-0.66;-1.46;9.95;-19.78
242209.00ms : 0.85;-0.57;-0.67;-4.03;7.51;-18.25
242229.00ms : 0.77;-0.57;-0.71;-3.30;6.47;-16.42
242249.00ms : 0.76;-0.58;-0.70;0.55;11.05;-15.14
242269.00ms : 0.80;-0.60;-0.71;1.65;14.40;-11.35
242289.00ms : 0.84;-0.58;-0.67;-2.01;15.81;-11.29
242309.00ms : 0.83;-0.60;-0.69;-3.78;11.05;-9.09
242329.00ms : 0.78;-0.61;-0.68;-3.42;8.97;-11.66
242349.00ms : 0.79;-0.59;-0.70;-4.15;9.95;-12.76
242369.00ms : 0.80;-0.57;-0.72;-2.62;10.74;-11.90
242389.00ms : 0.74;-0.58;-0.76;-1.65;10.56;-8.00
242409.00ms : 0.71;-0.61;-0.78;-1.22;12.57;-7.93
242429.00ms : 0.75;-0.58;-0.77;2.08;13.61;-8.18
242449.00ms : 0.82;-0.56;-0.77;4.46;11.54;-8.36
242469.00ms : 0.85;-0.58;-0.74;4.46;9.40;-10.25
242489.00ms : 0.72;-0.58;-0.76;2.08;6.10;-7.32
242509.00ms : 0.72;-0.61;-0.77;1.77;9.46;-7.63
242529.00ms : 0.77;-0.60;-0.75;2.99;7.14;-9.64
242549.00ms : 0.80;-0.59;-0.75;4.58;4.58;-10.86
242569.00ms : 0.74;-0.60;-0.76;5.31;3.42;-8.30
242589.00ms : 0.69;-0.62;-0.79;5.86;5.80;-6.10
242609.00ms : 0.74;-0.64;-0.80;5.37;7.51;-7.20
242629.00ms : 0.81;-0.59;-0.76;6.65;5.25;-7.63
242649.00ms : 0.80;-0.64;-0.73;5.74;2.62;-7.57
242669.00ms : 0.79;-0.63;-0.74;4.76;2.38;-7.08
242689.00ms : 0.74;-0.64;-0.76;5.25;2.26;-6.47
242709.00ms : 0.73;-0.65;-0.75;5.68;4.15;-6.35
242729.00ms : 0.76;-0.62;-0.75;4.70;2.20;-7.02
242749.00ms : 0.71;-0.62;-0.74;3.78;2.50;-7.57
242769.00ms : 0.69;-0.63;-0.74;3.17;6.59;-7.20
242789.00ms : 0.72;-0.63;-0.77;1.89;10.68;-5.43
242809.00ms : 0.77;-0.63;-0.79;1.77;10.01;-4.82
242829.00ms : 0.73;-0.62;-0.80;3.48;6.84;-5.55
242849.00ms : 0.69;-0.61;-0.80;4.82;5.43;-6.41
242869.00ms : 0.71;-0.61;-0.80;5.25;6.65;-7.51
242889.00ms : 0.75;-0.63;-0.81;4.33;6.29;-5.62
242909.00ms : 0.76;-0.65;-0.81;2.93;6.84;-4.70
242929.00ms : 0.74;-0.64;-0.81;2.62;4.21;-4.09
242949.00ms : 0.70;-0.62;-0.83;3.66;2.99;-3.72
242969.00ms : 0.69;-0.63;-0.82;2.26;3.78;-5.07
242989.00ms : 0.72;-0.62;-0.81;3.36;3.72;-4.33
243009.00ms : 0.74;-0.65;-0.80;2.56;4.39;-4.27
243029.00ms : 0.75;-0.65;-0.79;2.26;3.30;-3.48
243049.00ms : 0.70;-0.66;-0.81;1.10;2.50;-2.44
243069.00ms : 0.70;-0.65;-0.80;-1.04;3.42;-3.05
243089.00ms : 0.70;-0.64;-0.80;-1.71;3.05;-2.32
243109.00ms : 0.71;-0.65;-0.80;-1.28;3.05;-2.81
243129.00ms : 0.72;-0.65;-0.81;-1.77;2.50;-2.14
243149.00ms : 0.73;-0.65;-0.82;-2.44;2.32;-1.71
243169.00ms : 0.71;-0.66;-0.83;-2.75;0.43;-0.98
243189.00ms : 0.68;-0.65;-0.84;-3.54;-0.06;-0.12
243209.00ms : 0.71;-0.65;-0.84;-3.78;1.28;-0.31
243229.00ms : 0.72;-0.65;-0.82;-3.66;-0.43;0.55
243249.00ms : 0.71;-0.64;-0.84;-5.55;-1.28;0.31
243269.00ms : 0.70;-0.67;-0.84;-8.61;-2.26;0.00
243289.00ms : 0.72;-0.67;-0.82;-12.21;-3.36;-1.65
243309.00ms : 0.76;-0.68;-0.82;-13.55;-4.94;-1.04
243329.00ms : 0.77;-0.66;-0.83;-13.85;-7.57;0.67
243349.00ms : 0.74;-0.68;-0.83;-13.49;-9.58;1.65
243369.00ms : 0.72;-0.67;-0.81;-14.40;-11.17;3.66
243389.00ms : 0.67;-0.68;-0.79;-15.93;-10.99;4.39
243409.00ms : 0.68;-0.68;-0.80;-16.17;-9.95;5.43
243429.00ms : 0.70;-0.68;-0.79;-15.20;-8.79;7.02
243449.00ms : 0.73;-0.70;-0.78;-13.85;-8.67;9.34
243469.00ms : 0.73;-0.70;-0.79;-13.12;-8.73;11.17
243489.00ms : 0.72;-0.68;-0.80;-11.41;-7.51;11.84
243509.00ms : 0.73;-0.67;-0.80;-7.69;-5.55;13.55
243529.00ms : 0.71;-0.63;-0.73;-6.59;-6.90;13.31
243549.00ms : 0.73;-0.68;-0.78;-5.74;-8.85;12.88
243569.00ms : 0.78;-0.67;-0.78;-2.81;-10.80;12.82
243589.00ms : 0.79;-0.67;-0.76;0.67;-14.16;13.37
243609.00ms : 0.74;-0.65;-0.73;1.53;-13.73;13.24
243629.00ms : 0.72;-0.63;-0.71;1.34;-11.78;13.31
243649.00ms : 0.74;-0.62;-0.71;0.73;-11.54;14.77
243669.00ms : 0.73;-0.59;-0.69;0.24;-10.93;16.36
243689.00ms : 0.73;-0.57;-0.67;-4.52;-12.88;18.98
243709.00ms : 0.76;-0.66;-0.72;-4.64;-10.44;17.21
243729.00ms : 0.79;-0.64;-0.69;-7.14;-10.19;17.46
243749.00ms : 0.79;-0.63;-0.68;-8.79;-13.92;16.78
243769.00ms : 0.76;-0.58;-0.71;-8.42;-13.06;17.46
243789.00ms : 0.74;-0.60;-0.69;-5.55;-8.79;18.62
243809.00ms : 0.75;-0.58;-0.69;-4.64;-4.46;19.59
243829.00ms : 0.78;-0.56;-0.72;-4.46;-4.64;21.36
243849.00ms : 0.74;-0.56;-0.75;-3.30;-8.24;20.39
243869.00ms : 0.73;-0.56;-0.76;-1.34;-7.26;18.37
243889.00ms : 0.78;-0.56;-0.74;-1.34;-7.87;21.18
243909.00ms : 0.85;-0.56;-0.73;-1.22;-10.25;23.50
243929.00ms : 0.86;-0.56;-0.74;-1.28;-14.83;24.84
243949.00ms : 0.78;-0.58;-0.74;-0.98;-18.74;23.93
243969.00ms : 0.78;-0.56;-0.69;0.85;-16.97;23.07
243989.00ms : 0.91;-0.53;-0.61;1.53;-17.27;26.25
244009.00ms : 0.95;-0.51;-0.61;1.34;-21.55;26.49
244029.00ms : 0.85;-0.50;-0.61;2.81;-22.28;22.22
244049.00ms : 0.77;-0.51;-0.64;3.91;-18.01;20.02
244069.00ms : 0.78;-0.52;-0.65;3.36;-13.79;22.52
244089.00ms : 0.83;-0.52;-0.66;-1.40;-10.31;26.43
244109.00ms : 0.89;-0.49;-0.66;-7.57;-9.77;28.26
244129.00ms : 0.89;-0.47;-0.64;-9.70;-12.76;26.00
244149.00ms : 0.85;-0.47;-0.65;-9.64;-14.95;21.48
244169.00ms : 0.88;-0.45;-0.63;-7.81;-15.75;21.73
244189.00ms : 0.95;-0.40;-0.60;-3.66;-16.30;23.19
244209.00ms : 0.93;-0.40;-0.62;1.46;-16.91;20.32
244229.00ms : 0.86;-0.43;-0.67;5.92;-16.60;17.27
244249.00ms : 0.80;-0.48;-0.66;7.93;-16.72;17.33
244269.00ms : 0.77;-0.50;-0.65;5.43;-18.01;19.47
244289.00ms : 0.84;-0.44;-0.63;-0.98;-17.09;22.83
244309.00ms : 1.00;-0.35;-0.60;-1.22;-17.94;25.09
244329.00ms : 1.00;-0.37;-0.57;7.87;-20.81;22.95
244349.00ms : 0.89;-0.42;-0.55;13.31;-20.75;17.03
244369.00ms : 0.85;-0.42;-0.54;12.94;-20.26;15.87
244389.00ms : 0.85;-0.41;-0.57;9.95;-18.07;18.92
244409.00ms : 0.88;-0.39;-0.61;7.75;-15.20;21.79
244429.00ms : 0.91;-0.44;-0.61;10.56;-12.82;23.13
244449.00ms : 0.88;-0.49;-0.56;5.98;-12.76;24.29
244469.00ms : 0.87;-0.46;-0.53;-6.96;-12.88;24.35
244489.00ms : 0.96;-0.36;-0.54;-17.33;-12.08;25.33
244509.00ms : 1.08;-0.26;-0.55;-15.56;-13.92;24.23
244529.00ms : 1.07;-0.25;-0.56;-1.65;-17.27;18.13
244549.00ms : 0.93;-0.32;-0.59;11.11;-18.92;15.32
244569.00ms : 0.85;-0.38;-0.57;13.85;-15.81;19.17
244589.00ms : 0.90;-0.38;-0.57;9.03;-14.34;23.56
244609.00ms : 0.97;-0.34;-0.55;5.62;-17.15;24.48
244629.00ms : 0.97;-0.34;-0.54;5.62;-19.47;22.71
244649.00ms : 0.93;-0.33;-0.53;4.15;-19.53;22.28
244669.00ms : 0.95;-0.29;-0.51;0.31;-17.21;23.86
244689.00ms : 1.00;-0.25;-0.52;-1.65;-17.64;24.41
244709.00ms : 0.98;-0.22;-0.49;1.71;-18.25;22.83
244729.00ms : 0.97;-0.22;-0.44;4.03;-17.82;21.97
244749.00ms : 0.96;-0.23;-0.44;2.44;-15.38;20.39
244769.00ms : 0.96;-0.23;-0.49;-1.34;-14.77;19.53
244789.00ms : 0.95;-0.22;-0.47;-3.54;-13.73;17.88
244809.00ms : 0.98;-0.18;-0.47;-5.00;-12.76;16.30
244829.00ms : 0.97;-0.20;-0.52;-3.85;-14.22;16.36
244849.00ms : 0.92;-0.25;-0.52;-1.34;-13.98;18.49
244869.00ms : 0.92;-0.25;-0.47;-1.22;-13.85;18.92
244889.00ms : 0.97;-0.19;-0.48;-0.12;-14.89;17.82
244909.00ms : 0.95;-0.20;-0.53;6.41;-16.48;17.33
244929.00ms : 0.93;-0.25;-0.51;10.62;-16.66;21.91
244949.00ms : 0.99;-0.23;-0.41;11.17;-16.72;22.95
244969.00ms : 1.06;-0.12;-0.43;10.38;-16.85;19.96
244989.00ms : 0.98;-0.13;-0.42;18.07;-17.21;20.02
245009.00ms : 0.93;-0.21;-0.39;21.00;-13.79;22.89
245029.00ms : 0.99;-0.18;-0.40;14.83;-11.17;22.22
245049.00ms : 1.06;-0.12;-0.42;13.55;-14.40;21.00
245069.00ms : 1.01;-0.10;-0.39;16.85;-13.37;21.85
245089.00ms : 0.99;-0.13;-0.39;18.37;-11.11;21.24
245109.00ms : 1.00;-0.10;-0.40;14.53;-11.23;19.29
245129.00ms : 1.02;-0.05;-0.42;10.13;-10.68;16.24
245149.00ms : 1.02;-0.09;-0.44;11.17;-10.99;14.89
245169.00ms : 0.99;-0.15;-0.42;11.54;-11.47;15.56
245189.00ms : 0.97;-0.16;-0.38;7.69;-11.23;13.67
245209.00ms : 0.99;-0.07;-0.40;4.03;-11.23;11.54
245229.00ms : 0.99;-0.01;-0.38;7.14;-9.70;11.60
245249.00ms : 0.98;-0.05;-0.39;12.88;-8.54;12.88
245269.00ms : 0.98;-0.09;-0.38;13.85;-6.84;11.29
245289.00ms : 1.00;-0.10;-0.38;10.01;-7.14;10.44
245309.00ms : 1.01;-0.08;-0.39;6.71;-7.75;10.86
245329.00ms : 0.99;-0.07;-0.38;7.20;-7.39;10.99
245349.00ms : 0.98;-0.08;-0.37;10.38;-6.59;9.95
245369.00ms : 0.98;-0.05;-0.40;10.19;-5.07;9.89
245389.00ms : 0.99;-0.05;-0.39;9.89;-5.25;9.22
245409.00ms : 0.99;-0.05;-0.35;11.11;-5.49;9.34
245429.00ms : 0.99;-0.03;-0.36;13.43;-3.72;8.12
245449.00ms : 0.98;-0.06;-0.36;11.54;-2.75;6.41
245469.00ms : 0.98;-0.04;-0.36;6.23;-1.89;5.62
245489.00ms : 1.01;-0.04;-0.37;6.16;-2.44;5.31
245509.00ms : 1.01;-0.06;-0.40;8.67;-2.32;5.13
245529.00ms : 1.01;-0.09;-0.39;10.74;-3.11;6.71
245549.00ms : 0.99;-0.12;-0.39;8.97;-2.56;7.51
245569.00ms : 0.98;-0.05;-0.33;4.52;-1.71;5.19
245589.00ms : 1.02;-0.00;-0.38;6.10;-1.89;4.27
245609.00ms : 0.99;-0.04;-0.38;10.01;-1.46;5.19
245629.00ms : 0.99;-0.05;-0.38;10.19;-0.61;5.25
245649.00ms : 1.01;-0.06;-0.41;8.42;-1.46;3.66
245669.00ms : 0.99;-0.08;-0.37;6.29;-0.73;4.03
245689.00ms : 1.00;-0.07;-0.39;3.85;-0.18;3.60
245709.00ms : 0.99;-0.05;-0.38;1.77;-0.18;2.08
245729.00ms : 1.00;-0.01;-0.39;1.83;-0.06;2.32
245749.00ms : 1.00;-0.03;-0.39;4.27;-0.79;2.93
245769.00ms : 0.99;-0.07;-0.37;4.15;0.12;2.81
245789.00ms : 1.00;-0.06;-0.38;0.85;0.12;1.89
245809.00ms : 0.99;-0.03;-0.38;-0.18;0.43;1.04
245829.00ms : 1.00;-0.01;-0.39;0.85;0.43;0.79
245849.00ms : 1.01;-0.04;-0.39;3.05;-0.24;1.34
245869.00ms : 0.99;-0.05;-0.39;2.87;0.00;1.10
245889.00ms : 1.01;-0.05;-0.41;1.65;-0.98;0.98
245909.00ms : 0.98;-0.05;-0.39;0.61;-0.43;1.16
245929.00ms : 1.01;-0.04;-0.39;0.24;-0.67;1.40
245949.00ms : 0.99;-0.03;-0.38;0.67;-0.43;0.79
245969.00ms : 1.00;-0.03;-0.39;1.40;-0.49;0.92
245989.00ms : 1.00;-0.04;-0.39;0.24;-0.67;-0.49
246009.00ms : 1.00;-0.01;-0.40;-0.73;-0.31;-1.10
246029.00ms : 0.99;-0.02;-0.38;0.55;-0.55;-0.55
246049.00ms : 1.01;-0.05;-0.40;0.61;-0.43;-1.10
246069.00ms : 1.00;-0.06;-0.39;-0.73;-1.04;-0.92
246089.00ms : 0.99;-0.05;-0.40;-2.62;-0.43;-1.22
246109.00ms : 1.01;-0.05;-0.40;-2.69;-1.10;-1.40
246129.00ms : 1.00;-0.06;-0.38;-2.32;-1.16;-0.92
246149.00ms : 1.00;-0.05;-0.39;-2.62;-1.04;-1.22
246169.00ms : 0.99;-0.02;-0.38;-4.39;-0.85;-2.08
246189.00ms : 1.00;0.01;-0.40;-3.17;-0.79;-2.93
246209.00ms : 0.99;-0.01;-0.38;0.43;-1.10;-2.56
246229.00ms : 0.99;-0.05;-0.38;1.16;0.12;-3.17
246249.00ms : 0.99;-0.03;-0.38;-1.71;0.24;-5.31
246269.00ms : 1.01;-0.03;-0.41;-1.83;-0.12;-4.70
246289.00ms : 1.00;-0.06;-0.39;0.31;0.61;-4.27
246309.00ms : 0.99;-0.05;-0.37;-0.12;0.98;-5.00
246329.00ms : 0.99;-0.04;-0.36;-2.62;1.10;-6.90
246349.00ms : 1.00;-0.03;-0.39;-4.76;1.77;-7.51
246369.00ms : 1.00;-0.04;-0.40;-2.81;1.10;-6.29
246389.00ms : 0.99;-0.07;-0.39;-1.28;1.46;-6.29
246409.00ms : 0.99;-0.08;-0.37;-4.64;2.14;-8.18
246429.00ms : 0.98;-0.04;-0.36;-10.93;2.81;-11.78
246449.00ms : 1.01;0.00;-0.41;-9.09;2.14;-10.31
246469.00ms : 1.00;-0.05;-0.41;-2.87;2.75;-9.22
246489.00ms : 1.00;-0.10;-0.39;-0.79;3.11;-8.24
246509.00ms : 0.98;-0.11;-0.36;-4.58;2.93;-11.05
246529.00ms : 0.98;-0.06;-0.36;-12.27;3.60;-13.98
246549.00ms : 1.02;-0.01;-0.45;-12.51;2.38;-11.54
246569.00ms : 0.99;-0.07;-0.42;-4.15;2.81;-10.07
246589.00ms : 0.98;-0.13;-0.39;-2.32;4.82;-10.99
246609.00ms : 0.99;-0.11;-0.35;-7.26;4.64;-14.95
246629.00ms : 0.98;-0.03;-0.41;-13.31;6.53;-17.15
246649.00ms : 1.00;-0.05;-0.42;-7.39;5.74;-14.40
246669.00ms : 0.97;-0.11;-0.37;-4.88;8.30;-14.53
246689.00ms : 0.99;-0.11;-0.36;-10.13;9.09;-19.10
246709.00ms : 0.98;-0.04;-0.40;-15.08;9.64;-22.22
246729.00ms : 1.00;-0.09;-0.47;-11.90;9.22;-21.36
246749.00ms : 0.97;-0.18;-0.42;-6.29;10.62;-18.31
246769.00ms : 0.98;-0.21;-0.41;-11.05;11.47;-19.35
246789.00ms : 1.01;-0.15;-0.40;-17.82;11.72;-22.64
246809.00ms : 0.99;-0.17;-0.46;-18.43;11.29;-21.79
246829.00ms : 0.98;-0.26;-0.49;-16.30;11.35;-16.54
246849.00ms : 0.99;-0.26;-0.45;-15.81;9.77;-14.34
246869.00ms : 1.01;-0.15;-0.45;-16.48;7.63;-16.42
246889.00ms : 1.02;-0.11;-0.47;-8.79;8.00;-17.76
246909.00ms : 0.98;-0.16;-0.46;-0.49;9.40;-14.83
246929.00ms : 0.96;-0.22;-0.45;0.85;10.50;-13.67
246949.00ms : 0.97;-0.22;-0.43;-4.21;9.22;-15.87
246969.00ms : 0.99;-0.19;-0.44;-8.24;9.40;-17.76
246989.00ms : 1.02;-0.16;-0.48;-7.75;8.91;-17.15
247009.00ms : 1.00;-0.19;-0.46;-2.81;10.38;-16.91
247029.00ms : 0.97;-0.28;-0.52;-2.69;8.24;-15.32
247049.00ms : 0.91;-0.28;-0.44;-3.17;9.03;-15.08
247069.00ms : 0.97;-0.24;-0.48;-8.24;8.91;-15.44
247089.00ms : 0.99;-0.22;-0.49;-7.08;9.16;-16.72
247109.00ms : 0.98;-0.23;-0.48;-5.74;9.28;-14.40
247129.00ms : 0.96;-0.25;-0.49;-4.27;9.95;-14.47
247149.00ms : 0.94;-0.30;-0.49;-3.36;9.28;-14.22
247169.00ms : 0.94;-0.29;-0.47;-5.00;10.68;-14.34
247189.00ms : 0.99;-0.27;-0.49;-5.37;9.83;-14.28
247209.00ms : 1.00;-0.25;-0.50;-3.78;9.58;-13.85
247229.00ms : 0.97;-0.27;-0.51;0.55;8.54;-13.43
247249.00ms : 0.93;-0.32;-0.53;3.17;8.79;-13.06
247269.00ms : 0.91;-0.32;-0.51;2.08;9.70;-11.23
247289.00ms : 0.95;-0.30;-0.49;0.18;9.70;-10.01
247309.00ms : 0.99;-0.26;-0.52;-2.26;9.64;-11.17
247329.00ms : 0.99;-0.27;-0.54;-0.37;9.34;-11.90
247349.00ms : 0.96;-0.32;-0.54;1.04;9.03;-10.38
247369.00ms : 0.93;-0.32;-0.48;0.55;9.28;-10.93
247389.00ms : 0.97;-0.32;-0.50;-3.85;10.93;-13.37
247409.00ms : 0.98;-0.32;-0.59;-5.55;7.81;-11.54
247429.00ms : 0.89;-0.37;-0.58;-1.22;8.12;-8.67
247449.00ms : 0.90;-0.36;-0.54;0.24;8.00;-7.75
247469.00ms : 0.96;-0.32;-0.49;-1.40;6.96;-11.17
247489.00ms : 0.98;-0.31;-0.54;-3.48;7.57;-11.54
247509.00ms : 0.95;-0.30;-0.53;-2.26;10.74;-10.38
247529.00ms : 0.94;-0.31;-0.53;-0.06;11.11;-10.62
247549.00ms : 0.98;-0.28;-0.54;-1.59;9.83;-11.96
247569.00ms : 0.98;-0.32;-0.53;-1.22;8.48;-13.37
247589.00ms : 0.89;-0.35;-0.54;-1.22;11.17;-15.75
247609.00ms : 0.88;-0.35;-0.58;-2.99;12.63;-15.87
247629.00ms : 0.95;-0.32;-0.59;-3.36;11.60;-13.85
247649.00ms : 0.97;-0.31;-0.58;-0.92;9.40;-14.47
247669.00ms : 0.92;-0.34;-0.58;3.36;10.68;-18.07
247689.00ms : 0.88;-0.38;-0.57;3.72;12.27;-21.18
247709.00ms : 0.91;-0.37;-0.57;-0.49;11.66;-20.45
247729.00ms : 0.92;-0.35;-0.57;-2.20;10.56;-19.10
247749.00ms : 0.88;-0.38;-0.57;0.92;12.27;-19.84
247769.00ms : 0.90;-0.40;-0.58;3.11;14.04;-20.45
247789.00ms : 0.94;-0.41;-0.54;1.28;13.37;-23.93
247809.00ms : 1.01;-0.39;-0.57;-2.99;13.37;-24.05
247829.00ms : 0.96;-0.43;-0.58;-1.71;11.96;-25.51
247849.00ms : 0.78;-0.46;-0.58;4.03;15.26;-28.02
247869.00ms : 0.80;-0.49;-0.61;2.93;18.74;-25.82
247889.00ms : 0.88;-0.52;-0.65;-4.52;15.63;-22.89
247909.00ms : 0.89;-0.48;-0.66;-10.80;13.31;-20.94
247929.00ms : 0.89;-0.45;-0.65;-10.56;13.61;-20.45
247949.00ms : 0.91;-0.49;-0.60;-10.07;16.97;-23.19
247969.00ms : 0.90;-0.49;-0.62;-12.27;16.24;-23.07
247989.00ms : 0.81;-0.49;-0.64;-12.02;14.89;-22.46
248009.00ms : 0.77;-0.52;-0.66;-7.57;17.88;-22.71
248029.00ms : 0.85;-0.52;-0.65;-6.10;18.25;-19.96
248049.00ms : 0.83;-0.55;-0.67;-9.16;17.82;-19.53
248069.00ms : 0.83;-0.53;-0.72;-11.78;19.90;-15.81
248089.00ms : 0.88;-0.50;-0.70;-10.50;18.37;-13.92
248109.00ms : 0.84;-0.51;-0.70;-5.98;13.98;-16.36
248129.00ms : 0.73;-0.54;-0.74;-2.81;11.84;-16.60
248149.00ms : 0.74;-0.56;-0.72;-0.24;15.38;-14.77
248169.00ms : 0.83;-0.57;-0.69;-1.10;16.36;-12.51
248189.00ms : 0.89;-0.56;-0.67;-3.23;15.63;-11.72
248209.00ms : 0.83;-0.54;-0.70;-3.91;13.55;-12.08
248229.00ms : 0.78;-0.54;-0.73;-2.93;13.73;-11.96
248249.00ms : 0.86;-0.56;-0.69;-0.61;15.20;-12.82
248269.00ms : 0.89;-0.56;-0.67;-1.10;12.82;-13.18
248289.00ms : 0.79;-0.58;-0.72;-3.60;10.74;-11.60
248309.00ms : 0.70;-0.58;-0.78;-5.55;11.54;-8.67
248329.00ms : 0.76;-0.58;-0.78;-3.42;12.45;-8.06
248349.00ms : 0.88;-0.56;-0.73;1.40;10.13;-11.11
248369.00ms : 0.90;-0.56;-0.72;2.32;4.64;-11.54
248389.00ms : 0.79;-0.57;-0.76;1.28;2.99;-9.89
248409.00ms : 0.74;-0.58;-0.77;2.26;5.37;-7.57
248429.00ms : 0.78;-0.59;-0.75;4.39;5.55;-6.65
248449.00ms : 0.82;-0.64;-0.71;5.13;5.62;-9.16
248469.00ms : 0.82;-0.62;-0.72;1.10;3.97;-6.90
248489.00ms : 0.78;-0.61;-0.74;-0.85;2.26;-6.41
248509.00ms : 0.75;-0.63;-0.73;-0.49;4.58;-6.65
248529.00ms : 0.82;-0.60;-0.71;0.12;6.65;-4.64
248549.00ms : 0.82;-0.64;-0.71;-0.43;4.64;-2.75
248569.00ms : 0.81;-0.63;-0.70;-3.72;2.32;-4.15
248589.00ms : 0.75;-0.59;-0.73;-2.81;1.53;-4.76
248609.00ms : 0.74;-0.59;-0.73;0.49;4.39;-4.27
248629.00ms : 0.73;-0.60;-0.74;1.46;7.26;-1.95
248649.00ms : 0.75;-0.64;-0.78;-0.79;8.48;0.37
248669.00ms : 0.78;-0.61;-0.76;-2.38;6.53;-0.79
248689.00ms : 0.82;-0.59;-0.75;-1.28;2.08;-2.75
248709.00ms : 0.82;-0.56;-0.75;1.71;-2.01;-3.48
248729.00ms : 0.74;-0.58;-0.75;2.20;-1.46;-2.87
248749.00ms : 0.71;-0.61;-0.77;1.10;1.59;-1.16
248769.00ms : 0.74;-0.60;-0.75;0.85;4.76;-1.04
248789.00ms : 0.79;-0.60;-0.75;1.16;3.85;-1.34
248809.00ms : 0.80;-0.60;-0.71;2.75;1.22;-1.89
248829.00ms : 0.69;-0.60;-0.74;2.08;2.08;-1.04
248849.00ms : 0.71;-0.60;-0.76;1.46;6.71;-1.16
248869.00ms : 0.75;-0.58;-0.77;0.92;7.08;-0.12
248889.00ms : 0.79;-0.60;-0.78;1.89;6.47;-0.06
248909.00ms : 0.79;-0.62;-0.76;1.95;3.23;-1.59
248929.00ms : 0.78;-0.58;-0.78;2.62;-0.98;-2.50
248949.00ms : 0.74;-0.56;-0.81;4.09;-2.69;-3.54
248969.00ms : 0.73;-0.56;-0.83;6.10;-0.73;-2.69
248989.00ms : 0.74;-0.59;-0.80;7.02;2.01;-1.77
249009.00ms : 0.78;-0.61;-0.79;6.35;2.20;-2.32
249029.00ms : 0.82;-0.61;-0.76;5.98;-2.01;-2.99
249049.00ms : 0.77;-0.61;-0.77;7.32;-4.82;-3.42
249069.00ms : 0.74;-0.60;-0.79;9.34;-3.54;-3.36
249089.00ms : 0.73;-0.60;-0.76;9.52;0.67;-2.08
249109.00ms : 0.72;-0.60;-0.73;7.26;2.56;0.00
249129.00ms : 0.74;-0.62;-0.72;4.39;3.11;-0.24
249149.00ms : 0.75;-0.63;-0.72;1.77;2.99;-1.53
249169.00ms : 0.78;-0.63;-0.77;1.53;1.10;-1.89
249189.00ms : 0.78;-0.61;-0.80;2.99;0.61;-2.26
249209.00ms : 0.73;-0.56;-0.83;4.39;0.98;-0.37
249229.00ms : 0.69;-0.57;-0.82;6.04;2.62;0.79
249249.00ms : 0.69;-0.57;-0.81;5.74;4.27;-0.24
249269.00ms : 0.80;-0.60;-0.80;5.86;3.42;-1.53
249289.00ms : 0.81;-0.61;-0.79;5.80;0.12;-0.85
249309.00ms : 0.79;-0.61;-0.80;6.53;-1.95;0.12
249329.00ms : 0.73;-0.59;-0.79;6.10;-1.10;0.73
249349.00ms : 0.71;-0.59;-0.78;5.49;0.43;-0.61
249369.00ms : 0.71;-0.58;-0.78;4.21;0.61;-1.46
249389.00ms : 0.74;-0.57;-0.78;5.92;0.37;-1.89
249409.00ms : 0.76;-0.60;-0.78;5.98;0.61;-1.89
249429.00ms : 0.74;-0.62;-0.79;4.21;2.32;-1.28
249449.00ms : 0.74;-0.60;-0.79;1.77;3.54;-0.92
249469.00ms : 0.76;-0.59;-0.78;1.77;4.82;-1.10
249489.00ms : 0.77;-0.60;-0.79;2.32;4.03;-0.73
249509.00ms : 0.74;-0.59;-0.81;2.81;3.36;-0.49
249529.00ms : 0.71;-0.61;-0.84;2.38;5.00;-0.12
249549.00ms : 0.71;-0.58;-0.85;1.71;5.13;0.79
249569.00ms : 0.73;-0.59;-0.85;3.30;6.10;0.61
249589.00ms : 0.76;-0.59;-0.84;4.70;3.17;0.18
249609.00ms : 0.75;-0.60;-0.85;5.92;1.16;-0.73
249629.00ms : 0.75;-0.59;-0.84;4.58;-0.12;-0.98
249649.00ms : 0.74;-0.59;-0.83;4.39;-0.43;0.18
249669.00ms : 0.73;-0.60;-0.82;4.27;0.24;0.55
249689.00ms : 0.72;-0.59;-0.82;3.60;0.55;0.43
249709.00ms : 0.72;-0.59;-0.84;4.03;1.10;0.55
249729.00ms : 0.72;-0.60;-0.84;4.52;1.46;0.24
249749.00ms : 0.75;-0.60;-0.84;3.85;2.32;-0.55
249769.00ms : 0.75;-0.58;-0.83;3.78;0.98;0.31
249789.00ms : 0.71;-0.60;-0.85;1.89;-0.24;0.85
249809.00ms : 0.73;-0.61;-0.85;-1.28;0.43;-0.37
249829.00ms : 0.76;-0.60;-0.85;-2.08;-0.12;-1.53
249849.00ms : 0.78;-0.59;-0.86;-0.61;-1.22;-1.71
249869.00ms : 0.76;-0.58;-0.86;0.85;-2.38;-1.04
249889.00ms : 0.70;-0.57;-0.86;0.31;-0.79;-0.18
249909.00ms : 0.69;-0.57;-0.86;-1.77;1.65;-0.18
249929.00ms : 0.72;-0.59;-0.84;-3.42;1.16;-0.73
249949.00ms : 0.76;-0.60;-0.82;-5.49;-1.04;-2.69
249969.00ms : 0.76;-0.58;-0.82;-6.47;-4.58;-2.93
249989.00ms : 0.76;-0.58;-0.85;-5.74;-4.88;-2.81
250009.00ms : 0.75;-0.60;-0.83;-5.68;-4.94;-2.56
250029.00ms : 0.71;-0.61;-0.82;-7.32;-4.76;-1.59
250049.00ms : 0.70;-0.60;-0.82;-9.70;-3.60;-2.50
250069.00ms : 0.72;-0.62;-0.79;-10.56;-3.78;-3.17
250089.00ms : 0.72;-0.63;-0.81;-12.63;-3.66;-3.11
250109.00ms : 0.75;-0.64;-0.82;-13.73;-2.50;-2.14
250129.00ms : 0.77;-0.63;-0.82;-13.61;-3.66;-0.18
250149.00ms : 0.77;-0.63;-0.81;-13.43;-5.19;-0.67
250169.00ms : 0.76;-0.60;-0.80;-12.33;-6.77;-0.92
250189.00ms : 0.71;-0.60;-0.83;-10.80;-6.90;0.67
250209.00ms : 0.71;-0.63;-0.84;-11.84;-5.98;0.37
250229.00ms : 0.71;-0.66;-0.82;-14.77;-5.80;-0.31
250249.00ms : 0.74;-0.63;-0.81;-16.97;-6.41;0.12
250269.00ms : 0.77;-0.62;-0.80;-15.63;-7.51;1.53
250289.00ms : 0.76;-0.63;-0.80;-13.98;-8.85;2.87
250309.00ms : 0.73;-0.62;-0.79;-12.33;-9.89;3.54
250329.00ms : 0.71;-0.64;-0.76;-11.29;-9.58;4.27
250349.00ms : 0.74;-0.65;-0.72;-11.84;-8.48;4.27
250369.00ms : 0.75;-0.64;-0.73;-13.24;-9.34;6.35
250389.00ms : 0.73;-0.63;-0.73;-11.96;-8.12;6.47
250409.00ms : 0.71;-0.62;-0.74;-10.74;-6.41;6.53
250429.00ms : 0.75;-0.62;-0.75;-8.48;-4.76;7.32
250449.00ms : 0.77;-0.63;-0.73;-9.52;-5.07;8.24
250469.00ms : 0.79;-0.63;-0.73;-9.03;-3.85;8.30
250489.00ms : 0.75;-0.62;-0.73;-10.56;-4.64;8.79
250509.00ms : 0.72;-0.61;-0.77;-10.38;-3.42;9.89
250529.00ms : 0.73;-0.62;-0.75;-8.54;-2.87;8.85
250549.00ms : 0.81;-0.62;-0.71;-5.92;-4.09;7.81
250569.00ms : 0.78;-0.63;-0.72;-5.98;-7.63;7.87
250589.00ms : 0.77;-0.61;-0.75;-4.76;-7.45;9.16
250609.00ms : 0.79;-0.57;-0.78;-2.20;-6.96;11.29
250629.00ms : 0.83;-0.58;-0.74;2.44;-7.20;10.86
250649.00ms : 0.80;-0.59;-0.72;3.17;-10.19;8.73
250669.00ms : 0.72;-0.62;-0.74;0.43;-10.56;7.45
250689.00ms : 0.72;-0.59;-0.78;-1.77;-8.30;10.44
250709.00ms : 0.82;-0.61;-0.74;-0.92;-8.00;11.29
250729.00ms : 0.89;-0.63;-0.72;-1.04;-12.15;9.95
250749.00ms : 0.86;-0.61;-0.71;-1.65;-15.87;10.93
250769.00ms : 0.76;-0.60;-0.73;-2.38;-15.32;11.35
250789.00ms : 0.74;-0.60;-0.72;-1.65;-11.90;11.54
250809.00ms : 0.80;-0.61;-0.68;-1.59;-12.21;12.27
250829.00ms : 0.81;-0.58;-0.68;-0.98;-15.50;13.31
250849.00ms : 0.76;-0.58;-0.71;-0.37;-14.47;14.71
250869.00ms : 0.74;-0.59;-0.71;0.98;-12.02;14.40
250889.00ms : 0.77;-0.59;-0.70;1.71;-11.05;15.50
250909.00ms : 0.83;-0.58;-0.70;0.67;-10.93;17.82
250929.00ms : 0.82;-0.55;-0.65;-2.08;-12.08;18.86
250949.00ms : 0.83;-0.55;-0.68;-5.25;-11.54;20.20
250969.00ms : 0.82;-0.55;-0.68;-5.25;-13.06;20.32
250989.00ms : 0.81;-0.53;-0.67;-4.03;-17.15;19.47
251009.00ms : 0.83;-0.50;-0.65;-0.61;-17.33;18.80
251029.00ms : 0.85;-0.50;-0.62;2.81;-14.71;19.41
251049.00ms : 0.83;-0.51;-0.63;1.71;-11.78;17.88
251069.00ms : 0.83;-0.52;-0.66;-1.46;-10.38;18.49
251089.00ms : 0.83;-0.52;-0.63;-3.23;-10.74;18.86
251109.00ms : 0.90;-0.49;-0.62;-5.07;-13.06;18.86
251129.00ms : 0.92;-0.45;-0.63;-5.49;-16.91;17.03
251149.00ms : 0.82;-0.45;-0.62;-2.14;-15.69;13.49
251169.00ms : 0.78;-0.47;-0.65;1.59;-10.19;12.39
251189.00ms : 0.85;-0.47;-0.63;1.59;-7.69;16.85
251209.00ms : 0.95;-0.46;-0.60;-1.40;-10.13;17.09
251229.00ms : 0.92;-0.46;-0.58;-3.48;-13.37;13.18
251249.00ms : 0.85;-0.45;-0.62;-4.09;-12.76;10.25
251269.00ms : 0.80;-0.48;-0.66;-1.83;-11.23;9.77
251289.00ms : 0.80;-0.49;-0.65;-0.73;-10.25;12.45
251309.00ms : 0.89;-0.46;-0.64;0.24;-9.22;16.60
251329.00ms : 0.99;-0.40;-0.61;0.37;-11.66;17.40
251349.00ms : 0.93;-0.43;-0.58;4.09;-14.47;11.90
251369.00ms : 0.82;-0.47;-0.61;5.74;-14.22;7.32
251389.00ms : 0.80;-0.47;-0.59;4.39;-12.57;9.22
251409.00ms : 0.92;-0.43;-0.61;1.59;-11.29;15.14
251429.00ms : 0.97;-0.40;-0.63;2.75;-13.67;17.15
251449.00ms : 0.88;-0.46;-0.59;8.48;-12.21;12.57
251469.00ms : 0.84;-0.49;-0.60;6.53;-12.51;10.19
251489.00ms : 0.87;-0.46;-0.58;0.31;-14.04;14.22
251509.00ms : 0.96;-0.40;-0.59;-2.32;-14.04;19.29
251529.00ms : 1.00;-0.37;-0.61;3.97;-17.27;18.92
251549.00ms : 0.89;-0.47;-0.60;14.40;-17.94;13.55
251569.00ms : 0.81;-0.51;-0.59;13.43;-18.74;14.28
251589.00ms : 0.86;-0.44;-0.53;6.23;-16.24;20.63
251609.00ms : 1.02;-0.37;-0.51;0.79;-15.56;24.41
251629.00ms : 1.05;-0.36;-0.50;2.38;-16.48;20.69
251649.00ms : 0.93;-0.42;-0.50;4.52;-14.04;14.16
251669.00ms : 0.86;-0.42;-0.52;0.12;-12.39;15.63
251689.00ms : 0.86;-0.40;-0.52;-4.82;-11.47;20.08
251709.00ms : 0.93;-0.35;-0.52;-5.49;-11.23;21.97
251729.00ms : 0.97;-0.33;-0.54;-1.46;-12.15;19.84
251749.00ms : 0.96;-0.32;-0.55;2.81;-11.23;18.19
251769.00ms : 0.95;-0.29;-0.54;5.19;-10.68;18.31
251789.00ms : 0.97;-0.28;-0.52;5.43;-12.39;17.64
251809.00ms : 0.98;-0.27;-0.51;7.14;-13.18;15.63
251829.00ms : 0.95;-0.30;-0.54;8.48;-12.51;14.47
251849.00ms : 0.91;-0.36;-0.56;8.79;-12.63;14.16
251869.00ms : 0.90;-0.36;-0.56;6.47;-13.79;15.50
251889.00ms : 0.92;-0.33;-0.54;7.51;-16.17;17.15
251909.00ms : 0.94;-0.31;-0.51;11.90;-15.81;18.19
251929.00ms : 0.95;-0.28;-0.48;15.32;-14.34;15.75
251949.00ms : 0.95;-0.27;-0.49;17.21;-13.67;15.99
251969.00ms : 0.95;-0.30;-0.50;15.87;-12.57;18.55
251989.00ms : 0.98;-0.29;-0.48;13.24;-14.16;21.00
252009.00ms : 1.03;-0.26;-0.46;9.22;-13.43;17.76
252029.00ms : 0.99;-0.25;-0.45;6.47;-12.70;14.10
252049.00ms : 0.94;-0.25;-0.49;3.72;-12.57;15.99
252069.00ms : 0.94;-0.23;-0.49;0.85;-10.74;17.46
252089.00ms : 1.02;-0.21;-0.46;0.24;-11.90;15.75
252109.00ms : 1.01;-0.23;-0.47;2.01;-12.63;13.24
252129.00ms : 0.92;-0.29;-0.49;1.83;-11.29;14.89
252149.00ms : 0.91;-0.26;-0.49;-2.81;-10.86;17.82
252169.00ms : 1.00;-0.18;-0.48;-3.36;-13.00;16.91
252189.00ms : 1.02;-0.18;-0.49;4.46;-15.99;16.30
252209.00ms : 0.93;-0.23;-0.48;12.45;-14.65;18.68
252229.00ms : 0.91;-0.24;-0.44;14.71;-12.51;20.20
252249.00ms : 0.97;-0.18;-0.45;11.29;-13.67;19.17
252269.00ms : 1.00;-0.13;-0.41;12.21;-14.47;18.01
252289.00ms : 1.01;-0.11;-0.38;14.40;-11.66;17.21
252309.00ms : 0.96;-0.15;-0.38;13.31;-7.51;15.20
252329.00ms : 0.96;-0.19;-0.44;5.31;-8.36;14.65
252349.00ms : 1.00;-0.17;-0.39;-2.26;-8.42;12.76
252369.00ms : 1.07;-0.03;-0.39;-6.41;-6.35;9.89
252389.00ms : 1.02;-0.09;-0.36;-1.28;-5.13;7.20
252409.00ms : 0.91;-0.16;-0.37;-3.54;-2.87;6.53
252429.00ms : 0.95;-0.16;-0.44;-9.77;-4.76;3.42
252449.00ms : 1.04;-0.10;-0.42;-10.56;-3.91;0.43
252469.00ms : 1.10;-0.12;-0.46;-3.54;-4.88;5.31
252489.00ms : 0.94;-0.26;-0.43;5.55;-3.91;11.29
252509.00ms : 0.86;-0.27;-0.41;2.62;-2.20;10.62
252529.00ms : 0.94;-0.12;-0.43;-0.24;-4.39;6.23
252549.00ms : 1.04;-0.09;-0.45;7.51;-7.08;7.08
252569.00ms : 1.05;-0.13;-0.47;15.20;-6.77;11.23
252589.00ms : 0.98;-0.18;-0.44;18.25;-7.20;12.51
252609.00ms : 0.92;-0.17;-0.40;15.20;-5.86;12.45
252629.00ms : 0.95;-0.10;-0.35;11.35;-4.15;8.91
252649.00ms : 1.01;-0.05;-0.42;11.29;-5.19;9.70
252669.00ms : 1.02;-0.12;-0.41;15.75;-6.04;11.90
252689.00ms : 0.99;-0.20;-0.38;14.59;-4.21;11.47
252709.00ms : 0.98;-0.14;-0.35;6.47;-0.85;8.73
252729.00ms : 1.02;-0.05;-0.43;3.30;-2.08;8.00
252749.00ms : 1.01;-0.13;-0.41;8.85;-4.15;9.64
252769.00ms : 0.99;-0.13;-0.38;7.87;-1.59;11.29
252789.00ms : 1.02;-0.04;-0.38;6.35;-1.53;8.54
252809.00ms : 1.03;-0.09;-0.42;11.72;-4.03;8.85
252829.00ms : 0.96;-0.17;-0.40;12.76;-2.81;11.47
252849.00ms : 0.99;-0.11;-0.39;6.65;-1.83;9.77
252869.00ms : 1.03;-0.03;-0.41;7.75;-4.27;8.54
252889.00ms : 0.99;-0.08;-0.40;13.43;-2.38;9.77
252909.00ms : 0.99;-0.08;-0.38;10.93;-0.49;9.52
252929.00ms : 0.99;-0.06;-0.40;7.51;-0.79;7.45
252949.00ms : 1.01;-0.07;-0.42;8.91;-1.28;8.42
252969.00ms : 1.01;-0.08;-0.43;10.68;-1.59;9.58
252989.00ms : 0.99;-0.10;-0.40;9.83;-1.04;8.48
253009.00ms : 1.00;-0.08;-0.40;5.74;-0.85;7.75
253029.00ms : 1.00;-0.06;-0.42;3.91;-1.16;7.45
253049.00ms : 1.01;-0.06;-0.40;5.31;-1.16;8.00
253069.00ms : 0.99;-0.02;-0.38;4.70;-0.24;6.65
253089.00ms : 1.00;-0.01;-0.40;3.97;0.92;4.33
253109.00ms : 1.01;-0.05;-0.42;4.52;0.12;5.49
253129.00ms : 1.01;-0.09;-0.42;4.52;0.61;6.35
253149.00ms : 1.00;-0.10;-0.41;1.22;-0.31;4.88
253169.00ms : 1.01;-0.04;-0.43;1.28;-0.43;4.88
253189.00ms : 1.00;-0.03;-0.42;4.58;-0.31;6.29
253209.00ms : 1.01;-0.06;-0.41;5.55;-1.28;6.65
253229.00ms : 1.00;-0.05;-0.41;4.27;-1.46;5.86
253249.00ms : 0.99;-0.04;-0.40;4.46;-0.85;5.86
253269.00ms : 1.00;-0.03;-0.42;5.43;-0.37;5.86
253289.00ms : 1.01;-0.04;-0.41;5.68;-1.40;5.25
253309.00ms : 0.99;-0.02;-0.40;4.39;-0.92;4.88
253329.00ms : 1.01;-0.01;-0.41;4.64;-0.98;4.58
253349.00ms : 1.01;-0.03;-0.41;5.55;-0.61;4.88
253369.00ms : 0.99;-0.06;-0.41;4.82;-0.79;4.15
253389.00ms : 1.00;-0.02;-0.41;2.69;-1.04;3.11
253409.00ms : 1.01;0.00;-0.42;4.64;-1.83;3.72
253429.00ms : 0.99;-0.04;-0.40;5.86;-0.79;4.82
253449.00ms : 1.00;-0.04;-0.40;2.99;-1.22;3.42
253469.00ms : 1.01;-0.02;-0.41;1.28;-1.28;2.75
253489.00ms : 1.01;-0.03;-0.44;1.83;-2.08;3.48
253509.00ms : 0.99;-0.05;-0.41;1.71;-1.04;3.48
253529.00ms : 1.00;-0.02;-0.41;-1.16;-0.79;1.83
253549.00ms : 1.01;0.00;-0.42;-1.10;-1.34;1.53
253569.00ms : 1.01;-0.00;-0.42;0.06;-1.46;2.50
253589.00ms : 0.99;-0.02;-0.40;-0.24;-1.28;1.65
253609.00ms : 0.99;-0.01;-0.39;-2.20;-0.49;-0.18
253629.00ms : 1.00;0.01;-0.41;-3.17;-0.31;-0.43
253649.00ms : 1.01;0.00;-0.42;-2.08;-0.73;-0.37
253669.00ms : 1.01;-0.03;-0.42;0.12;-1.16;-0.92
253689.00ms : 1.00;-0.03;-0.41;0.61;-0.98;-0.55
253709.00ms : 0.99;-0.03;-0.40;-1.34;-0.31;-1.28
253729.00ms : 1.01;0.00;-0.41;-2.56;-0.55;-1.40
253749.00ms : 1.00;0.00;-0.42;0.18;-0.67;-1.46
253769.00ms : 1.00;-0.03;-0.41;2.14;-0.49;-1.10
253789.00ms : 0.99;-0.04;-0.40;0.12;-0.24;-2.08
253809.00ms : 1.01;-0.03;-0.42;-3.05;-1.28;-1.89
253829.00ms : 1.00;-0.01;-0.43;-3.05;-1.77;-1.10
253849.00ms : 0.99;-0.02;-0.40;-1.22;-0.79;-0.85
253869.00ms : 1.00;-0.03;-0.40;-1.34;-1.28;-1.95
253889.00ms : 1.00;-0.03;-0.41;-2.20;-0.67;-3.05
253909.00ms : 1.00;-0.01;-0.41;-2.69;-1.04;-2.08
253929.00ms : 1.00;-0.00;-0.42;-1.46;-0.61;-2.08
253949.00ms : 1.01;-0.04;-0.43;0.18;-1.16;-1.65
253969.00ms : 0.99;-0.07;-0.41;-1.22;-1.10;-1.77
253989.00ms : 1.01;-0.05;-0.42;-3.42;-1.59;-2.08
254009.00ms : 1.00;-0.02;-0.40;-2.56;-1.83;-1.71
254029.00ms : 1.01;-0.01;-0.41;0.98;-1.77;-0.24
254049.00ms : 1.00;-0.05;-0.40;1.46;-1.71;0.06
254069.00ms : 1.00;-0.06;-0.41;-1.10;-2.44;-0.18
254089.00ms : 0.99;-0.04;-0.41;-2.81;-2.62;-0.92
254109.00ms : 0.99;-0.01;-0.40;-2.81;-1.34;-1.34
254129.00ms : 1.01;-0.00;-0.41;-0.73;-1.77;-1.40
254149.00ms : 1.00;-0.01;-0.40;-0.24;-0.92;-1.10
254169.00ms : 1.00;-0.03;-0.41;-0.61;-1.40;-2.01
254189.00ms : 0.99;-0.04;-0.40;-0.31;-1.04;-2.38
254209.00ms : 1.00;-0.04;-0.40;-0.79;-0.31;-3.05
254229.00ms : 1.00;-0.02;-0.40;-1.04;-0.31;-3.23
254249.00ms : 1.01;-0.03;-0.42;0.37;-0.61;-2.14
254269.00ms : 1.00;-0.05;-0.41;1.71;-0.61;-1.04
254289.00ms : 1.00;-0.06;-0.40;0.31;-0.24;-2.99
254309.00ms : 1.01;-0.05;-0.42;-0.98;-0.92;-3.36
254329.00ms : 1.01;-0.03;-0.43;-0.37;-0.92;-1.65
254349.00ms : 1.00;-0.04;-0.41;0.73;-1.46;-1.10
254369.00ms : 0.99;-0.06;-0.39;-0.61;-0.31;-2.32
254389.00ms : 1.00;-0.03;-0.41;-4.52;-0.06;-4.09
254409.00ms : 1.01;-0.01;-0.43;-4.39;-0.79;-3.91
254429.00ms : 1.00;-0.02;-0.41;-1.46;-0.37;-3.23
254449.00ms : 0.99;-0.04;-0.40;-1.28;-0.18;-4.82
254469.00ms : 0.99;-0.04;-0.40;-3.78;0.55;-6.65
254489.00ms : 1.02;-0.03;-0.43;-3.78;-0.31;-5.80
254509.00ms : 1.00;-0.05;-0.41;-1.65;0.43;-5.62
254529.00ms : 1.00;-0.05;-0.41;-2.32;0.18;-6.90
254549.00ms : 1.00;-0.04;-0.41;-3.91;0.18;-8.61
254569.00ms : 1.01;-0.05;-0.43;-2.93;-0.61;-7.02
254589.00ms : 0.99;-0.07;-0.41;-1.89;-0.18;-6.35
254609.00ms : 1.01;-0.07;-0.40;-2.93;-0.55;-7.69
254629.00ms : 1.01;-0.05;-0.43;-3.60;-0.85;-8.06
254649.00ms : 1.01;-0.08;-0.42;0.92;-1.89;-5.25
254669.00ms : 0.99;-0.13;-0.39;1.77;-0.31;-4.09
254689.00ms : 1.00;-0.09;-0.38;-3.05;-0.24;-6.04
254709.00ms : 1.01;-0.03;-0.40;-5.86;-0.85;-6.53
254729.00ms : 1.00;-0.03;-0.41;-4.21;-0.12;-6.71
254749.00ms : 0.99;-0.04;-0.41;-2.50;0.79;-8.12
254769.00ms : 0.99;-0.06;-0.44;-1.46;0.31;-8.48
254789.00ms : 1.00;-0.11;-0.42;-0.79;0.00;-8.18
254809.00ms : 1.00;-0.11;-0.39;-3.66;0.61;-8.36
254829.00ms : 1.00;-0.07;-0.40;-7.39;1.16;-9.77
254849.00ms : 1.00;-0.06;-0.42;-6.71;0.67;-10.86
254869.00ms : 0.98;-0.06;-0.41;-4.76;1.53;-11.35
254889.00ms : 1.00;-0.06;-0.39;-3.48;2.20;-11.66
254909.00ms : 1.00;-0.07;-0.37;-5.31;3.72;-14.59
254929.00ms : 0.99;-0.04;-0.38;-8.18;4.70;-16.91
254949.00ms : 1.01;-0.06;-0.43;-6.23;4.39;-16.17
254969.00ms : 0.98;-0.11;-0.40;-4.52;5.25;-16.66
254989.00ms : 1.00;-0.13;-0.41;-7.20;5.49;-18.43
255009.00ms : 1.00;-0.13;-0.43;-9.03;6.29;-19.41
255029.00ms : 0.98;-0.15;-0.43;-9.09;6.90;-18.98
255049.00ms : 1.00;-0.14;-0.43;-10.07;7.69;-18.55
255069.00ms : 1.00;-0.17;-0.44;-8.54;6.29;-17.58
255089.00ms : 0.97;-0.19;-0.40;-6.35;7.26;-17.52
255109.00ms : 0.99;-0.12;-0.44;-7.32;8.91;-17.46
255129.00ms : 0.99;-0.18;-0.47;-1.95;8.36;-14.22
255149.00ms : 0.91;-0.30;-0.45;0.24;9.40;-10.07
255169.00ms : 0.92;-0.24;-0.40;-9.40;10.50;-12.70
255189.00ms : 1.00;-0.10;-0.43;-17.70;9.58;-18.19
255209.00ms : 1.04;-0.08;-0.47;-14.71;8.67;-18.37
255229.00ms : 0.99;-0.13;-0.44;-7.51;11.35;-16.11
255249.00ms : 1.01;-0.16;-0.43;-7.39;13.49;-18.80
255269.00ms : 1.00;-0.18;-0.43;-9.58;13.12;-22.09
255289.00ms : 0.98;-0.18;-0.44;-11.96;13.85;-23.19
255309.00ms : 0.98;-0.21;-0.50;-10.25;13.43;-22.95
255329.00ms : 0.93;-0.29;-0.51;-5.31;11.60;-20.32
255349.00ms : 0.91;-0.28;-0.47;-5.19;13.06;-17.76
255369.00ms : 0.99;-0.22;-0.52;-8.06;13.55;-20.75
255389.00ms : 0.97;-0.26;-0.51;-3.42;12.15;-20.26
255409.00ms : 0.91;-0.30;-0.49;-3.48;14.95;-16.78
255429.00ms : 0.95;-0.28;-0.49;-5.37;14.83;-16.24
255449.00ms : 0.98;-0.22;-0.48;-6.53;13.92;-18.01
255469.00ms : 1.00;-0.22;-0.52;-3.66;13.67;-19.17
255489.00ms : 0.93;-0.27;-0.50;2.14;11.78;-17.94
255509.00ms : 0.89;-0.32;-0.53;5.25;14.10;-16.24
255529.00ms : 0.91;-0.30;-0.51;5.25;13.73;-16.05
255549.00ms : 0.96;-0.26;-0.52;3.30;12.82;-15.81
255569.00ms : 0.98;-0.24;-0.51;5.49;13.24;-17.58
255589.00ms : 0.99;-0.30;-0.52;8.48;13.67;-18.37
255609.00ms : 0.93;-0.34;-0.53;7.45;14.77;-19.90
255629.00ms : 0.92;-0.32;-0.53;2.08;17.46;-22.16
255649.00ms : 0.94;-0.36;-0.60;-0.85;17.21;-21.06
255669.00ms : 0.85;-0.41;-0.64;-1.89;16.78;-21.12
255689.00ms : 0.88;-0.36;-0.58;-4.64;15.56;-20.02
255709.00ms : 1.06;-0.28;-0.58;-6.10;13.79;-19.90
255729.00ms : 1.06;-0.26;-0.63;-1.22;9.16;-23.62
255749.00ms : 0.83;-0.41;-0.60;6.71;12.94;-29.72
255769.00ms : 0.80;-0.46;-0.60;4.70;17.46;-27.10
255789.00ms : 1.00;-0.38;-0.53;-5.86;14.34;-20.14
255809.00ms : 1.15;-0.34;-0.58;-8.30;9.28;-20.08
255829.00ms : 0.91;-0.40;-0.57;-1.71;9.22;-30.27
255849.00ms : 0.73;-0.52;-0.60;1.71;16.97;-32.71
255869.00ms : 0.80;-0.51;-0.59;-6.65;16.48;-25.33
255889.00ms : 1.03;-0.41;-0.59;-12.33;12.02;-18.37
255909.00ms : 1.01;-0.40;-0.63;-7.39;6.23;-19.71
255929.00ms : 0.80;-0.51;-0.60;2.69;10.93;-29.11
255949.00ms : 0.79;-0.56;-0.63;0.43;13.49;-31.98
255969.00ms : 0.76;-0.55;-0.61;-9.46;10.31;-25.63
255989.00ms : 0.80;-0.51;-0.64;-14.40;12.70;-17.76
256009.00ms : 0.88;-0.47;-0.64;-10.25;15.99;-17.58
256029.00ms : 0.88;-0.51;-0.67;-7.57;13.98;-19.04
256049.00ms : 0.86;-0.52;-0.64;-10.25;13.31;-20.57
256069.00ms : 0.88;-0.49;-0.64;-11.78;11.35;-19.04
256089.00ms : 0.86;-0.48;-0.65;-9.16;11.47;-19.65
256109.00ms : 0.84;-0.50;-0.65;-4.82;13.55;-19.96
256129.00ms : 0.82;-0.53;-0.68;-4.52;13.12;-18.37
256149.00ms : 0.84;-0.54;-0.70;-5.19;10.93;-15.20
256169.00ms : 0.85;-0.54;-0.67;-5.00;9.77;-16.78
256189.00ms : 0.90;-0.51;-0.60;-5.19;10.62;-19.10
256209.00ms : 0.94;-0.54;-0.63;-7.45;8.97;-17.52
256229.00ms : 0.84;-0.57;-0.67;-9.95;6.59;-17.94
256249.00ms : 0.77;-0.56;-0.70;-8.73;7.51;-16.36
256269.00ms : 0.85;-0.56;-0.68;-4.82;10.31;-14.47
256289.00ms : 0.90;-0.57;-0.64;-3.97;7.75;-14.47
256309.00ms : 0.82;-0.58;-0.69;-4.88;4.33;-14.95
256329.00ms : 0.72;-0.57;-0.74;-3.30;3.23;-11.72
256349.00ms : 0.82;-0.57;-0.69;2.69;5.98;-10.38
256369.00ms : 0.92;-0.55;-0.62;4.64;2.01;-9.89
256389.00ms : 0.85;-0.61;-0.61;0.98;-2.44;-11.35
256409.00ms : 0.75;-0.60;-0.65;-3.60;-0.55;-11.23
256429.00ms : 0.74;-0.58;-0.63;-3.48;2.50;-9.22
256449.00ms : 0.78;-0.58;-0.61;-0.24;8.54;-10.74
256469.00ms : 0.77;-0.65;-0.60;-1.28;15.50;-7.87
256489.00ms : 0.77;-0.63;-0.63;-7.45;18.43;-3.60
256509.00ms : 0.73;-0.60;-0.72;-10.44;15.93;-1.83
256529.00ms : 0.80;-0.55;-0.73;-4.88;16.54;-6.47
256549.00ms : 0.85;-0.56;-0.72;0.31;12.39;-9.46
256569.00ms : 0.79;-0.60;-0.73;0.31;10.68;-10.19
256589.00ms : 0.74;-0.62;-0.75;-1.04;13.06;-5.86
256609.00ms : 0.79;-0.57;-0.73;-2.32;11.47;-6.59
256629.00ms : 0.84;-0.57;-0.75;2.26;7.20;-9.70
256649.00ms : 0.81;-0.58;-0.68;4.33;4.03;-13.06
256669.00ms : 0.72;-0.57;-0.68;1.10;4.76;-11.47
256689.00ms : 0.66;-0.62;-0.71;1.04;10.62;-8.18
256709.00ms : 0.72;-0.65;-0.69;3.72;14.28;-9.22
256729.00ms : 0.80;-0.67;-0.68;3.66;12.45;-12.33
256749.00ms : 0.85;-0.65;-0.71;4.21;7.39;-12.82
256769.00ms : 0.74;-0.61;-0.79;5.80;3.05;-10.07
256789.00ms : 0.69;-0.61;-0.82;9.89;6.84;-8.00
256809.00ms : 0.73;-0.61;-0.81;11.96;10.56;-6.65
256829.00ms : 0.80;-0.65;-0.79;12.63;9.52;-4.94
256849.00ms : 0.79;-0.70;-0.76;10.13;4.09;-4.70
256869.00ms : 0.74;-0.67;-0.76;8.30;-0.73;-4.94
256889.00ms : 0.74;-0.64;-0.76;11.90;-1.34;-6.84
256909.00ms : 0.77;-0.63;-0.75;15.26;-0.49;-6.16
256929.00ms : 0.74;-0.67;-0.71;14.16;1.65;-4.09
256949.00ms : 0.72;-0.70;-0.69;8.79;3.78;-1.28
256969.00ms : 0.70;-0.70;-0.70;4.27;5.98;-0.73
256989.00ms : 0.72;-0.69;-0.74;2.81;7.20;0.24
257009.00ms : 0.72;-0.65;-0.77;2.32;9.34;2.38
257029.00ms : 0.74;-0.67;-0.75;1.95;10.56;4.39
257049.00ms : 0.71;-0.66;-0.76;0.92;10.44;4.82
257069.00ms : 0.69;-0.65;-0.79;-0.37;9.89;4.82
257089.00ms : 0.70;-0.62;-0.84;0.85;9.40;4.52
257109.00ms : 0.71;-0.58;-0.84;2.56;9.09;4.58
257129.00ms : 0.76;-0.60;-0.81;3.66;8.54;4.46
257149.00ms : 0.75;-0.62;-0.82;4.15;6.59;5.13
257169.00ms : 0.75;-0.61;-0.81;3.97;4.58;4.15
257189.00ms : 0.75;-0.61;-0.82;4.03;3.05;4.03
257209.00ms : 0.76;-0.60;-0.80;3.30;2.08;3.36
257229.00ms : 0.73;-0.60;-0.80;3.78;0.06;3.17
257249.00ms : 0.70;-0.57;-0.80;3.23;1.59;1.59
257269.00ms : 0.73;-0.58;-0.82;3.48;4.15;2.99
257289.00ms : 0.75;-0.59;-0.79;3.23;5.74;3.97
257309.00ms : 0.73;-0.59;-0.81;3.91;4.88;3.42
257329.00ms : 0.73;-0.59;-0.83;4.76;3.36;2.99
257349.00ms : 0.72;-0.58;-0.83;5.49;2.44;1.28
257369.00ms : 0.73;-0.60;-0.81;5.62;1.95;-0.06
257389.00ms : 0.76;-0.61;-0.82;3.91;1.04;-0.43
257409.00ms : 0.74;-0.60;-0.83;3.48;0.00;-0.24
257429.00ms : 0.73;-0.59;-0.84;4.70;0.31;-0.67
257449.00ms : 0.72;-0.59;-0.85;6.41;0.31;-0.18
257469.00ms : 0.72;-0.59;-0.83;7.93;-0.24;0.43
257489.00ms : 0.72;-0.61;-0.81;6.90;-0.06;-0.18
257509.00ms : 0.74;-0.63;-0.81;4.33;-0.12;-0.55
257529.00ms : 0.73;-0.61;-0.82;3.48;-0.24;-0.79
257549.00ms : 0.74;-0.61;-0.83;3.60;0.12;-0.92
257569.00ms : 0.72;-0.59;-0.83;4.39;-0.67;0.18
257589.00ms : 0.72;-0.61;-0.81;3.72;-0.55;-0.85
257609.00ms : 0.72;-0.62;-0.81;1.59;-0.43;-1.40
257629.00ms : 0.72;-0.60;-0.82;0.98;0.67;-1.28
257649.00ms : 0.74;-0.61;-0.82;0.18;1.77;-0.85
257669.00ms : 0.71;-0.60;-0.79;-1.16;2.08;-0.92
257689.00ms : 0.71;-0.60;-0.80;-2.56;2.81;-1.77
257709.00ms : 0.74;-0.61;-0.84;-2.93;3.17;-2.56
257729.00ms : 0.75;-0.60;-0.87;-2.44;2.32;-1.83
257749.00ms : 0.75;-0.59;-0.88;-1.65;1.34;-1.46
257769.00ms : 0.74;-0.58;-0.88;-0.73;-0.92;-0.85
257789.00ms : 0.72;-0.59;-0.89;0.18;-3.60;-1.89
257809.00ms : 0.70;-0.58;-0.85;0.37;-5.13;-3.05
257829.00ms : 0.70;-0.60;-0.83;-0.98;-5.37;-3.85
257849.00ms : 0.71;-0.59;-0.82;-0.37;-4.33;-2.69
257869.00ms : 0.67;-0.60;-0.83;-0.49;-2.32;-2.14
257889.00ms : 0.66;-0.61;-0.78;-3.11;-0.37;-2.44
257909.00ms : 0.70;-0.64;-0.77;-7.02;2.32;-4.52
257929.00ms : 0.80;-0.67;-0.81;-9.95;0.55;-4.88
257949.00ms : 0.84;-0.68;-0.85;-10.68;-1.40;-4.27
257969.00ms : 0.81;-0.64;-0.87;-10.86;-5.62;-1.65
257989.00ms : 0.69;-0.60;-0.88;-8.54;-7.39;0.92
258009.00ms : 0.63;-0.63;-0.86;-9.16;-6.04;0.85
258029.00ms : 0.66;-0.64;-0.85;-11.90;-5.31;-0.73
258049.00ms : 0.73;-0.66;-0.84;-13.18;-7.57;-0.37
258069.00ms : 0.75;-0.65;-0.84;-14.04;-8.48;-0.67
258089.00ms : 0.76;-0.64;-0.83;-13.00;-8.67;1.71
258109.00ms : 0.75;-0.68;-0.80;-12.45;-7.57;4.64
258129.00ms : 0.73;-0.69;-0.79;-13.92;-6.84;8.42
258149.00ms : 0.69;-0.64;-0.79;-16.60;-3.17;11.96
258169.00ms : 0.68;-0.64;-0.80;-21.12;-0.06;15.26
258189.00ms : 0.72;-0.66;-0.78;-22.09;2.44;13.92
258209.00ms : 0.74;-0.69;-0.77;-22.95;1.04;13.49
258229.00ms : 0.79;-0.64;-0.77;-21.97;-0.61;12.39
258249.00ms : 0.85;-0.69;-0.78;-17.58;-6.23;10.13
258269.00ms : 0.81;-0.59;-0.79;-14.65;-17.03;10.80
258289.00ms : 0.70;-0.61;-0.82;-8.00;-18.55;11.96
258309.00ms : 0.65;-0.62;-0.79;-3.91;-11.11;13.37
258329.00ms : 0.69;-0.64;-0.75;-2.69;-4.88;14.22
258349.00ms : 0.77;-0.67;-0.74;-5.19;-3.91;14.28
258369.00ms : 0.78;-0.65;-0.75;-8.18;-8.18;15.44
258389.00ms : 0.74;-0.62;-0.72;-7.93;-8.42;15.44
258409.00ms : 0.72;-0.59;-0.72;-6.53;-6.10;17.09
258429.00ms : 0.77;-0.63;-0.72;-5.80;-4.15;19.17
258449.00ms : 0.85;-0.61;-0.71;-6.16;-7.57;20.94
258469.00ms : 0.85;-0.61;-0.71;-6.23;-13.85;20.08
258489.00ms : 0.80;-0.58;-0.73;-6.53;-15.32;18.13
258509.00ms : 0.77;-0.55;-0.75;-4.03;-15.50;20.08
258529.00ms : 0.73;-0.57;-0.77;1.10;-13.85;21.12
258549.00ms : 0.76;-0.56;-0.76;5.86;-11.72;23.38
258569.00ms : 0.82;-0.57;-0.72;6.10;-12.45;24.35
258589.00ms : 0.85;-0.56;-0.73;3.36;-16.24;26.73
258609.00ms : 0.80;-0.57;-0.74;0.98;-20.14;25.63
258629.00ms : 0.79;-0.56;-0.73;0.31;-19.90;24.84
258649.00ms : 0.82;-0.51;-0.71;-0.61;-19.47;27.10
258669.00ms : 0.85;-0.51;-0.70;0.18;-20.45;29.85
258689.00ms : 0.85;-0.51;-0.70;2.50;-21.97;30.09
258709.00ms : 0.85;-0.49;-0.69;4.76;-24.72;28.32
258729.00ms : 0.87;-0.49;-0.66;6.71;-25.82;26.37
258749.00ms : 0.89;-0.47;-0.63;6.41;-24.66;27.71
258769.00ms : 0.85;-0.47;-0.62;6.59;-22.52;29.72
258789.00ms : 0.82;-0.49;-0.63;7.02;-20.45;27.40
258809.00ms : 0.83;-0.50;-0.64;6.29;-22.03;26.31
258829.00ms : 0.86;-0.47;-0.64;4.46;-25.27;27.53
258849.00ms : 0.86;-0.44;-0.64;3.17;-25.88;30.09
258869.00ms : 0.85;-0.45;-0.57;4.94;-20.45;29.17
258889.00ms : 0.97;-0.45;-0.58;2.26;-18.01;23.07
258909.00ms : 0.98;-0.40;-0.58;1.10;-25.76;16.91
258929.00ms : 0.83;-0.42;-0.58;1.10;-25.21;21.91
258949.00ms : 0.87;-0.43;-0.59;-0.31;-15.38;24.90
258969.00ms : 0.99;-0.37;-0.58;-4.39;-16.05;27.16
258989.00ms : 0.96;-0.34;-0.56;-4.70;-20.32;25.76
259009.00ms : 0.89;-0.36;-0.57;-2.01;-18.31;22.28
259029.00ms : 0.85;-0.40;-0.64;0.43;-17.27;25.09
259049.00ms : 0.81;-0.42;-0.64;3.66;-18.37;30.46
259069.00ms : 0.84;-0.39;-0.62;6.35;-20.45;32.35
259089.00ms : 0.93;-0.31;-0.58;8.18;-22.03;30.64
259109.00ms : 1.05;-0.27;-0.54;10.31;-21.06;26.92
259129.00ms : 1.02;-0.24;-0.52;12.08;-19.84;26.00
259149.00ms : 0.95;-0.31;-0.53;12.76;-16.42;26.43
259169.00ms : 0.94;-0.37;-0.49;8.18;-15.69;27.95
259189.00ms : 0.97;-0.36;-0.49;-0.92;-21.18;27.65
259209.00ms : 0.96;-0.30;-0.50;-3.97;-21.61;25.51
259229.00ms : 0.95;-0.28;-0.54;0.24;-20.63;27.28
259249.00ms : 0.94;-0.22;-0.53;6.35;-18.74;27.83
259269.00ms : 0.93;-0.18;-0.50;12.15;-16.66;24.60
259289.00ms : 0.94;-0.20;-0.52;14.28;-14.59;23.07
259309.00ms : 0.93;-0.25;-0.53;13.61;-13.37;26.98
259329.00ms : 0.92;-0.22;-0.48;9.22;-13.06;29.60
259349.00ms : 0.97;-0.12;-0.50;3.23;-13.55;26.31
259369.00ms : 1.03;-0.05;-0.51;7.63;-16.48;21.79
259389.00ms : 0.98;-0.15;-0.49;20.63;-16.30;21.97
259409.00ms : 0.90;-0.23;-0.49;24.48;-12.76;24.84
259429.00ms : 0.95;-0.20;-0.50;20.08;-12.39;23.62
259449.00ms : 0.99;-0.18;-0.52;19.23;-16.17;21.55
259469.00ms : 0.98;-0.19;-0.52;22.83;-17.76;23.93
259489.00ms : 0.95;-0.19;-0.42;25.09;-14.77;26.49
259509.00ms : 0.99;-0.12;-0.41;17.88;-10.19;24.17
259529.00ms : 1.05;-0.13;-0.48;13.61;-12.08;20.63
259549.00ms : 0.96;-0.20;-0.42;14.04;-11.90;23.25
259569.00ms : 0.95;-0.15;-0.38;6.77;-7.81;25.33
259589.00ms : 1.04;-0.04;-0.37;-0.67;-5.98;20.14
259609.00ms : 1.06;0.00;-0.46;-0.49;-8.12;16.48
259629.00ms : 0.98;-0.09;-0.47;5.68;-8.00;17.70
259649.00ms : 0.99;-0.09;-0.47;2.87;-6.59;17.64
259669.00ms : 1.09;0.01;-0.42;-2.56;-10.80;14.77
259689.00ms : 1.05;0.02;-0.49;0.00;-16.72;19.84
259709.00ms : 0.93;-0.10;-0.48;7.45;-13.24;22.34
259729.00ms : 0.95;-0.14;-0.46;10.13;-11.72;21.91
259749.00ms : 1.03;-0.05;-0.39;12.82;-13.67;18.31
259769.00ms : 1.04;-0.02;-0.35;13.37;-11.47;16.60
259789.00ms : 1.04;-0.00;-0.41;12.39;-9.70;16.60
259809.00ms : 0.97;-0.07;-0.42;14.83;-9.89;16.91
259829.00ms : 0.96;-0.07;-0.43;11.72;-8.12;17.03
259849.00ms : 1.01;-0.01;-0.40;10.62;-8.48;13.73
259869.00ms : 1.01;0.03;-0.41;12.57;-7.20;11.72
259889.00ms : 0.99;-0.01;-0.43;14.83;-5.25;12.21
259909.00ms : 0.99;-0.06;-0.42;15.01;-5.74;12.33
259929.00ms : 1.01;-0.07;-0.40;11.41;-6.47;12.51
259949.00ms : 1.00;-0.02;-0.38;6.84;-6.29;11.60
259969.00ms : 0.99;0.04;-0.37;3.72;-4.33;11.23
259989.00ms : 0.99;0.07;-0.36;4.09;-5.43;11.35
260009.00ms : 0.98;0.07;-0.37;6.35;-2.81;9.03
260029.00ms : 1.00;0.07;-0.38;7.08;-2.08;6.84
260049.00ms : 0.99;0.07;-0.39;7.63;-2.26;6.29
260069.00ms : 0.99;0.07;-0.39;8.73;-2.38;6.35
260089.00ms : 0.99;0.03;-0.39;11.11;-1.83;4.94
260109.00ms : 0.98;0.00;-0.38;10.31;-0.06;2.50
260129.00ms : 1.02;0.03;-0.42;10.62;-1.53;2.56
260149.00ms : 1.00;0.01;-0.42;13.92;-1.53;5.80
260169.00ms : 0.98;-0.03;-0.38;13.67;-0.67;4.70
260189.00ms : 1.00;0.00;-0.39;7.39;0.00;1.65
260209.00ms : 1.02;0.03;-0.41;5.68;-1.77;1.83
260229.00ms : 1.00;0.01;-0.39;6.77;-1.65;4.21
260249.00ms : 0.98;-0.01;-0.39;4.03;-1.10;2.44
260269.00ms : 1.00;0.05;-0.40;0.31;-0.67;0.43
260289.00ms : 1.01;0.06;-0.41;2.14;-0.61;0.73
260309.00ms : 0.99;0.00;-0.38;3.30;-0.37;2.14
260329.00ms : 0.99;0.04;-0.38;2.75;0.18;0.67
260349.00ms : 1.00;0.05;-0.40;4.94;0.43;-0.49
260369.00ms : 1.01;0.02;-0.41;6.77;0.06;-0.12
260389.00ms : 1.00;-0.02;-0.41;6.04;0.37;0.18
260409.00ms : 1.00;0.00;-0.41;4.15;-0.37;0.55
260429.00ms : 0.98;0.00;-0.40;2.75;0.55;-0.06
260449.00ms : 1.01;0.01;-0.41;1.16;0.55;0.18
260469.00ms : 1.00;0.00;-0.42;0.67;0.43;-0.18
260489.00ms : 1.01;-0.02;-0.41;-0.06;-0.18;0.37
260509.00ms : 1.01;-0.00;-0.41;-0.79;-1.59;1.53
260529.00ms : 0.98;0.01;-0.41;-2.01;-0.98;0.98
260549.00ms : 1.00;0.07;-0.40;-3.48;-0.61;-0.79
260569.00ms : 1.01;0.05;-0.42;-0.06;-0.98;-0.06
260589.00ms : 1.01;-0.00;-0.40;1.77;-0.98;1.53
260609.00ms : 0.98;-0.00;-0.39;-0.31;-0.98;-0.06
260629.00ms : 0.99;0.04;-0.40;-3.30;-0.12;-1.40
260649.00ms : 1.01;0.10;-0.41;-2.62;-0.31;-1.71
260669.00ms : 1.00;0.05;-0.41;1.89;-0.92;-0.85
260689.00ms : 1.00;0.00;-0.39;2.62;0.12;-0.31
260709.00ms : 1.00;0.01;-0.40;-0.55;-0.37;-2.20
260729.00ms : 1.00;0.04;-0.41;-1.77;0.24;-2.93
260749.00ms : 1.02;0.05;-0.41;0.85;-0.98;-2.20
260769.00ms : 0.99;0.00;-0.41;3.30;-0.24;-1.22
260789.00ms : 1.01;-0.00;-0.42;2.69;-1.04;-1.95
260809.00ms : 1.00;-0.02;-0.42;1.95;-0.85;-1.95
260829.00ms : 1.00;0.00;-0.41;-0.37;-0.43;-1.65
260849.00ms : 1.00;0.01;-0.41;-0.43;-1.16;-1.53
260869.00ms : 1.01;0.03;-0.41;1.83;-0.85;-1.16
260889.00ms : 1.00;-0.00;-0.41;3.60;-1.04;-0.85
260909.00ms : 0.99;-0.01;-0.39;1.16;-0.49;-1.10
260929.00ms : 1.01;0.04;-0.42;-0.67;-1.46;-2.44
260949.00ms : 1.00;0.03;-0.42;2.26;-1.22;-1.34
260969.00ms : 1.00;0.01;-0.40;2.50;-0.49;-1.28
260989.00ms : 1.00;0.00;-0.41;1.34;-1.10;-2.20
261009.00ms : 0.99;-0.01;-0.40;0.18;-0.61;-2.26
261029.00ms : 1.01;0.03;-0.42;-0.85;-0.49;-2.50
261049.00ms : 1.00;0.01;-0.42;0.92;-1.16;-1.95
261069.00ms : 1.00;-0.02;-0.40;1.59;-0.61;-1.40
261089.00ms : 0.99;-0.02;-0.41;-0.79;-0.98;-2.62
261109.00ms : 1.00;0.03;-0.41;-2.99;-0.43;-2.56
261129.00ms : 1.01;0.03;-0.42;-0.24;-1.28;-2.01
261149.00ms : 1.00;-0.02;-0.40;1.22;-0.92;-1.10
261169.00ms : 0.99;-0.01;-0.41;-1.16;-0.85;-2.87
261189.00ms : 1.00;0.03;-0.40;-2.62;-0.67;-3.66
261209.00ms : 1.00;0.05;-0.41;-2.08;0.06;-3.54
261229.00ms : 1.01;0.01;-0.41;-0.67;-0.12;-3.11
261249.00ms : 0.99;-0.02;-0.40;-1.83;0.31;-4.09
261269.00ms : 1.00;0.00;-0.40;-5.00;-0.12;-5.55
261289.00ms : 0.99;0.04;-0.40;-6.47;0.06;-6.41
261309.00ms : 1.01;0.03;-0.41;-3.60;0.12;-5.25
261329.00ms : 1.00;-0.00;-0.40;-1.65;0.18;-6.04
261349.00ms : 1.01;-0.01;-0.41;-1.77;-0.18;-6.41
261369.00ms : 1.01;-0.01;-0.42;-1.28;-1.22;-6.04
261389.00ms : 1.00;-0.04;-0.41;-1.40;-0.31;-5.49
261409.00ms : 1.00;-0.02;-0.41;-2.81;-0.12;-5.98
261429.00ms : 1.01;-0.02;-0.42;-3.05;-0.92;-6.04
261449.00ms : 0.99;-0.04;-0.40;-3.97;-0.43;-5.80
261469.00ms : 0.99;-0.03;-0.40;-5.80;-0.18;-6.16
261489.00ms : 1.00;-0.03;-0.42;-6.23;-0.43;-6.77
261509.00ms : 1.00;-0.03;-0.42;-5.98;-1.04;-6.29
261529.00ms : 1.00;-0.03;-0.41;-5.55;-0.18;-5.55
261549.00ms : 0.99;-0.02;-0.40;-5.49;-0.43;-7.08
261569.00ms : 0.99;-0.01;-0.39;-6.47;0.79;-8.00
261589.00ms : 0.99;0.01;-0.39;-9.34;1.28;-9.64
261609.00ms : 1.00;0.03;-0.40;-9.22;1.83;-10.74
261629.00ms : 1.00;-0.00;-0.40;-7.63;2.14;-11.78
261649.00ms : 0.98;-0.04;-0.39;-8.18;3.48;-13.12
261669.00ms : 0.99;-0.04;-0.40;-11.35;4.58;-15.08
261689.00ms : 1.00;-0.05;-0.42;-13.12;4.03;-15.69
261709.00ms : 1.00;-0.08;-0.41;-13.79;4.39;-15.26
261729.00ms : 0.98;-0.05;-0.39;-15.56;6.35;-17.27
261749.00ms : 0.99;-0.03;-0.39;-15.08;6.77;-17.88
261769.00ms : 0.99;-0.06;-0.41;-15.93;7.32;-19.17
261789.00ms : 0.98;-0.05;-0.38;-18.49;7.93;-21.18
261809.00ms : 0.98;-0.00;-0.39;-21.00;10.25;-23.62
261829.00ms : 0.99;-0.04;-0.41;-20.14;11.72;-25.27
261849.00ms : 0.97;-0.08;-0.43;-22.77;14.04;-25.02
261869.00ms : 1.00;-0.11;-0.43;-24.05;12.94;-25.39
261889.00ms : 1.00;-0.10;-0.45;-23.62;11.11;-27.16
261909.00ms : 1.00;-0.11;-0.47;-15.87;11.54;-26.25
261929.00ms : 0.98;-0.17;-0.49;-8.73;11.05;-23.19
261949.00ms : 0.95;-0.20;-0.45;-5.86;11.11;-23.13
261969.00ms : 0.99;-0.15;-0.43;-9.03;12.21;-25.39
261989.00ms : 1.03;-0.11;-0.45;-10.01;10.80;-25.15
262009.00ms : 0.99;-0.13;-0.46;-5.49;12.02;-22.46
262029.00ms : 0.96;-0.21;-0.47;-2.50;13.55;-20.81
262049.00ms : 0.94;-0.24;-0.42;-4.82;16.48;-22.58
262069.00ms : 1.00;-0.21;-0.48;-12.33;17.40;-24.05
262089.00ms : 1.02;-0.21;-0.50;-15.44;17.52;-21.79
262109.00ms : 0.97;-0.25;-0.49;-15.14;16.78;-17.70
262129.00ms : 0.97;-0.24;-0.51;-12.51;16.78;-19.78
262149.00ms : 0.96;-0.25;-0.52;-8.12;11.78;-21.67
262169.00ms : 0.94;-0.23;-0.53;-4.76;13.31;-19.96
262189.00ms : 0.97;-0.27;-0.56;0.98;14.04;-16.05
262209.00ms : 0.96;-0.28;-0.51;3.66;14.59;-14.10
262229.00ms : 0.99;-0.26;-0.48;-0.18;12.88;-17.33
262249.00ms : 1.03;-0.26;-0.51;-3.85;12.70;-20.26
262269.00ms : 0.93;-0.29;-0.52;-4.33;13.31;-21.42
262289.00ms : 0.89;-0.32;-0.56;-6.35;14.53;-20.14
262309.00ms : 0.93;-0.30;-0.54;-7.51;14.22;-18.25
262329.00ms : 1.03;-0.25;-0.54;-12.08;12.88;-17.82
262349.00ms : 1.05;-0.24;-0.52;-10.01;13.12;-20.32
262369.00ms : 0.95;-0.30;-0.52;-7.39;16.72;-25.09
262389.00ms : 0.87;-0.38;-0.60;-8.73;16.36;-26.25
262409.00ms : 0.85;-0.38;-0.60;-12.15;14.47;-22.95
262429.00ms : 0.98;-0.32;-0.55;-16.05;11.41;-19.04
262449.00ms : 1.04;-0.30;-0.57;-14.28;11.41;-21.79
262469.00ms : 0.91;-0.32;-0.60;-10.62;14.28;-26.79
262489.00ms : 0.88;-0.32;-0.60;-7.81;17.40;-26.00
262509.00ms : 0.98;-0.31;-0.60;-7.45;14.77;-22.95
262529.00ms : 1.01;-0.33;-0.59;-5.31;11.35;-23.19
262549.00ms : 0.87;-0.41;-0.56;-2.01;11.41;-28.08
262569.00ms : 0.77;-0.46;-0.56;-3.54;13.85;-30.27
262589.00ms : 0.89;-0.42;-0.54;-12.39;10.80;-27.83
262609.00ms : 1.03;-0.35;-0.58;-13.06;7.39;-24.17
262629.00ms : 0.95;-0.38;-0.61;-5.62;8.00;-26.49
262649.00ms : 0.80;-0.47;-0.55;1.16;13.92;-32.53
262669.00ms : 0.84;-0.50;-0.55;-4.64;15.81;-31.68
262689.00ms : 0.94;-0.48;-0.59;-14.89;11.72;-26.61
262709.00ms : 0.92;-0.48;-0.62;-17.27;8.61;-26.25
262729.00ms : 0.86;-0.49;-0.64;-11.05;9.16;-28.87
262749.00ms : 0.79;-0.51;-0.58;-5.19;10.68;-31.92
262769.00ms : 0.79;-0.55;-0.60;-5.98;13.43;-30.21
262789.00ms : 0.78;-0.53;-0.62;-8.24;14.34;-26.00
262809.00ms : 0.74;-0.56;-0.66;-6.59;15.87;-24.17
262829.00ms : 0.76;-0.57;-0.69;-6.77;16.78;-22.34
262849.00ms : 0.85;-0.54;-0.66;-7.32;14.95;-20.63
262869.00ms : 0.93;-0.51;-0.64;-7.87;14.77;-19.84
262889.00ms : 0.97;-0.51;-0.64;-7.32;14.59;-18.43
262909.00ms : 0.88;-0.54;-0.65;-5.62;14.22;-18.62
262929.00ms : 0.81;-0.55;-0.70;-5.25;12.94;-18.01
262949.00ms : 0.84;-0.56;-0.66;-3.11;10.19;-17.46
262969.00ms : 0.93;-0.56;-0.61;-0.73;7.57;-19.71
262989.00ms : 0.90;-0.57;-0.63;-3.97;5.13;-19.35
263009.00ms : 0.77;-0.57;-0.68;-6.41;7.08;-14.40
263029.00ms : 0.70;-0.59;-0.70;-6.10;10.68;-11.60
263049.00ms : 0.74;-0.57;-0.68;-3.17;12.33;-11.17
263069.00ms : 0.83;-0.56;-0.65;-0.98;11.90;-12.39
263089.00ms : 0.87;-0.58;-0.63;-0.92;11.66;-13.85
263109.00ms : 0.86;-0.57;-0.66;-2.93;8.48;-11.84
263129.00ms : 0.79;-0.58;-0.67;-1.34;8.12;-12.82
263149.00ms : 0.76;-0.60;-0.71;-0.06;9.28;-12.82
263169.00ms : 0.76;-0.59;-0.71;1.28;9.46;-11.11
263189.00ms : 0.77;-0.63;-0.71;0.73;9.52;-11.29
263209.00ms : 0.82;-0.61;-0.71;1.65;8.97;-11.11
263229.00ms : 0.79;-0.61;-0.71;3.11;5.86;-9.03
263249.00ms : 0.72;-0.63;-0.73;3.23;5.43;-9.03
263269.00ms : 0.73;-0.64;-0.72;4.09;6.90;-9.95
263289.00ms : 0.85;-0.61;-0.72;7.39;5.43;-8.73
263309.00ms : 0.86;-0.59;-0.68;10.13;-0.12;-8.30
263329.00ms : 0.79;-0.65;-0.69;11.35;0.12;-7.08
263349.00ms : 0.76;-0.67;-0.69;10.07;2.01;-5.68
263369.00ms : 0.75;-0.66;-0.67;8.48;1.40;-6.04
263389.00ms : 0.74;-0.66;-0.70;6.41;2.50;-5.31
263409.00ms : 0.71;-0.63;-0.74;5.92;4.15;-3.54
263429.00ms : 0.71;-0.61;-0.73;7.14;6.71;-2.99
263449.00ms : 0.75;-0.60;-0.74;9.40;7.93;-1.65
263469.00ms : 0.75;-0.63;-0.76;10.86;7.02;-1.77
263489.00ms : 0.79;-0.65;-0.77;11.66;5.31;-2.87
263509.00ms : 0.84;-0.64;-0.73;11.66;3.66;-3.36
263529.00ms : 0.82;-0.64;-0.71;12.21;0.98;-1.46
263549.00ms : 0.76;-0.63;-0.72;13.00;0.43;-0.73
263569.00ms : 0.72;-0.64;-0.73;13.37;2.32;-0.55
263589.00ms : 0.72;-0.63;-0.75;12.76;5.25;0.43
263609.00ms : 0.71;-0.67;-0.72;9.22;11.41;1.89
263629.00ms : 0.73;-0.60;-0.74;5.68;12.27;3.66
263649.00ms : 0.75;-0.62;-0.77;6.10;9.83;1.28
263669.00ms : 0.77;-0.59;-0.78;7.26;5.31;0.18
263689.00ms : 0.77;-0.59;-0.77;7.87;2.69;0.31
263709.00ms : 0.77;-0.60;-0.80;7.81;2.50;0.92
263729.00ms : 0.74;-0.59;-0.81;8.91;3.97;3.60
263749.00ms : 0.72;-0.59;-0.82;7.81;5.62;4.09
263769.00ms : 0.74;-0.59;-0.81;7.39;3.91;2.69
263789.00ms : 0.77;-0.57;-0.81;8.54;1.10;0.24
263809.00ms : 0.77;-0.59;-0.83;10.25;-0.67;0.49
263829.00ms : 0.77;-0.58;-0.84;10.13;-0.67;1.04
263849.00ms : 0.75;-0.58;-0.83;9.95;0.55;2.87
263869.00ms : 0.74;-0.60;-0.76;6.84;0.79;2.56
263889.00ms : 0.73;-0.58;-0.78;4.70;-1.28;1.77
263909.00ms : 0.73;-0.59;-0.77;5.07;-2.20;-0.67
263929.00ms : 0.75;-0.58;-0.80;5.55;-2.75;-1.89
263949.00ms : 0.77;-0.59;-0.80;6.53;-1.28;-1.28
263969.00ms : 0.77;-0.60;-0.77;6.04;0.31;1.10
263989.00ms : 0.74;-0.61;-0.76;4.46;2.20;2.62
264009.00ms : 0.73;-0.61;-0.75;2.38;3.30;2.38
264029.00ms : 0.71;-0.59;-0.79;1.53;2.69;0.92
264049.00ms : 0.75;-0.60;-0.80;1.83;2.75;-0.67
264069.00ms : 0.77;-0.59;-0.81;2.87;1.65;0.12
264089.00ms : 0.77;-0.60;-0.81;2.99;1.95;1.10
264109.00ms : 0.73;-0.60;-0.83;1.89;2.50;2.08
264129.00ms : 0.73;-0.59;-0.80;0.73;2.56;1.16
264149.00ms : 0.73;-0.58;-0.81;0.92;2.01;0.49
264169.00ms : 0.75;-0.58;-0.83;1.22;1.83;0.67
264189.00ms : 0.74;-0.58;-0.83;1.22;1.77;0.67
264209.00ms : 0.77;-0.59;-0.82;0.31;1.28;0.31
264229.00ms : 0.78;-0.59;-0.82;0.06;0.12;-0.31
264249.00ms : 0.76;-0.57;-0.81;0.31;-0.24;0.37
264269.00ms : 0.72;-0.57;-0.81;-0.12;0.85;-0.12
264289.00ms : 0.73;-0.59;-0.82;-1.65;1.71;0.06
264309.00ms : 0.73;-0.58;-0.86;-3.17;1.71;0.12
264329.00ms : 0.77;-0.60;-0.84;-4.39;0.73;-0.73
264349.00ms : 0.78;-0.59;-0.83;-5.19;-1.04;-0.61
264369.00ms : 0.77;-0.60;-0.82;-4.82;-3.23;-1.22
264389.00ms : 0.73;-0.59;-0.86;-4.64;-5.80;-1.22
264409.00ms : 0.73;-0.59;-0.81;-5.00;-5.74;-2.14
264429.00ms : 0.74;-0.60;-0.78;-6.29;-4.58;-2.99
264449.00ms : 0.78;-0.65;-0.80;-8.91;-5.86;-2.69
264469.00ms : 0.79;-0.64;-0.80;-11.11;-7.02;-1.53
264489.00ms : 0.78;-0.65;-0.80;-14.28;-5.92;-1.22
264509.00ms : 0.77;-0.63;-0.81;-16.48;-5.31;1.28
264529.00ms : 0.75;-0.62;-0.81;-18.62;-4.33;3.05
264549.00ms : 0.77;-0.65;-0.82;-20.75;-5.19;3.97
264569.00ms : 0.72;-0.60;-0.83;-23.07;-7.57;6.10
264589.00ms : 0.74;-0.63;-0.79;-23.56;-7.57;4.21
264609.00ms : 0.74;-0.62;-0.77;-24.84;-8.67;5.62
264629.00ms : 0.76;-0.61;-0.77;-22.52;-8.12;8.00
264649.00ms : 0.71;-0.65;-0.75;-20.81;-7.75;7.20
264669.00ms : 0.71;-0.65;-0.74;-19.53;-5.74;7.69
264689.00ms : 0.77;-0.64;-0.73;-19.47;-5.62;8.85
264709.00ms : 0.81;-0.59;-0.66;-17.88;-9.70;10.56
264729.00ms : 0.82;-0.67;-0.75;-17.46;-6.84;11.90
264749.00ms : 0.83;-0.64;-0.76;-15.26;-4.03;14.53
264769.00ms : 0.80;-0.64;-0.73;-13.06;-5.31;15.08
264789.00ms : 0.77;-0.66;-0.70;-12.76;-7.14;11.66
264809.00ms : 0.77;-0.60;-0.72;-12.76;-11.29;11.35
264829.00ms : 0.77;-0.56;-0.76;-8.97;-13.49;12.33
264849.00ms : 0.76;-0.55;-0.76;-2.44;-10.99;12.63
264869.00ms : 0.78;-0.58;-0.72;-0.12;-6.77;13.98
264889.00ms : 0.77;-0.60;-0.71;-2.62;-5.43;15.38
264909.00ms : 0.79;-0.60;-0.71;-5.62;-5.49;16.91
264929.00ms : 0.84;-0.54;-0.71;-6.29;-10.25;18.98
264949.00ms : 0.77;-0.55;-0.72;-5.25;-13.55;15.44
264969.00ms : 0.73;-0.56;-0.72;-2.38;-10.25;13.49
264989.00ms : 0.76;-0.54;-0.74;-0.92;-9.28;17.64
265009.00ms : 0.80;-0.53;-0.74;2.14;-11.78;20.81
265029.00ms : 0.78;-0.55;-0.70;4.27;-14.83;18.49
265049.00ms : 0.79;-0.57;-0.70;5.07;-14.89;17.88
265069.00ms : 0.83;-0.57;-0.70;2.87;-15.93;21.00
265089.00ms : 0.88;-0.54;-0.72;1.34;-20.32;24.78
265109.00ms : 0.90;-0.49;-0.70;5.31;-24.66;24.66
265129.00ms : 0.81;-0.51;-0.65;10.68;-24.29;20.63
265149.00ms : 0.78;-0.55;-0.66;12.02;-19.84;20.51
265169.00ms : 0.85;-0.54;-0.65;11.05;-19.71;25.76
265189.00ms : 0.89;-0.53;-0.60;10.31;-24.41;26.61
265209.00ms : 0.88;-0.52;-0.57;9.77;-25.63;24.05
265229.00ms : 0.88;-0.50;-0.57;6.71;-23.32;24.17
265249.00ms : 0.88;-0.48;-0.57;4.64;-19.53;24.84
265269.00ms : 0.87;-0.50;-0.59;1.53;-17.09;24.35
265289.00ms : 0.89;-0.44;-0.61;-1.89;-14.77;26.18
265309.00ms : 0.89;-0.47;-0.58;-1.59;-15.93;26.25
265329.00ms : 0.85;-0.49;-0.59;-3.30;-15.08;23.99
265349.00ms : 0.86;-0.46;-0.62;-6.23;-16.60;23.62
265369.00ms : 0.91;-0.43;-0.62;-7.45;-16.11;26.31
265389.00ms : 0.94;-0.37;-0.61;-6.35;-15.63;27.65
265409.00ms : 0.93;-0.37;-0.57;-2.14;-14.71;25.63
265429.00ms : 0.90;-0.40;-0.58;-1.53;-14.77;21.85
265449.00ms : 0.87;-0.39;-0.61;-2.81;-17.03;20.39
265469.00ms : 0.86;-0.38;-0.61;-0.49;-18.25;22.28
265489.00ms : 0.88;-0.36;-0.60;4.09;-17.76;24.90
265509.00ms : 0.92;-0.35;-0.59;7.26;-17.33;24.60
265529.00ms : 0.93;-0.37;-0.57;8.91;-17.40;22.52
265549.00ms : 0.94;-0.37;-0.57;7.14;-17.70;22.77
265569.00ms : 0.95;-0.34;-0.51;6.23;-17.46;23.13
265589.00ms : 0.96;-0.36;-0.52;4.21;-17.27;22.34
265609.00ms : 0.93;-0.33;-0.52;1.53;-15.69;20.63
265629.00ms : 0.94;-0.30;-0.49;0.85;-15.32;21.18
265649.00ms : 0.95;-0.30;-0.47;2.69;-12.27;21.55
265669.00ms : 0.92;-0.33;-0.49;2.32;-8.67;20.32
265689.00ms : 0.91;-0.37;-0.52;-1.34;-6.04;20.20
265709.00ms : 0.93;-0.33;-0.53;-7.63;-7.45;21.36
265729.00ms : 1.02;-0.24;-0.54;-9.40;-12.15;22.58
265749.00ms : 1.03;-0.19;-0.54;-1.10;-13.98;20.08
265769.00ms : 0.97;-0.20;-0.52;8.54;-13.06;17.03
265789.00ms : 0.94;-0.20;-0.51;12.08;-10.86;14.10
265809.00ms : 0.99;-0.21;-0.54;10.74;-11.78;13.43
265829.00ms : 1.00;-0.23;-0.55;11.96;-14.28;14.65
265849.00ms : 0.93;-0.29;-0.52;13.98;-15.38;14.47
265869.00ms : 0.90;-0.26;-0.49;9.83;-13.12;12.39
265889.00ms : 0.97;-0.19;-0.50;1.65;-12.21;11.35
265909.00ms : 1.03;-0.17;-0.52;2.44;-13.55;12.02
265929.00ms : 0.97;-0.22;-0.49;8.73;-13.85;11.66
265949.00ms : 0.93;-0.24;-0.46;8.91;-12.33;11.17
265969.00ms : 0.95;-0.23;-0.48;5.68;-10.56;9.83
265989.00ms : 0.95;-0.25;-0.53;4.94;-13.43;11.78
266009.00ms : 0.91;-0.27;-0.49;6.65;-12.39;13.00
266029.00ms : 0.93;-0.24;-0.48;5.74;-12.08;13.67
266049.00ms : 1.01;-0.21;-0.49;7.20;-13.49;13.61
266069.00ms : 0.99;-0.27;-0.50;12.08;-15.14;16.85
266089.00ms : 0.92;-0.26;-0.44;12.70;-13.98;19.10
266109.00ms : 0.92;-0.12;-0.38;8.36;-9.58;15.56
266129.00ms : 1.04;-0.04;-0.43;5.74;-9.28;11.84
266149.00ms : 1.06;-0.15;-0.43;14.65;-11.17;15.69
266169.00ms : 0.92;-0.26;-0.39;14.71;-6.16;18.01
266189.00ms : 0.92;-0.16;-0.34;2.14;-2.87;14.40
266209.00ms : 1.05;-0.03;-0.42;-3.97;-3.48;7.20
266229.00ms : 1.03;-0.15;-0.46;6.47;-5.55;8.30
266249.00ms : 0.95;-0.28;-0.46;9.34;-3.42;15.01
266269.00ms : 0.98;-0.19;-0.45;3.11;-4.64;15.32
266289.00ms : 1.01;-0.03;-0.44;2.56;-3.78;7.75
266309.00ms : 1.06;-0.07;-0.49;9.09;-4.15;8.67
266329.00ms : 0.99;-0.19;-0.46;11.35;-4.15;13.12
266349.00ms : 1.00;-0.14;-0.42;5.86;-5.92;13.31
266369.00ms : 1.01;-0.08;-0.40;4.76;-6.29;6.23
266389.00ms : 0.99;-0.10;-0.42;8.30;-5.68;6.96
266409.00ms : 0.94;-0.14;-0.41;10.86;-3.85;8.48
266429.00ms : 0.97;-0.09;-0.44;6.23;-2.14;6.41
266449.00ms : 1.07;-0.11;-0.48;5.25;-4.52;6.16
266469.00ms : 1.02;-0.22;-0.43;5.43;-4.15;8.85
266489.00ms : 0.95;-0.21;-0.42;1.04;-3.85;10.50
266509.00ms : 0.96;-0.09;-0.40;-2.56;-3.17;5.13
266529.00ms : 1.05;-0.01;-0.44;1.59;-4.33;4.58
266549.00ms : 1.04;-0.13;-0.41;12.76;-4.39;9.89
266569.00ms : 0.97;-0.19;-0.43;11.17;-4.09;10.74
266589.00ms : 0.98;-0.15;-0.45;6.77;-5.19;5.07
266609.00ms : 1.00;-0.03;-0.41;2.01;-4.15;4.03
266629.00ms : 1.07;-0.00;-0.46;5.49;-3.97;6.71
266649.00ms : 1.00;-0.13;-0.44;12.51;-5.19;7.69
266669.00ms : 0.97;-0.20;-0.42;7.20;-3.85;5.55
266689.00ms : 1.02;-0.07;-0.38;-2.99;-3.91;1.83
266709.00ms : 1.04;-0.00;-0.43;-2.20;-3.66;1.83
266729.00ms : 0.99;-0.04;-0.43;6.90;-4.09;3.78
266749.00ms : 0.95;-0.11;-0.41;7.81;-2.62;1.71
266769.00ms : 1.01;-0.05;-0.42;0.49;-1.77;-1.71
266789.00ms : 1.03;-0.06;-0.43;0.73;-3.48;-1.40
266809.00ms : 0.97;-0.11;-0.42;2.14;-2.50;0.31
266829.00ms : 0.98;-0.08;-0.41;0.85;-2.62;-2.38
266849.00ms : 1.02;-0.06;-0.42;-0.92;-2.26;-3.66
266869.00ms : 1.02;-0.08;-0.42;-0.85;-1.77;-2.32
266889.00ms : 0.98;-0.12;-0.42;-0.12;-1.89;-2.26
266909.00ms : 0.99;-0.12;-0.42;-0.31;-2.08;-4.21
266929.00ms : 1.02;-0.07;-0.46;1.46;-2.38;-3.36
266949.00ms : 1.02;-0.12;-0.44;3.78;-4.09;-1.34
266969.00ms : 0.98;-0.13;-0.42;2.75;-3.36;-1.22
266989.00ms : 1.00;-0.09;-0.43;2.01;-4.33;-2.26
267009.00ms : 0.99;-0.10;-0.42;3.30;-4.15;-1.95
267029.00ms : 1.01;-0.05;-0.40;3.54;-2.87;-2.38
267049.00ms : 1.01;-0.05;-0.41;3.42;-3.48;-4.27
267069.00ms : 0.97;-0.09;-0.42;5.43;-3.17;-3.97
267089.00ms : 0.99;-0.15;-0.42;3.05;-2.81;-4.82
267109.00ms : 1.02;-0.12;-0.40;-0.49;-3.42;-5.00
267129.00ms : 1.01;-0.09;-0.43;-0.61;-3.23;-4.94
267149.00ms : 0.99;-0.11;-0.41;3.60;-3.30;-3.11
267169.00ms : 0.99;-0.18;-0.41;4.64;-3.11;-2.99
267189.00ms : 0.98;-0.14;-0.39;0.85;-3.11;-4.27
267209.00ms : 1.02;-0.11;-0.41;-0.85;-2.56;-3.85
267229.00ms : 0.99;-0.11;-0.40;0.12;-2.99;-3.48
267249.00ms : 0.97;-0.12;-0.40;2.87;-1.83;-2.20
267269.00ms : 0.99;-0.15;-0.39;4.09;-1.65;-2.26
267289.00ms : 1.01;-0.14;-0.40;3.17;-1.40;-2.56
267309.00ms : 1.00;-0.13;-0.42;3.11;-1.71;-1.28
267329.00ms : 0.97;-0.14;-0.40;3.05;-1.04;-1.53
267349.00ms : 0.99;-0.13;-0.39;0.55;-0.79;-2.01
267369.00ms : 1.02;-0.12;-0.40;0.85;-0.98;-2.01
267389.00ms : 1.01;-0.14;-0.44;2.50;-1.59;-1.28
267409.00ms : 0.97;-0.14;-0.42;2.32;-0.98;-0.12
267429.00ms : 0.97;-0.13;-0.39;-0.61;0.00;-1.71
267449.00ms : 1.02;-0.10;-0.39;-2.44;0.31;-2.75
267469.00ms : 1.03;-0.08;-0.44;1.28;-1.53;-1.34
267489.00ms : 0.99;-0.16;-0.43;6.59;-1.77;0.37
267509.00ms : 0.95;-0.16;-0.39;2.75;-0.24;-0.73
267529.00ms : 1.00;-0.08;-0.40;-1.59;-0.24;-3.54
267549.00ms : 1.02;-0.07;-0.42;0.55;-1.04;-2.87
267569.00ms : 1.00;-0.10;-0.42;5.49;-1.71;-1.89
267589.00ms : 0.97;-0.12;-0.42;5.74;-0.49;-3.60
267609.00ms : 1.01;-0.12;-0.44;4.64;-1.28;-4.27
267629.00ms : 1.02;-0.18;-0.44;6.16;-2.01;-1.65
267649.00ms : 0.98;-0.21;-0.42;5.92;-2.50;-0.06
267669.00ms : 0.99;-0.20;-0.41;3.66;-3.30;0.06
267689.00ms : 1.00;-0.12;-0.42;1.53;-3.23;0.31
267709.00ms : 1.02;-0.14;-0.41;4.88;-4.27;1.89
267729.00ms : 1.00;-0.18;-0.39;6.41;-3.48;2.50
267749.00ms : 0.99;-0.13;-0.41;4.58;-2.99;0.06
267769.00ms : 1.00;-0.10;-0.42;4.09;-3.91;0.79
267789.00ms : 0.96;-0.12;-0.38;2.81;-2.20;0.61
267809.00ms : 0.99;-0.11;-0.40;2.08;-2.32;0.06
267829.00ms : 1.01;-0.12;-0.39;3.05;-2.14;-1.10
267849.00ms : 0.99;-0.10;-0.40;3.72;-3.30;-0.43
267869.00ms : 0.98;-0.09;-0.41;3.78;-2.38;-2.44
267889.00ms : 1.00;-0.08;-0.42;4.52;-1.53;-2.81
267909.00ms : 1.02;-0.13;-0.42;6.96;-2.14;-0.85
267929.00ms : 0.99;-0.22;-0.40;4.82;-2.01;-2.14
267949.00ms : 0.99;-0.15;-0.41;-0.06;-2.20;-4.39
267969.00ms : 0.99;-0.10;-0.42;0.49;-2.56;-4.88
267989.00ms : 1.01;-0.13;-0.42;4.70;-2.26;-2.20
268009.00ms : 0.98;-0.16;-0.38;5.13;-1.65;-3.36
268029.00ms : 1.01;-0.15;-0.40;3.97;-2.38;-4.33
268049.00ms : 0.99;-0.13;-0.42;4.27;-2.38;-4.21
268069.00ms : 0.99;-0.16;-0.41;5.37;-2.69;-2.62
268089.00ms : 0.98;-0.16;-0.38;4.33;-1.89;-3.48
268109.00ms : 1.02;-0.14;-0.42;3.54;-2.56;-3.97
268129.00ms : 1.00;-0.17;-0.41;3.23;-3.42;-2.81
268149.00ms : 0.98;-0.18;-0.40;1.22;-3.11;-2.26
268169.00ms : 0.98;-0.17;-0.39;-0.67;-2.99;-3.30
268189.00ms : 0.98;-0.14;-0.38;-2.81;-2.81;-3.66
268209.00ms : 1.00;-0.13;-0.39;-2.01;-3.11;-2.69
268229.00ms : 0.99;-0.15;-0.38;-0.37;-2.38;-2.26
268249.00ms : 0.98;-0.14;-0.38;-0.55;-1.77;-2.62
268269.00ms : 0.98;-0.15;-0.38;-0.67;-0.67;-2.62
268289.00ms : 0.98;-0.16;-0.40;-2.14;-0.43;-3.23
268309.00ms : 1.00;-0.16;-0.39;-0.55;-0.55;-2.93
268329.00ms : 1.00;-0.18;-0.42;0.73;0.18;-1.71
268349.00ms : 1.00;-0.21;-0.41;0.92;-0.79;-0.12
268369.00ms : 0.97;-0.23;-0.40;-2.62;-0.49;-0.43
268389.00ms : 0.99;-0.19;-0.40;-6.04;-1.22;-0.37
268409.00ms : 1.00;-0.17;-0.40;-5.68;-1.34;-0.06
268429.00ms : 1.00;-0.17;-0.40;-4.52;-0.43;1.46
268449.00ms : 0.98;-0.17;-0.40;-5.49;-0.31;0.85
268469.00ms : 1.00;-0.14;-0.40;-4.52;-1.53;1.28
268489.00ms : 0.99;-0.14;-0.41;-1.28;-0.67;1.34
268509.00ms : 0.99;-0.13;-0.40;1.16;-0.61;1.71
268529.00ms : 0.98;-0.13;-0.39;1.59;-0.79;0.55
268549.00ms : 1.01;-0.10;-0.43;2.32;-0.31;0.43
268569.00ms : 1.00;-0.16;-0.41;3.42;-1.77;1.10
268589.00ms : 0.98;-0.19;-0.39;1.59;-1.53;1.22
268609.00ms : 0.99;-0.18;-0.40;-0.79;-2.01;0.24
268629.00ms : 0.99;-0.16;-0.40;-2.87;-1.46;0.00
268649.00ms : 1.00;-0.15;-0.39;-2.75;-1.89;0.79
268669.00ms : 0.99;-0.16;-0.40;-2.87;-1.28;1.16
268689.00ms : 1.00;-0.17;-0.40;-3.54;-1.95;0.43
268709.00ms : 0.99;-0.16;-0.40;-3.78;-2.56;0.61
268729.00ms : 1.01;-0.15;-0.41;-1.22;-3.66;1.71
268749.00ms : 0.99;-0.16;-0.39;2.69;-2.56;2.20
268769.00ms : 1.00;-0.18;-0.40;0.67;-2.62;2.50
268789.00ms : 1.00;-0.15;-0.40;-1.16;-3.48;2.44
268809.00ms : 0.99;-0.13;-0.40;1.28;-3.17;2.32
268829.00ms : 0.97;-0.10;-0.39;4.15;-3.05;2.32
268849.00ms : 0.98;-0.12;-0.38;6.23;-1.89;1.77
268869.00ms : 0.98;-0.15;-0.38;2.62;-1.40;1.46
268889.00ms : 0.99;-0.14;-0.39;0.37;-1.40;0.98
268909.00ms : 0.98;-0.14;-0.39;-0.31;-1.16;-0.06
268929.00ms : 0.99;-0.13;-0.40;-0.49;-0.79;-0.73
268949.00ms : 1.00;-0.14;-0.40;-0.49;-1.10;-0.24
268969.00ms : 0.99;-0.16;-0.39;-1.16;-0.92;0.00
268989.00ms : 0.98;-0.18;-0.37;-3.66;-0.43;-1.10
269009.00ms : 1.00;-0.13;-0.40;-4.88;-1.04;-1.65
269029.00ms : 1.00;-0.11;-0.40;-2.01;-1.46;-1.95
269049.00ms : 1.00;-0.12;-0.38;-1.28;-1.65;-3.72
269069.00ms : 1.02;-0.11;-0.39;0.98;-4.82;-3.05
269089.00ms : 0.98;-0.16;-0.40;0.55;-4.09;-1.65
269109.00ms : 0.97;-0.19;-0.38;-0.92;-1.59;-0.92
269129.00ms : 1.00;-0.16;-0.40;-1.22;-1.53;-0.85
269149.00ms : 1.00;-0.17;-0.39;0.49;-1.71;0.18
269169.00ms : 0.98;-0.18;-0.38;-0.43;-0.67;0.24
269189.00ms : 0.98;-0.14;-0.38;-2.62;-0.49;-0.55
269209.00ms : 0.99;-0.12;-0.37;-1.53;0.12;-1.10
269229.00ms : 0.99;-0.13;-0.38;0.55;0.98;-0.55
269249.00ms : 0.98;-0.14;-0.38;3.17;1.10;-0.67
269269.00ms : 0.99;-0.15;-0.37;3.60;1.40;-1.95
269289.00ms : 1.02;-0.14;-0.38;2.08;0.24;-4.94
269309.00ms : 0.99;-0.15;-0.41;1.53;-1.40;-5.31
269329.00ms : 0.96;-0.13;-0.40;2.69;-0.06;-3.60
269349.00ms : 0.99;-0.17;-0.39;2.56;1.04;-1.59
269369.00ms : 0.99;-0.19;-0.38;-0.85;-0.18;-0.98
269389.00ms : 0.98;-0.20;-0.39;-1.95;0.37;-0.73
269409.00ms : 0.99;-0.19;-0.39;-3.48;0.12;-0.24
269429.00ms : 1.00;-0.14;-0.42;-3.17;-0.37;-0.24
269449.00ms : 0.99;-0.16;-0.40;-0.85;0.06;1.10
269469.00ms : 0.99;-0.18;-0.39;-0.24;-0.12;1.89
269489.00ms : 0.99;-0.18;-0.39;-1.34;-0.49;0.49
269509.00ms : 1.00;-0.15;-0.40;-2.50;-0.67;-0.98
269529.00ms : 0.99;-0.10;-0.40;-0.24;-0.67;-0.18
269549.00ms : 0.99;-0.16;-0.38;2.56;-0.18;0.73
269569.00ms : 0.99;-0.20;-0.39;1.28;-0.37;1.16
269589.00ms : 1.00;-0.19;-0.41;-1.10;-1.04;0.43
269609.00ms : 0.99;-0.14;-0.40;-2.69;-1.53;0.37
269629.00ms : 0.99;-0.11;-0.40;-0.06;-1.34;0.55
269649.00ms : 0.98;-0.15;-0.39;1.77;-0.31;0.55
269669.00ms : 1.00;-0.18;-0.40;0.06;-0.43;0.92
269689.00ms : 0.99;-0.17;-0.39;-2.26;-1.04;0.55
269709.00ms : 1.00;-0.15;-0.41;-2.50;-1.59;0.18
269729.00ms : 0.99;-0.14;-0.41;-0.06;-2.01;0.37
269749.00ms : 0.99;-0.14;-0.40;2.81;-0.98;0.92
269769.00ms : 0.99;-0.18;-0.39;2.20;-1.28;1.10
269789.00ms : 0.98;-0.18;-0.39;-1.22;-0.67;0.85
269809.00ms : 0.99;-0.14;-0.39;-2.26;-1.16;0.31
269829.00ms : 0.99;-0.13;-0.40;0.67;-0.85;0.61
269849.00ms : 0.98;-0.15;-0.39;3.05;-0.79;0.98
269869.00ms : 1.00;-0.17;-0.40;1.95;-0.85;0.67
269889.00ms : 0.99;-0.17;-0.39;-0.79;-0.92;0.67
269909.00ms : 0.99;-0.15;-0.39;-1.95;-0.61;0.55
269929.00ms : 0.99;-0.15;-0.40;-1.40;-1.04;0.31
269949.00ms : 0.99;-0.14;-0.40;0.00;-1.28;0.37
269969.00ms : 0.99;-0.16;-0.39;1.22;-0.67;0.61
269989.00ms : 0.99;-0.17;-0.40;-0.67;-0.73;0.12
270009.00ms : 0.99;-0.14;-0.40;-1.22;-1.04;-0.18
270029.00ms : 0.99;-0.14;-0.40;-0.31;-1.04;0.18
270049.00ms : 0.99;-0.15;-0.40;0.98;-1.34;1.04
270069.00ms : 0.99;-0.17;-0.39;1.34;-0.85;0.12
270089.00ms : 1.00;-0.17;-0.39;-1.53;-1.28;0.06
270109.00ms : 0.99;-0.12;-0.40;-3.11;-0.98;-0.31
270129.00ms : 1.00;-0.13;-0.40;-0.43;-1.65;0.31
270149.00ms : 0.98;-0.17;-0.38;1.53;-0.73;0.55
270169.00ms : 0.99;-0.17;-0.38;-0.06;-0.43;-0.18
270189.00ms : 1.00;-0.15;-0.40;-1.46;-0.85;-0.55
270209.00ms : 1.00;-0.15;-0.40;-0.18;-0.85;0.37
270229.00ms : 0.98;-0.17;-0.38;-0.18;0.06;0.12
270249.00ms : 1.00;-0.16;-0.39;-1.65;-0.43;0.06
270269.00ms : 1.00;-0.15;-0.40;-2.38;-0.61;0.24
270289.00ms : 1.00;-0.14;-0.40;-1.10;-1.10;0.79
270309.00ms : 0.99;-0.15;-0.40;0.85;-0.55;0.73
270329.00ms : 0.99;-0.15;-0.40;0.85;-1.04;0.55
270349.00ms : 0.99;-0.15;-0.39;0.92;-1.53;0.55
270369.00ms : 0.99;-0.17;-0.38;0.49;-1.16;0.79
270389.00ms : 0.99;-0.14;-0.39;-0.61;-1.34;0.00
270409.00ms : 0.99;-0.13;-0.40;0.12;-1.10;0.06
270429.00ms : 0.98;-0.16;-0.38;-0.12;0.00;0.31
270449.00ms : 0.99;-0.16;-0.39;-1.95;0.00;-0.18
270469.00ms : 1.00;-0.18;-0.40;-3.05;-0.31;-0.06
