195599.00ms : 0.96;0.00;-0.33;9.28;2.75;3.85
195619.00ms : 0.98;-0.03;-0.31;0.61;5.55;8.97
195639.00ms : 1.02;0.01;-0.32;-3.36;3.72;8.73
195659.00ms : 1.01;0.05;-0.34;-2.14;0.37;3.54
195679.00ms : 0.99;0.06;-0.34;0.67;0.61;0.49
195699.00ms : 0.99;0.05;-0.34;4.33;2.14;0.00
195719.00ms : 1.00;0.06;-0.32;0.73;-0.55;0.79
195739.00ms : 0.98;0.03;-0.33;-0.06;0.43;0.12
195759.00ms : 0.98;0.04;-0.32;-3.17;0.98;-1.53
195779.00ms : 0.99;0.06;-0.33;-3.91;1.28;-3.54
195799.00ms : 0.98;0.07;-0.32;-3.17;2.62;-5.07
195819.00ms : 1.00;0.05;-0.33;-3.91;3.30;-6.41
195839.00ms : 0.99;0.04;-0.35;-4.46;2.87;-5.98
195859.00ms : 1.00;0.02;-0.36;-4.46;3.42;-6.41
195879.00ms : 0.99;0.00;-0.36;-5.68;3.54;-7.63
195899.00ms : 1.00;0.02;-0.33;-6.29;3.23;-7.69
195919.00ms : 0.90;0.03;-0.32;-6.53;6.04;-6.65
195939.00ms : 1.00;0.02;-0.31;-9.77;5.80;-6.84
195959.00ms : 1.00;0.02;-0.33;-12.45;4.46;-7.57
195979.00ms : 0.98;0.03;-0.33;-13.92;5.55;-8.42
195999.00ms : 0.98;0.05;-0.34;-15.32;7.02;-10.62
196019.00ms : 0.99;0.04;-0.36;-13.43;6.65;-10.13
196039.00ms : 0.98;0.02;-0.35;-12.15;6.65;-9.70
196059.00ms : 0.99;0.03;-0.36;-11.23;7.02;-9.64
196079.00ms : 0.98;0.03;-0.36;-9.77;8.12;-10.99
196099.00ms : 0.97;0.03;-0.34;-10.38;10.13;-13.49
196119.00ms : 0.99;0.01;-0.35;-11.11;10.50;-13.43
196139.00ms : 1.00;0.00;-0.36;-12.33;9.95;-13.85
196159.00ms : 1.00;0.00;-0.41;-10.25;8.85;-13.31
196179.00ms : 0.98;0.00;-0.40;-6.77;9.70;-13.98
196199.00ms : 1.00;-0.03;-0.40;-4.09;10.62;-14.04
196219.00ms : 0.99;-0.03;-0.39;-3.72;11.11;-15.32
196239.00ms : 1.00;-0.03;-0.41;-3.42;10.74;-15.50
196259.00ms : 1.01;-0.05;-0.41;-2.20;10.19;-13.98
196279.00ms : 1.00;-0.09;-0.42;-1.16;9.77;-12.82
196299.00ms : 0.98;-0.07;-0.42;-2.93;11.23;-15.50
196319.00ms : 0.99;-0.06;-0.41;-1.83;10.80;-14.77
196339.00ms : 1.02;-0.09;-0.41;-0.98;11.29;-12.82
196359.00ms : 1.00;-0.12;-0.43;-2.38;10.31;-12.33
196379.00ms : 0.97;-0.06;-0.40;-4.33;11.11;-14.53
196399.00ms : 0.99;-0.04;-0.42;-3.42;11.23;-14.65
196419.00ms : 0.99;-0.10;-0.43;-2.75;11.84;-14.40
196439.00ms : 0.97;-0.09;-0.41;-5.62;11.84;-14.59
196459.00ms : 0.98;-0.03;-0.45;-7.02;11.90;-16.30
196479.00ms : 1.00;-0.04;-0.45;-3.54;12.27;-17.21
196499.00ms : 0.99;-0.08;-0.45;-2.20;13.18;-16.91
196519.00ms : 0.97;-0.10;-0.44;-3.11;13.79;-18.07
196539.00ms : 0.97;-0.09;-0.46;-4.39;13.31;-18.98
196559.00ms : 0.99;-0.10;-0.48;-3.97;13.06;-18.68
196579.00ms : 1.00;-0.12;-0.45;-3.11;13.24;-18.19
196599.00ms : 0.99;-0.16;-0.47;-3.91;11.66;-18.68
196619.00ms : 0.95;-0.15;-0.45;-4.46;12.39;-19.35
196639.00ms : 0.96;-0.12;-0.48;-4.76;13.31;-20.94
196659.00ms : 0.99;-0.09;-0.49;-2.56;14.22;-21.55
196679.00ms : 0.98;-0.11;-0.47;1.04;12.27;-20.02
196699.00ms : 0.95;-0.19;-0.46;2.50;12.51;-20.63
196719.00ms : 0.94;-0.21;-0.47;-1.83;14.71;-24.23
196739.00ms : 0.99;-0.19;-0.51;-7.32;14.71;-24.78
196759.00ms : 0.99;-0.17;-0.49;-6.53;12.39;-23.93
196779.00ms : 0.95;-0.17;-0.52;-5.62;9.22;-24.11
196799.00ms : 0.92;-0.25;-0.53;-1.83;14.04;-26.25
196819.00ms : 0.97;-0.30;-0.55;-5.13;16.54;-26.00
196839.00ms : 0.99;-0.26;-0.50;-7.81;15.87;-24.66
196859.00ms : 0.98;-0.19;-0.52;-11.23;14.16;-29.79
196879.00ms : 0.95;-0.26;-0.59;-5.19;15.50;-29.85
196899.00ms : 0.92;-0.33;-0.59;-4.33;19.23;-25.63
196919.00ms : 1.02;-0.29;-0.59;-8.30;17.94;-23.19
196939.00ms : 1.02;-0.26;-0.54;-8.91;14.10;-28.08
196959.00ms : 0.97;-0.26;-0.58;-8.30;13.85;-32.23
196979.00ms : 0.90;-0.29;-0.60;-7.75;16.85;-31.19
196999.00ms : 0.95;-0.32;-0.57;-7.87;22.83;-29.54
197019.00ms : 1.03;-0.30;-0.49;-11.17;19.35;-31.31
197039.00ms : 1.04;-0.31;-0.57;-15.93;13.67;-36.44
197059.00ms : 0.87;-0.37;-0.64;-12.82;13.12;-36.99
197079.00ms : 0.81;-0.41;-0.61;-10.56;19.90;-32.90
197099.00ms : 0.97;-0.37;-0.51;-11.41;22.22;-30.40
197119.00ms : 1.07;-0.34;-0.52;-12.08;11.78;-32.78
197139.00ms : 0.95;-0.37;-0.70;-7.93;4.88;-38.64
197159.00ms : 0.71;-0.47;-0.74;0.79;7.26;-36.07
197179.00ms : 0.71;-0.48;-0.70;4.52;15.32;-29.11
197199.00ms : 0.94;-0.42;-0.61;4.39;18.68;-24.35
197219.00ms : 1.09;-0.40;-0.58;1.22;9.64;-28.69
197239.00ms : 0.97;-0.44;-0.60;2.20;5.13;-34.24
197259.00ms : 0.84;-0.52;-0.65;1.10;7.39;-32.65
197279.00ms : 0.81;-0.54;-0.65;-3.78;8.67;-29.54
197299.00ms : 0.79;-0.52;-0.67;-5.92;11.11;-26.98
197319.00ms : 0.75;-0.51;-0.68;-3.30;12.88;-31.37
197339.00ms : 0.91;-0.55;-0.67;-2.44;18.68;-31.62
197359.00ms : 1.02;-0.52;-0.66;-5.86;6.29;-23.07
197379.00ms : 0.88;-0.49;-0.65;-1.83;-0.98;-25.21
197399.00ms : 0.81;-0.51;-0.67;5.62;3.17;-23.56
197419.00ms : 0.76;-0.58;-0.74;7.20;5.98;-15.01
197439.00ms : 0.76;-0.62;-0.76;5.68;9.40;-9.95
197459.00ms : 0.84;-0.61;-0.68;4.27;11.17;-13.37
197479.00ms : 0.91;-0.57;-0.63;2.81;5.86;-17.21
197499.00ms : 0.95;-0.56;-0.64;2.14;-0.61;-15.81
197519.00ms : 0.83;-0.57;-0.68;3.97;-6.41;-12.63
197539.00ms : 0.74;-0.54;-0.68;7.51;1.40;-10.25
197559.00ms : 0.77;-0.59;-0.62;6.96;7.87;-8.79
197579.00ms : 0.83;-0.62;-0.60;-1.22;8.61;-9.28
197599.00ms : 0.80;-0.57;-0.66;-4.70;5.43;-8.06
197619.00ms : 0.82;-0.53;-0.67;-0.73;9.16;-8.54
197639.00ms : 0.90;-0.53;-0.67;0.67;9.03;-10.74
197659.00ms : 0.87;-0.57;-0.71;-0.49;5.55;-9.16
197679.00ms : 0.81;-0.59;-0.71;-2.08;3.97;-8.12
197699.00ms : 0.81;-0.58;-0.72;-3.48;1.77;-9.22
197719.00ms : 0.79;-0.54;-0.70;-0.98;-2.56;-10.86
197739.00ms : 0.76;-0.56;-0.70;1.22;-2.14;-12.15
197759.00ms : 0.77;-0.61;-0.66;2.62;1.46;-10.25
197779.00ms : 0.81;-0.62;-0.61;0.67;3.78;-9.28
197799.00ms : 0.80;-0.61;-0.63;-3.85;4.21;-8.48
197819.00ms : 0.78;-0.59;-0.64;-4.76;6.10;-6.84
197839.00ms : 0.76;-0.60;-0.64;-3.05;9.22;-5.55
197859.00ms : 0.76;-0.61;-0.62;-2.87;13.67;-5.19
197879.00ms : 0.79;-0.61;-0.67;-4.33;14.71;-3.72
197899.00ms : 0.77;-0.62;-0.69;-4.39;11.47;-3.85
197919.00ms : 0.76;-0.58;-0.73;-3.85;9.70;-4.03
197939.00ms : 0.78;-0.58;-0.74;-0.79;9.40;-4.52
197959.00ms : 0.87;-0.63;-0.72;-0.61;9.89;-5.55
197979.00ms : 0.87;-0.60;-0.72;-4.33;4.03;-5.00
197999.00ms : 0.76;-0.57;-0.78;-3.91;-0.61;-4.09
198019.00ms : 0.67;-0.55;-0.79;0.24;1.40;-3.91
198039.00ms : 0.69;-0.57;-0.76;2.81;6.29;-4.21
198059.00ms : 0.78;-0.60;-0.73;3.72;6.90;-3.17
198079.00ms : 0.83;-0.61;-0.73;3.42;4.09;-2.62
198099.00ms : 0.80;-0.58;-0.73;4.27;2.38;-3.23
198119.00ms : 0.81;-0.58;-0.74;8.12;1.95;-2.81
198139.00ms : 0.81;-0.64;-0.69;7.02;0.67;-3.42
198159.00ms : 0.79;-0.64;-0.66;2.01;0.31;-2.50
198179.00ms : 0.71;-0.62;-0.66;-0.73;2.14;-2.44
198199.00ms : 0.74;-0.62;-0.67;-0.67;3.72;-3.60
198219.00ms : 0.76;-0.62;-0.68;0.92;4.39;-4.39
198239.00ms : 0.79;-0.63;-0.69;0.85;5.19;-3.23
198259.00ms : 0.79;-0.63;-0.68;-1.16;6.84;-2.38
198279.00ms : 0.76;-0.60;-0.70;-3.17;7.45;-1.04
198299.00ms : 0.72;-0.59;-0.74;-1.65;8.42;-0.61
198319.00ms : 0.73;-0.59;-0.77;0.18;7.69;-1.40
198339.00ms : 0.75;-0.57;-0.79;2.75;7.02;-2.26
198359.00ms : 0.76;-0.61;-0.78;3.91;6.23;-1.22
198379.00ms : 0.79;-0.61;-0.80;3.78;4.94;-0.92
198399.00ms : 0.77;-0.61;-0.79;3.05;2.14;-1.46
198419.00ms : 0.76;-0.60;-0.77;3.17;1.59;-1.46
198439.00ms : 0.78;-0.61;-0.74;3.54;0.85;-2.20
198459.00ms : 0.77;-0.61;-0.73;3.85;-0.98;-2.32
198479.00ms : 0.76;-0.62;-0.72;3.30;-1.34;-3.05
198499.00ms : 0.76;-0.62;-0.72;2.38;-0.31;-3.54
198519.00ms : 0.76;-0.61;-0.72;2.14;1.65;-2.14
198539.00ms : 0.72;-0.61;-0.72;2.08;2.93;-1.46
198559.00ms : 0.73;-0.61;-0.74;1.65;4.33;-2.14
198579.00ms : 0.73;-0.60;-0.77;1.22;4.39;-1.77
198599.00ms : 0.74;-0.60;-0.81;1.71;5.86;-0.73
198619.00ms : 0.79;-0.62;-0.81;2.01;4.94;-1.10
198639.00ms : 0.80;-0.61;-0.80;2.08;1.77;-0.98
198659.00ms : 0.77;-0.62;-0.79;1.59;-1.46;-0.55
198679.00ms : 0.74;-0.61;-0.79;1.40;-2.87;-2.01
198699.00ms : 0.74;-0.62;-0.78;2.26;-2.99;-2.20
198719.00ms : 0.76;-0.62;-0.75;2.20;-2.20;-1.89
198739.00ms : 0.77;-0.65;-0.74;1.53;-2.01;-0.67
198759.00ms : 0.73;-0.64;-0.76;0.61;-1.77;0.92
198779.00ms : 0.69;-0.65;-0.74;0.00;1.22;1.46
198799.00ms : 0.75;-0.66;-0.74;-0.31;3.91;0.85
198819.00ms : 0.78;-0.65;-0.77;1.34;5.74;2.56
198839.00ms : 0.77;-0.64;-0.80;2.93;8.91;3.11
198859.00ms : 0.75;-0.63;-0.81;1.22;9.28;4.21
198879.00ms : 0.77;-0.63;-0.81;-1.95;5.00;2.44
198899.00ms : 0.78;-0.60;-0.82;-3.36;-2.81;1.65
198919.00ms : 0.75;-0.60;-0.83;-2.20;-7.51;0.98
198939.00ms : 0.74;-0.61;-0.83;-1.95;-7.69;0.55
198959.00ms : 0.77;-0.59;-0.80;-2.69;-8.85;1.65
198979.00ms : 0.74;-0.62;-0.77;-5.00;-9.52;2.99
198999.00ms : 0.74;-0.64;-0.77;-7.39;-9.64;3.17
199019.00ms : 0.76;-0.62;-0.75;-8.85;-10.68;3.60
199039.00ms : 0.79;-0.63;-0.72;-7.69;-11.17;2.93
199059.00ms : 0.79;-0.63;-0.72;-7.57;-12.15;3.72
199079.00ms : 0.74;-0.64;-0.72;-7.57;-11.05;4.64
199099.00ms : 0.73;-0.64;-0.71;-8.12;-8.42;6.10
199119.00ms : 0.76;-0.64;-0.70;-9.28;-8.24;6.90
199139.00ms : 0.76;-0.63;-0.69;-8.61;-8.48;6.10
199159.00ms : 0.76;-0.61;-0.71;-7.51;-8.42;7.14
199179.00ms : 0.75;-0.65;-0.69;-6.84;-6.41;7.32
199199.00ms : 0.76;-0.65;-0.70;-8.12;-4.03;9.28
199219.00ms : 0.80;-0.63;-0.72;-9.46;-4.15;12.08
199239.00ms : 0.80;-0.60;-0.73;-8.12;-6.29;12.45
199259.00ms : 0.77;-0.60;-0.71;-6.47;-6.35;9.58
199279.00ms : 0.75;-0.60;-0.74;-6.77;-5.07;11.78
199299.00ms : 0.76;-0.59;-0.75;-6.71;-3.30;14.71
199319.00ms : 0.83;-0.59;-0.74;-5.37;-4.52;16.72
199339.00ms : 0.87;-0.59;-0.72;-3.91;-8.85;14.53
199359.00ms : 0.80;-0.56;-0.71;-2.99;-11.35;12.39
199379.00ms : 0.74;-0.57;-0.73;-3.11;-9.34;12.51
199399.00ms : 0.75;-0.58;-0.72;-3.23;-5.55;15.20
199419.00ms : 0.82;-0.56;-0.70;-3.66;-7.45;16.42
199439.00ms : 0.81;-0.55;-0.69;-3.97;-10.13;13.79
199459.00ms : 0.81;-0.55;-0.70;-4.64;-9.46;13.73
199479.00ms : 0.77;-0.54;-0.72;-4.94;-8.48;15.63
199499.00ms : 0.75;-0.56;-0.70;-3.60;-5.86;15.87
199519.00ms : 0.82;-0.57;-0.67;-4.09;-5.74;15.81
199539.00ms : 0.86;-0.53;-0.69;-5.74;-10.99;15.44
199559.00ms : 0.81;-0.51;-0.74;-4.39;-14.40;15.50
199579.00ms : 0.81;-0.53;-0.73;0.24;-11.84;15.38
199599.00ms : 0.89;-0.53;-0.67;1.22;-13.00;17.33
199619.00ms : 0.93;-0.52;-0.66;0.00;-17.58;16.42
199639.00ms : 0.83;-0.49;-0.69;0.73;-21.06;14.34
199659.00ms : 0.75;-0.52;-0.68;6.23;-15.99;14.10
199679.00ms : 0.78;-0.56;-0.64;6.41;-12.63;18.07
199699.00ms : 0.87;-0.54;-0.59;1.04;-13.55;19.71
199719.00ms : 0.89;-0.50;-0.64;-3.23;-17.82;18.62
199739.00ms : 0.80;-0.48;-0.65;-0.18;-16.30;16.97
199759.00ms : 0.80;-0.50;-0.65;4.88;-12.94;17.76
199779.00ms : 0.90;-0.50;-0.59;5.25;-12.27;19.78
199799.00ms : 0.96;-0.47;-0.62;2.08;-15.99;19.96
199819.00ms : 0.85;-0.47;-0.65;3.72;-17.58;16.78
199839.00ms : 0.78;-0.49;-0.66;6.84;-13.79;16.36
199859.00ms : 0.85;-0.49;-0.60;5.62;-10.86;20.57
199879.00ms : 0.95;-0.49;-0.60;-0.67;-12.33;22.46
199899.00ms : 0.96;-0.43;-0.59;-4.76;-15.69;21.06
199919.00ms : 0.88;-0.42;-0.58;-0.24;-15.81;17.27
199939.00ms : 0.82;-0.43;-0.56;4.21;-13.49;15.81
199959.00ms : 0.86;-0.43;-0.58;2.56;-11.29;18.13
199979.00ms : 0.92;-0.41;-0.62;0.61;-10.74;20.51
199999.00ms : 0.92;-0.41;-0.65;1.40;-12.08;20.02
200019.00ms : 0.85;-0.45;-0.65;3.78;-12.15;17.94
200039.00ms : 0.80;-0.47;-0.61;1.10;-12.45;18.13
200059.00ms : 0.91;-0.41;-0.61;-4.52;-13.73;21.97
200079.00ms : 1.05;-0.31;-0.57;-3.78;-17.33;23.07
200099.00ms : 1.00;-0.31;-0.59;5.92;-20.51;18.25
200119.00ms : 0.87;-0.38;-0.56;14.71;-17.46;13.55
200139.00ms : 0.86;-0.43;-0.58;13.12;-14.71;16.36
200159.00ms : 0.92;-0.43;-0.55;6.35;-15.81;20.81
200179.00ms : 0.96;-0.40;-0.50;0.43;-16.72;21.61
200199.00ms : 0.97;-0.37;-0.52;-2.75;-16.05;18.98
200219.00ms : 0.92;-0.39;-0.54;-1.28;-15.75;17.52
200239.00ms : 0.87;-0.42;-0.56;-0.49;-14.95;21.55
200259.00ms : 0.88;-0.33;-0.53;-1.40;-15.01;25.45
200279.00ms : 1.01;-0.25;-0.51;-0.98;-15.14;20.20
200299.00ms : 1.06;-0.23;-0.50;7.14;-15.38;13.67
200319.00ms : 0.94;-0.24;-0.55;12.39;-14.77;14.95
200339.00ms : 0.91;-0.32;-0.56;10.80;-12.63;18.92
200359.00ms : 0.96;-0.30;-0.52;2.38;-13.37;19.84
200379.00ms : 1.03;-0.24;-0.49;-1.22;-14.83;15.26
200399.00ms : 0.99;-0.23;-0.49;1.89;-15.75;11.23
200419.00ms : 0.92;-0.28;-0.53;4.15;-16.17;12.33
200439.00ms : 0.91;-0.27;-0.52;3.17;-16.17;13.49
200459.00ms : 0.99;-0.22;-0.51;5.86;-15.93;11.23
200479.00ms : 0.97;-0.26;-0.49;10.99;-15.87;10.19
200499.00ms : 0.88;-0.33;-0.48;12.15;-13.79;13.06
200519.00ms : 0.87;-0.35;-0.48;6.10;-12.15;14.34
200539.00ms : 0.97;-0.28;-0.49;2.81;-13.00;13.37
200559.00ms : 1.06;-0.19;-0.48;7.87;-15.63;12.51
200579.00ms : 0.99;-0.21;-0.45;16.30;-13.73;10.44
200599.00ms : 0.92;-0.29;-0.45;15.20;-10.56;10.80
200619.00ms : 0.95;-0.30;-0.46;3.05;-8.36;12.63
200639.00ms : 1.02;-0.20;-0.49;-4.46;-11.05;13.00
200659.00ms : 1.02;-0.17;-0.51;0.98;-13.37;12.15
200679.00ms : 0.96;-0.27;-0.49;8.67;-13.37;12.88
200699.00ms : 0.89;-0.29;-0.50;6.65;-12.39;14.16
200719.00ms : 0.97;-0.23;-0.48;4.39;-14.04;13.49
200739.00ms : 1.03;-0.18;-0.44;7.45;-16.11;14.10
200759.00ms : 1.04;-0.15;-0.38;11.96;-15.44;13.92
200779.00ms : 1.01;-0.17;-0.34;12.82;-12.94;10.62
200799.00ms : 0.98;-0.20;-0.37;6.41;-10.44;8.79
200819.00ms : 0.98;-0.21;-0.39;-0.37;-9.16;8.06
200839.00ms : 1.00;-0.23;-0.44;-2.14;-10.38;9.83
200859.00ms : 0.95;-0.22;-0.44;0.98;-9.22;10.50
200879.00ms : 0.96;-0.20;-0.43;3.91;-8.73;10.44
200899.00ms : 0.99;-0.18;-0.46;4.88;-9.28;10.31
200919.00ms : 1.00;-0.18;-0.43;7.14;-11.05;11.17
200939.00ms : 0.98;-0.14;-0.40;8.48;-10.50;12.02
200959.00ms : 0.97;-0.13;-0.40;10.07;-9.58;9.52
200979.00ms : 1.01;-0.19;-0.42;9.52;-10.07;8.36
200999.00ms : 1.02;-0.16;-0.40;5.80;-10.86;9.16
201019.00ms : 0.99;-0.09;-0.39;6.90;-9.95;9.22
201039.00ms : 0.97;-0.12;-0.38;11.84;-7.63;6.84
201059.00ms : 0.96;-0.16;-0.36;12.21;-5.62;5.25
201079.00ms : 0.98;-0.13;-0.39;8.54;-4.94;4.27
201099.00ms : 1.01;-0.14;-0.43;10.93;-6.65;4.52
201119.00ms : 0.97;-0.18;-0.41;12.02;-5.43;4.94
201139.00ms : 0.99;-0.18;-0.39;11.17;-5.13;4.70
201159.00ms : 0.99;-0.19;-0.37;7.69;-4.88;3.60
201179.00ms : 1.01;-0.14;-0.39;5.13;-5.37;3.85
201199.00ms : 1.01;-0.12;-0.41;7.63;-5.68;4.64
201219.00ms : 0.98;-0.17;-0.41;11.05;-5.37;5.25
201239.00ms : 0.96;-0.18;-0.37;8.36;-4.82;4.76
201259.00ms : 0.97;-0.11;-0.35;3.36;-2.99;1.65
201279.00ms : 1.02;-0.09;-0.39;3.66;-2.69;1.53
201299.00ms : 0.98;-0.16;-0.39;7.02;-2.93;3.36
201319.00ms : 0.97;-0.19;-0.38;5.00;-1.77;2.44
201339.00ms : 0.98;-0.11;-0.37;2.08;-1.53;0.06
201359.00ms : 1.00;-0.09;-0.39;4.58;-1.04;0.06
201379.00ms : 1.00;-0.14;-0.40;8.97;-0.98;2.26
201399.00ms : 0.98;-0.15;-0.38;10.13;-1.10;0.98
201419.00ms : 0.99;-0.11;-0.40;10.13;-0.12;-1.59
201439.00ms : 1.02;-0.13;-0.40;12.33;-1.40;-1.10
201459.00ms : 1.01;-0.22;-0.38;9.34;-0.55;-2.14
201479.00ms : 0.99;-0.22;-0.39;0.43;-1.65;-5.37
201499.00ms : 0.98;-0.13;-0.42;-4.09;-1.40;-3.60
201519.00ms : 1.00;-0.15;-0.41;-1.16;-0.73;0.79
201539.00ms : 0.99;-0.18;-0.41;1.59;-1.77;2.56
201559.00ms : 0.98;-0.19;-0.41;3.17;-2.87;1.16
201579.00ms : 1.00;-0.13;-0.41;2.81;-3.23;2.26
201599.00ms : 0.99;-0.11;-0.39;4.03;-2.69;3.36
201619.00ms : 0.99;-0.12;-0.36;5.43;-2.08;2.56
201639.00ms : 0.98;-0.12;-0.36;7.45;-1.71;1.10
201659.00ms : 0.98;-0.09;-0.39;9.46;-0.61;-0.18
201679.00ms : 1.00;-0.08;-0.40;12.63;-0.49;0.43
201699.00ms : 0.99;-0.15;-0.39;13.67;0.06;0.79
201719.00ms : 0.99;-0.22;-0.39;12.08;0.06;0.37
201739.00ms : 1.01;-0.22;-0.42;7.45;-0.79;0.92
201759.00ms : 1.01;-0.21;-0.42;3.91;-2.20;1.77
201779.00ms : 0.99;-0.18;-0.39;1.04;-1.89;1.71
201799.00ms : 1.00;-0.15;-0.39;0.37;-2.38;0.98
201819.00ms : 0.99;-0.14;-0.38;-0.79;-1.59;0.18
201839.00ms : 1.00;-0.14;-0.39;-1.46;-1.95;0.49
201859.00ms : 0.98;-0.14;-0.38;-2.20;-1.28;-0.67
201879.00ms : 0.98;-0.12;-0.40;-2.20;-0.98;-1.53
201899.00ms : 1.00;-0.13;-0.39;-0.06;-1.04;-0.79
201919.00ms : 1.00;-0.17;-0.39;0.37;-0.31;-0.18
201939.00ms : 0.99;-0.18;-0.39;-0.73;-1.40;-0.85
201959.00ms : 0.99;-0.14;-0.40;-0.79;-0.79;-1.40
201979.00ms : 1.00;-0.14;-0.41;1.04;-1.40;-0.43
201999.00ms : 0.99;-0.15;-0.40;1.34;-0.92;0.37
202019.00ms : 1.00;-0.19;-0.39;-0.24;-1.83;0.31
202039.00ms : 0.98;-0.18;-0.38;-3.23;-0.98;-1.22
202059.00ms : 0.99;-0.11;-0.41;-3.05;-0.92;-1.04
202079.00ms : 0.99;-0.14;-0.40;-1.22;-0.55;-0.31
202099.00ms : 0.99;-0.17;-0.39;-1.83;-1.16;0.06
202119.00ms : 0.99;-0.17;-0.38;-4.21;-0.61;-1.22
202139.00ms : 1.00;-0.15;-0.39;-6.29;-0.79;-1.53
202159.00ms : 0.99;-0.13;-0.40;-5.00;-0.73;-1.89
202179.00ms : 0.98;-0.13;-0.39;-2.99;-0.24;-1.59
202199.00ms : 0.98;-0.13;-0.37;-4.88;0.06;-2.93
202219.00ms : 1.01;-0.13;-0.40;-5.25;-0.18;-2.32
202239.00ms : 1.00;-0.18;-0.40;-3.91;0.18;-1.65
202259.00ms : 0.99;-0.19;-0.40;-4.33;-0.12;-2.01
202279.00ms : 0.98;-0.15;-0.40;-4.52;-0.67;-2.87
202299.00ms : 1.01;-0.14;-0.41;-3.42;-0.31;-1.46
202319.00ms : 1.01;-0.19;-0.41;-1.65;-1.65;0.43
202339.00ms : 0.98;-0.19;-0.40;-1.65;-2.01;-0.49
202359.00ms : 0.99;-0.16;-0.40;-1.46;-1.65;-1.16
202379.00ms : 1.01;-0.15;-0.41;-0.98;-1.89;0.37
202399.00ms : 0.97;-0.17;-0.38;-2.01;-1.46;0.73
202419.00ms : 0.99;-0.16;-0.38;-2.26;-1.59;-0.85
202439.00ms : 1.00;-0.13;-0.41;-1.22;-2.20;-1.10
202459.00ms : 0.98;-0.14;-0.39;1.53;-1.46;-0.06
202479.00ms : 0.98;-0.18;-0.38;1.04;-1.22;0.18
202499.00ms : 0.98;-0.18;-0.37;-2.20;-1.34;-0.79
202519.00ms : 1.01;-0.14;-0.39;-3.48;-1.40;-0.98
202539.00ms : 1.00;-0.13;-0.40;0.24;-1.28;-0.43
202559.00ms : 0.97;-0.18;-0.39;1.59;-0.31;-0.06
202579.00ms : 0.99;-0.18;-0.38;-1.89;-1.04;-0.67
202599.00ms : 1.01;-0.15;-0.40;-3.11;-1.40;-0.43
202619.00ms : 0.99;-0.16;-0.39;-1.40;-1.22;0.12
202639.00ms : 0.98;-0.17;-0.39;-0.49;-0.92;0.31
202659.00ms : 1.00;-0.17;-0.39;-1.10;-1.28;0.00
202679.00ms : 1.00;-0.16;-0.39;-1.53;-1.22;0.00
202699.00ms : 0.99;-0.17;-0.39;-0.98;-0.73;0.37
202719.00ms : 0.98;-0.15;-0.39;-0.79;-0.31;-0.12
202739.00ms : 0.99;-0.14;-0.39;0.18;-0.18;-0.12
202759.00ms : 0.99;-0.15;-0.39;0.37;-0.06;0.06
202779.00ms : 0.99;-0.16;-0.39;0.49;-0.73;-0.06
202799.00ms : 0.98;-0.16;-0.39;0.79;-0.18;-0.55
202819.00ms : 0.99;-0.15;-0.39;-0.92;0.18;-0.85
202839.00ms : 0.98;-0.14;-0.38;-1.65;0.49;-1.59
202859.00ms : 1.00;-0.14;-0.40;-0.31;0.61;-1.34
202879.00ms : 0.98;-0.17;-0.39;0.31;0.85;-1.10
202899.00ms : 0.99;-0.15;-0.38;-2.20;0.67;-2.20
202919.00ms : 1.00;-0.13;-0.39;-3.05;0.61;-3.36
202939.00ms : 0.99;-0.14;-0.40;-2.01;0.73;-3.05
202959.00ms : 0.98;-0.16;-0.39;-1.34;1.16;-2.99
202979.00ms : 0.99;-0.16;-0.40;-2.08;1.04;-3.78
202999.00ms : 0.99;-0.19;-0.39;-4.39;1.10;-3.85
203019.00ms : 0.98;-0.18;-0.39;-8.24;0.73;-4.64
203039.00ms : 0.98;-0.11;-0.40;-8.73;0.73;-5.74
203059.00ms : 1.01;-0.13;-0.42;-1.95;0.73;-4.52
203079.00ms : 0.98;-0.21;-0.39;1.22;1.28;-2.75
203099.00ms : 0.98;-0.20;-0.38;-2.32;1.46;-4.03
203119.00ms : 0.99;-0.16;-0.38;-6.59;1.04;-6.29
203139.00ms : 0.99;-0.13;-0.39;-7.87;2.01;-6.10
203159.00ms : 0.98;-0.15;-0.39;-5.68;2.08;-5.19
203179.00ms : 0.96;-0.19;-0.36;-6.47;3.97;-6.84
203199.00ms : 0.97;-0.16;-0.36;-13.12;5.43;-9.83
203219.00ms : 1.01;-0.13;-0.42;-15.26;4.58;-10.31
203239.00ms : 0.96;-0.18;-0.38;-12.21;5.68;-10.25
203259.00ms : 0.96;-0.21;-0.34;-14.59;8.42;-11.90
203279.00ms : 1.00;-0.16;-0.38;-20.08;8.24;-15.63
203299.00ms : 0.97;-0.17;-0.40;-19.35;8.73;-15.93
203319.00ms : 0.93;-0.18;-0.40;-16.17;11.11;-15.81
203339.00ms : 0.96;-0.17;-0.43;-12.57;10.25;-14.95
203359.00ms : 1.00;-0.21;-0.42;-8.24;12.08;-17.64
203379.00ms : 0.99;-0.24;-0.42;-11.41;12.02;-17.33
203399.00ms : 0.97;-0.23;-0.42;-18.01;12.39;-16.24
203419.00ms : 0.97;-0.23;-0.44;-17.76;12.08;-16.91
203439.00ms : 0.96;-0.25;-0.46;-14.40;10.93;-15.56
203459.00ms : 0.96;-0.24;-0.40;-9.70;11.47;-15.50
203479.00ms : 0.99;-0.21;-0.43;-7.57;11.84;-15.87
203499.00ms : 0.98;-0.23;-0.47;-5.55;10.99;-15.20
203519.00ms : 0.94;-0.28;-0.45;-1.65;10.68;-13.06
203539.00ms : 0.95;-0.21;-0.38;-4.15;12.39;-14.34
203559.00ms : 1.01;-0.18;-0.46;-7.87;13.61;-17.82
203579.00ms : 0.99;-0.25;-0.49;-3.97;13.31;-19.10
203599.00ms : 0.91;-0.32;-0.44;0.37;12.21;-14.40
203619.00ms : 0.94;-0.30;-0.44;-1.65;15.32;-14.71
203639.00ms : 1.01;-0.21;-0.49;-2.69;14.16;-17.27
203659.00ms : 0.99;-0.25;-0.48;1.59;15.20;-17.40
203679.00ms : 0.95;-0.37;-0.48;4.88;17.58;-16.78
203699.00ms : 0.90;-0.41;-0.46;0.00;16.78;-16.54
203719.00ms : 0.92;-0.27;-0.46;-10.01;15.50;-17.33
203739.00ms : 1.02;-0.21;-0.58;-9.34;15.32;-19.04
203759.00ms : 0.96;-0.31;-0.56;2.50;14.22;-15.81
203779.00ms : 0.87;-0.42;-0.50;7.39;16.11;-11.05
203799.00ms : 0.92;-0.35;-0.45;-0.55;17.27;-15.75
203819.00ms : 1.04;-0.26;-0.50;-5.92;15.08;-19.59
203839.00ms : 0.99;-0.32;-0.61;-2.08;13.79;-18.43
203859.00ms : 0.86;-0.41;-0.54;5.00;15.50;-16.05
203879.00ms : 0.89;-0.41;-0.48;0.79;18.37;-17.27
203899.00ms : 1.03;-0.38;-0.54;-6.59;15.14;-17.82
203919.00ms : 0.93;-0.42;-0.58;-6.77;13.79;-17.88
203939.00ms : 0.78;-0.50;-0.57;-3.11;14.71;-16.11
203959.00ms : 0.84;-0.42;-0.49;-6.47;17.46;-15.69
203979.00ms : 1.05;-0.34;-0.51;-10.93;15.32;-14.47
203999.00ms : 0.97;-0.37;-0.56;-8.00;14.22;-16.91
204019.00ms : 0.84;-0.43;-0.55;-4.46;20.57;-19.41
204039.00ms : 0.95;-0.37;-0.54;-7.63;19.53;-18.86
204059.00ms : 1.00;-0.34;-0.57;-9.70;15.75;-19.04
204079.00ms : 0.87;-0.41;-0.61;-6.29;16.91;-21.36
204099.00ms : 0.82;-0.43;-0.61;-4.33;22.64;-21.73
204119.00ms : 0.94;-0.40;-0.57;-6.35;21.67;-21.91
204139.00ms : 0.99;-0.41;-0.61;-9.89;14.28;-24.29
204159.00ms : 0.85;-0.47;-0.70;-7.69;12.57;-26.00
204179.00ms : 0.80;-0.48;-0.64;-3.60;17.27;-24.96
204199.00ms : 0.94;-0.45;-0.56;-4.15;16.54;-23.86
204219.00ms : 0.98;-0.48;-0.58;-7.93;11.84;-26.06
204239.00ms : 0.84;-0.53;-0.65;-8.48;10.38;-28.02
204259.00ms : 0.78;-0.53;-0.65;-5.49;13.61;-25.88
204279.00ms : 0.83;-0.53;-0.61;-5.19;13.24;-23.80
204299.00ms : 0.80;-0.55;-0.61;-6.59;13.24;-24.05
204319.00ms : 0.70;-0.56;-0.68;-8.30;15.44;-21.91
204339.00ms : 0.72;-0.59;-0.70;-6.10;18.86;-19.90
204359.00ms : 0.83;-0.57;-0.66;-5.37;15.08;-17.09
204379.00ms : 0.92;-0.54;-0.63;-6.23;12.21;-16.85
204399.00ms : 0.87;-0.55;-0.64;-7.02;12.45;-17.09
204419.00ms : 0.81;-0.58;-0.62;-7.45;15.69;-16.42
204439.00ms : 0.89;-0.60;-0.67;-8.67;14.28;-13.55
204459.00ms : 0.91;-0.59;-0.65;-8.18;10.31;-13.37
204479.00ms : 0.86;-0.56;-0.63;-6.65;8.73;-14.22
204499.00ms : 0.74;-0.56;-0.65;-7.14;9.40;-12.57
204519.00ms : 0.72;-0.62;-0.70;-8.73;11.90;-8.61
204539.00ms : 0.81;-0.62;-0.68;-9.09;15.01;-7.69
204559.00ms : 0.93;-0.57;-0.69;-7.87;14.10;-7.69
204579.00ms : 0.84;-0.53;-0.72;-6.71;7.39;-7.14
204599.00ms : 0.75;-0.56;-0.75;-2.75;8.48;-8.12
204619.00ms : 0.80;-0.58;-0.73;-1.40;9.22;-7.32
204639.00ms : 0.88;-0.60;-0.70;-1.89;5.68;-7.75
204659.00ms : 0.88;-0.57;-0.71;-1.28;1.04;-8.85
204679.00ms : 0.75;-0.56;-0.72;-0.92;-3.60;-9.77
204699.00ms : 0.63;-0.62;-0.70;-1.65;1.53;-9.03
204719.00ms : 0.73;-0.61;-0.69;-2.87;10.99;-7.51
204739.00ms : 0.88;-0.60;-0.68;-0.37;11.11;-5.49
204759.00ms : 0.83;-0.60;-0.68;0.49;7.32;-5.92
204779.00ms : 0.70;-0.59;-0.72;0.31;8.12;-3.48
204799.00ms : 0.71;-0.62;-0.71;1.28;12.94;-4.88
204819.00ms : 0.82;-0.63;-0.66;2.44;13.24;-5.49
204839.00ms : 0.89;-0.61;-0.66;1.83;8.30;-4.70
204859.00ms : 0.80;-0.64;-0.70;0.00;3.30;-4.39
204879.00ms : 0.70;-0.58;-0.72;0.00;3.05;-4.94
204899.00ms : 0.73;-0.60;-0.70;3.97;6.59;-5.92
204919.00ms : 0.81;-0.64;-0.70;4.94;8.12;-5.19
204939.00ms : 0.81;-0.65;-0.70;4.39;7.57;-2.87
204959.00ms : 0.73;-0.63;-0.72;3.48;6.23;-0.43
204979.00ms : 0.71;-0.61;-0.75;3.17;9.52;-2.20
204999.00ms : 0.77;-0.61;-0.77;3.91;8.12;-3.23
205019.00ms : 0.80;-0.67;-0.73;1.28;6.47;-3.17
205039.00ms : 0.84;-0.67;-0.74;-3.85;3.42;-2.38
205059.00ms : 0.76;-0.62;-0.75;-2.81;2.20;-1.77
205079.00ms : 0.73;-0.61;-0.74;0.37;3.85;-0.49
205099.00ms : 0.77;-0.61;-0.75;4.82;5.31;-0.24
205119.00ms : 0.75;-0.58;-0.75;9.70;3.72;0.24
205139.00ms : 0.69;-0.57;-0.78;12.82;4.27;0.98
205159.00ms : 0.72;-0.62;-0.77;12.51;8.54;1.04
205179.00ms : 0.81;-0.64;-0.75;8.67;8.30;1.71
205199.00ms : 0.83;-0.63;-0.73;5.31;4.46;0.43
205219.00ms : 0.82;-0.63;-0.75;5.74;0.37;-0.61
205239.00ms : 0.77;-0.58;-0.76;7.26;-2.75;-0.12
205259.00ms : 0.69;-0.59;-0.78;6.53;0.49;0.55
205279.00ms : 0.69;-0.59;-0.79;5.13;3.54;1.10
205299.00ms : 0.75;-0.60;-0.77;4.94;4.03;-0.61
205319.00ms : 0.79;-0.61;-0.76;6.59;-1.16;-0.92
205339.00ms : 0.76;-0.60;-0.77;6.41;-2.75;-2.08
205359.00ms : 0.73;-0.60;-0.76;5.80;0.06;-1.28
205379.00ms : 0.74;-0.60;-0.77;3.23;3.11;-0.31
205399.00ms : 0.76;-0.59;-0.76;3.60;3.78;0.55
205419.00ms : 0.76;-0.59;-0.74;4.27;2.50;-0.31
205439.00ms : 0.74;-0.61;-0.76;3.36;2.08;-1.89
205459.00ms : 0.75;-0.59;-0.78;1.89;2.62;-2.44
205479.00ms : 0.74;-0.59;-0.79;1.16;3.54;-1.77
205499.00ms : 0.76;-0.62;-0.80;1.53;4.76;-0.79
205519.00ms : 0.76;-0.62;-0.82;2.44;1.71;-0.73
205539.00ms : 0.79;-0.62;-0.81;2.75;-0.98;-1.40
205559.00ms : 0.78;-0.62;-0.81;4.21;-4.27;-0.79
205579.00ms : 0.76;-0.62;-0.79;4.64;-3.91;-0.06
205599.00ms : 0.73;-0.62;-0.77;2.93;-1.77;0.43
205619.00ms : 0.71;-0.60;-0.76;1.46;-0.06;0.98
205639.00ms : 0.74;-0.63;-0.74;0.18;1.22;0.00
205659.00ms : 0.78;-0.62;-0.74;-0.98;-0.49;-0.06
205679.00ms : 0.75;-0.61;-0.77;0.49;-1.10;0.37
205699.00ms : 0.75;-0.60;-0.78;0.85;-0.43;-0.18
205719.00ms : 0.76;-0.60;-0.78;-0.37;0.06;-0.06
205739.00ms : 0.74;-0.60;-0.77;-0.67;0.31;-0.24
205759.00ms : 0.73;-0.59;-0.79;-0.18;0.98;0.85
205779.00ms : 0.72;-0.60;-0.79;-0.85;3.17;0.37
205799.00ms : 0.76;-0.59;-0.78;-2.50;2.87;-0.12
205819.00ms : 0.76;-0.61;-0.78;-1.89;0.61;-0.37
205839.00ms : 0.75;-0.63;-0.79;-0.98;-0.55;0.55
205859.00ms : 0.72;-0.63;-0.81;-1.22;0.92;1.59
205879.00ms : 0.77;-0.62;-0.80;-3.42;2.56;0.67
205899.00ms : 0.79;-0.60;-0.80;-2.87;-1.04;1.46
205919.00ms : 0.74;-0.61;-0.75;-2.99;-2.81;0.49
205939.00ms : 0.69;-0.58;-0.78;-7.14;0.06;0.98
205959.00ms : 0.72;-0.63;-0.83;-8.48;2.20;2.50
205979.00ms : 0.76;-0.65;-0.81;-8.54;3.85;2.93
205999.00ms : 0.81;-0.65;-0.78;-8.91;2.14;3.66
206019.00ms : 0.84;-0.67;-0.79;-8.67;-2.69;5.13
206039.00ms : 0.81;-0.67;-0.82;-6.77;-7.69;7.26
206059.00ms : 0.77;-0.62;-0.82;-7.32;-8.48;7.69
206079.00ms : 0.73;-0.59;-0.81;-6.90;-8.12;7.08
206099.00ms : 0.72;-0.62;-0.82;-5.37;-6.04;6.90
206119.00ms : 0.74;-0.62;-0.81;-4.70;-2.44;8.36
206139.00ms : 0.76;-0.58;-0.77;-7.26;-3.42;8.42
206159.00ms : 0.77;-0.62;-0.73;-10.99;-5.62;9.16
206179.00ms : 0.78;-0.64;-0.75;-14.10;-6.90;10.38
206199.00ms : 0.76;-0.64;-0.78;-14.10;-7.87;11.72
206219.00ms : 0.74;-0.63;-0.76;-11.23;-7.93;11.84
206239.00ms : 0.74;-0.60;-0.71;-8.12;-5.62;12.70
206259.00ms : 0.80;-0.61;-0.68;-6.41;-5.13;15.01
206279.00ms : 0.84;-0.66;-0.71;-7.45;-7.32;15.08
206299.00ms : 0.76;-0.62;-0.73;-9.28;-9.64;15.44
206319.00ms : 0.75;-0.60;-0.75;-7.75;-5.80;15.81
206339.00ms : 0.80;-0.60;-0.75;-5.19;-3.97;15.99
206359.00ms : 0.85;-0.57;-0.74;-3.42;-7.63;16.48
206379.00ms : 0.80;-0.55;-0.74;-2.62;-12.27;16.91
206399.00ms : 0.73;-0.56;-0.77;-3.91;-9.09;17.03
206419.00ms : 0.76;-0.58;-0.75;-3.54;-5.55;18.43
206439.00ms : 0.85;-0.57;-0.73;-3.36;-8.12;18.25
206459.00ms : 0.88;-0.53;-0.74;-3.30;-14.53;17.58
206479.00ms : 0.82;-0.52;-0.76;-2.87;-17.52;16.42
206499.00ms : 0.76;-0.50;-0.77;-0.67;-16.17;16.72
206519.00ms : 0.78;-0.51;-0.75;4.33;-13.92;18.19
206539.00ms : 0.82;-0.52;-0.71;7.08;-15.14;19.35
206559.00ms : 0.88;-0.53;-0.71;7.45;-18.13;19.84
206579.00ms : 0.84;-0.53;-0.70;5.19;-20.20;19.71
206599.00ms : 0.78;-0.54;-0.71;2.75;-18.80;18.86
206619.00ms : 0.82;-0.53;-0.67;1.22;-17.15;20.75
206639.00ms : 0.95;-0.49;-0.62;0.98;-19.90;23.86
206659.00ms : 0.93;-0.48;-0.64;0.85;-25.45;23.62
206679.00ms : 0.79;-0.51;-0.67;3.30;-22.71;20.14
206699.00ms : 0.77;-0.52;-0.68;4.39;-17.21;20.75
206719.00ms : 0.88;-0.48;-0.62;2.81;-17.27;23.56
206739.00ms : 0.96;-0.44;-0.63;-1.71;-20.87;26.12
206759.00ms : 0.86;-0.43;-0.63;-2.93;-19.90;22.71
206779.00ms : 0.79;-0.45;-0.66;-1.10;-13.98;21.12
206799.00ms : 0.83;-0.46;-0.63;-2.32;-11.23;24.41
206819.00ms : 0.95;-0.41;-0.59;-6.04;-14.83;25.27
206839.00ms : 0.97;-0.33;-0.58;-7.20;-21.55;21.36
206859.00ms : 0.84;-0.36;-0.65;0.85;-18.37;16.85
206879.00ms : 0.81;-0.42;-0.64;8.54;-11.90;17.88
206899.00ms : 0.91;-0.41;-0.59;5.25;-11.23;20.81
206919.00ms : 1.01;-0.36;-0.55;-1.22;-16.30;19.23
206939.00ms : 0.96;-0.34;-0.62;-4.21;-19.65;15.75
206959.00ms : 0.84;-0.37;-0.58;2.62;-14.71;11.60
206979.00ms : 0.83;-0.37;-0.62;2.93;-14.89;11.72
206999.00ms : 0.87;-0.38;-0.63;0.73;-14.40;15.08
207019.00ms : 0.97;-0.36;-0.60;-2.20;-13.12;17.33
207039.00ms : 1.00;-0.33;-0.58;-2.87;-15.20;15.20
207059.00ms : 0.95;-0.37;-0.61;0.06;-16.30;11.96
207079.00ms : 0.91;-0.39;-0.57;1.89;-16.54;12.27
207099.00ms : 0.91;-0.38;-0.54;2.08;-18.25;13.12
207119.00ms : 0.91;-0.34;-0.56;1.77;-18.13;12.70
207139.00ms : 0.91;-0.35;-0.55;3.60;-14.83;13.24
207159.00ms : 0.94;-0.36;-0.61;4.09;-14.10;14.71
207179.00ms : 0.93;-0.39;-0.60;6.10;-16.30;16.85
207199.00ms : 0.90;-0.42;-0.56;4.52;-16.42;17.76
207219.00ms : 0.91;-0.37;-0.54;-1.65;-18.86;15.26
207239.00ms : 0.93;-0.30;-0.53;-3.05;-19.90;14.89
207259.00ms : 0.93;-0.29;-0.51;1.16;-18.25;16.54
207279.00ms : 0.95;-0.29;-0.55;5.98;-17.58;18.25
207299.00ms : 0.98;-0.34;-0.54;9.40;-17.76;20.51
207319.00ms : 0.99;-0.34;-0.51;6.96;-20.26;19.71
207339.00ms : 0.96;-0.29;-0.48;3.60;-22.95;16.30
207359.00ms : 0.98;-0.21;-0.48;4.33;-21.79;14.89
207379.00ms : 1.00;-0.20;-0.44;10.86;-19.84;16.30
207399.00ms : 0.97;-0.22;-0.44;15.87;-17.82;16.48
207419.00ms : 0.95;-0.26;-0.42;16.11;-14.71;13.18
207439.00ms : 0.97;-0.23;-0.43;7.81;-12.21;10.13
207459.00ms : 1.00;-0.20;-0.47;1.04;-12.08;8.61
207479.00ms : 0.96;-0.23;-0.48;2.81;-11.60;11.23
207499.00ms : 0.91;-0.26;-0.44;4.46;-9.77;11.78
207519.00ms : 0.95;-0.27;-0.48;2.44;-10.13;11.47
207539.00ms : 0.93;-0.29;-0.51;3.72;-13.55;11.96
207559.00ms : 0.90;-0.29;-0.51;7.02;-14.59;13.43
207579.00ms : 0.92;-0.29;-0.51;10.93;-13.85;14.77
207599.00ms : 0.99;-0.26;-0.47;11.90;-12.51;17.58
207619.00ms : 1.07;-0.21;-0.44;9.09;-13.31;18.92
207639.00ms : 1.04;-0.24;-0.40;8.54;-13.49;15.75
207659.00ms : 0.98;-0.24;-0.38;3.05;-11.35;14.28
207679.00ms : 0.99;-0.22;-0.38;-2.01;-11.05;14.95
207699.00ms : 1.00;-0.20;-0.41;-2.75;-11.90;14.47
207719.00ms : 0.98;-0.18;-0.43;1.71;-10.25;13.61
207739.00ms : 0.98;-0.16;-0.44;5.68;-9.03;13.73
207759.00ms : 1.01;-0.16;-0.45;5.80;-9.58;13.98
207779.00ms : 1.02;-0.16;-0.41;6.04;-10.56;14.71
207799.00ms : 0.99;-0.15;-0.39;6.35;-9.52;13.98
207819.00ms : 0.97;-0.18;-0.42;6.41;-9.28;13.49
207839.00ms : 0.98;-0.18;-0.42;4.21;-10.13;12.88
207859.00ms : 1.02;-0.13;-0.42;2.50;-11.41;12.33
207879.00ms : 1.01;-0.10;-0.40;4.52;-10.44;10.62
207899.00ms : 1.00;-0.17;-0.42;7.57;-10.25;11.41
207919.00ms : 0.95;-0.21;-0.40;7.75;-11.29;12.94
207939.00ms : 0.96;-0.13;-0.40;6.84;-11.47;12.57
207959.00ms : 1.00;-0.06;-0.39;12.63;-11.78;11.90
207979.00ms : 0.97;-0.08;-0.36;19.04;-9.28;12.02
207999.00ms : 0.98;-0.09;-0.37;19.65;-7.32;11.66
208019.00ms : 0.98;-0.11;-0.37;19.71;-7.32;8.61
208039.00ms : 0.99;-0.13;-0.38;18.13;-6.84;8.91
208059.00ms : 0.99;-0.11;-0.37;13.92;-5.86;8.67
208079.00ms : 1.01;-0.08;-0.38;13.49;-5.43;9.52
208099.00ms : 1.00;-0.16;-0.39;15.38;-5.49;9.52
208119.00ms : 0.96;-0.15;-0.33;10.93;-5.19;6.59
208139.00ms : 0.96;-0.04;-0.33;4.64;-3.05;1.16
208159.00ms : 1.03;0.02;-0.42;8.67;-4.33;2.56
208179.00ms : 1.00;-0.14;-0.41;14.10;-4.09;6.10
208199.00ms : 1.00;-0.21;-0.37;9.16;-3.54;6.77
208219.00ms : 0.99;-0.14;-0.36;3.97;-4.52;2.87
208239.00ms : 1.00;-0.06;-0.41;7.02;-4.52;2.93
208259.00ms : 0.99;-0.11;-0.41;14.53;-4.27;7.26
208279.00ms : 0.98;-0.16;-0.38;13.73;-3.42;8.30
208299.00ms : 1.01;-0.12;-0.36;9.77;-4.58;5.80
208319.00ms : 1.01;-0.08;-0.36;9.09;-3.66;3.36
208339.00ms : 0.99;-0.07;-0.38;10.74;-3.42;4.33
208359.00ms : 0.98;-0.06;-0.37;12.76;-2.75;5.80
208379.00ms : 1.00;-0.10;-0.37;13.61;-2.56;4.82
208399.00ms : 0.99;-0.10;-0.37;12.63;-2.99;3.05
208419.00ms : 0.99;-0.09;-0.37;12.02;-1.65;3.30
208439.00ms : 0.99;-0.09;-0.37;11.35;-1.89;3.36
208459.00ms : 1.00;-0.12;-0.37;9.34;-2.50;3.42
208479.00ms : 1.01;-0.13;-0.39;6.77;-3.11;2.81
208499.00ms : 0.97;-0.11;-0.38;2.87;-2.56;1.28
208519.00ms : 0.99;-0.10;-0.36;-0.37;-2.26;0.24
208539.00ms : 1.00;-0.07;-0.37;-1.83;-2.62;-0.24
208559.00ms : 1.04;-0.08;-0.40;1.83;-4.27;2.62
208579.00ms : 0.99;-0.11;-0.40;5.43;-4.64;4.15
208599.00ms : 0.97;-0.13;-0.37;3.72;-3.36;1.77
208619.00ms : 0.99;-0.04;-0.36;1.89;-2.75;-0.18
208639.00ms : 1.02;-0.07;-0.37;5.19;-3.85;2.62
208659.00ms : 1.00;-0.11;-0.38;6.84;-2.87;3.23
208679.00ms : 0.97;-0.10;-0.37;5.31;-2.93;1.16
208699.00ms : 0.97;-0.06;-0.35;3.42;-2.50;0.31
208719.00ms : 1.00;-0.03;-0.35;5.68;-1.77;0.43
208739.00ms : 1.01;-0.05;-0.36;9.40;-1.46;0.49
208759.00ms : 0.98;-0.08;-0.37;7.75;-0.92;0.06
208779.00ms : 0.98;-0.06;-0.37;6.53;-0.98;-0.67
208799.00ms : 1.00;-0.08;-0.36;7.02;-0.73;-1.22
208819.00ms : 1.02;-0.11;-0.38;9.16;-0.92;-1.16
208839.00ms : 1.00;-0.13;-0.38;8.42;-2.08;-0.43
208859.00ms : 0.99;-0.14;-0.37;4.58;-2.32;-0.92
208879.00ms : 1.00;-0.11;-0.37;0.92;-2.14;-1.83
208899.00ms : 0.99;-0.08;-0.37;-0.31;-1.65;-1.65
208919.00ms : 1.00;-0.09;-0.36;1.16;-1.46;-1.40
208939.00ms : 0.99;-0.11;-0.36;0.31;-0.79;-1.46
208959.00ms : 0.99;-0.12;-0.36;-1.28;-1.04;-1.53
208979.00ms : 1.00;-0.10;-0.37;-2.20;-1.04;-1.53
208999.00ms : 1.00;-0.09;-0.37;-0.61;-1.10;-1.40
209019.00ms : 1.00;-0.10;-0.36;0.55;-0.61;-0.85
209039.00ms : 0.99;-0.11;-0.37;-1.10;-0.43;-0.85
209059.00ms : 1.00;-0.10;-0.36;-3.11;-0.37;-1.71
209079.00ms : 0.99;-0.11;-0.36;-4.03;-0.06;-1.83
209099.00ms : 1.00;-0.10;-0.37;-4.27;-0.12;-1.10
209119.00ms : 0.99;-0.11;-0.37;-2.99;-0.24;-1.10
209139.00ms : 1.00;-0.09;-0.38;-0.61;-0.24;-0.79
209159.00ms : 0.99;-0.09;-0.37;1.10;-0.12;-0.31
209179.00ms : 1.00;-0.11;-0.37;0.12;0.37;-0.12
209199.00ms : 1.00;-0.11;-0.37;-3.05;-0.24;-0.61
209219.00ms : 1.00;-0.09;-0.37;-3.42;-0.37;-1.04
209239.00ms : 0.99;-0.09;-0.38;-2.32;-0.61;-0.49
209259.00ms : 0.99;-0.11;-0.37;-1.40;0.00;-0.61
209279.00ms : 1.00;-0.11;-0.37;-3.91;-0.06;-1.34
209299.00ms : 1.00;-0.09;-0.36;-5.74;-0.92;-1.89
209319.00ms : 1.00;-0.09;-0.38;-4.27;-0.67;-1.10
209339.00ms : 1.00;-0.10;-0.38;-2.50;-0.92;-1.04
209359.00ms : 0.99;-0.11;-0.37;-1.65;-0.43;-1.28
209379.00ms : 0.99;-0.09;-0.36;-3.54;-0.12;-2.38
209399.00ms : 1.00;-0.07;-0.37;-3.91;0.18;-2.32
209419.00ms : 1.00;-0.09;-0.37;-1.95;0.18;-1.28
209439.00ms : 0.99;-0.10;-0.37;-1.04;0.61;-1.65
209459.00ms : 0.99;-0.11;-0.37;-1.16;0.92;-2.81
209479.00ms : 1.00;-0.10;-0.38;-1.40;0.67;-2.56
209499.00ms : 0.99;-0.10;-0.37;-1.83;0.85;-1.95
209519.00ms : 1.00;-0.12;-0.37;-2.08;0.49;-1.59
209539.00ms : 0.98;-0.13;-0.37;-3.85;1.04;-3.05
209559.00ms : 1.00;-0.11;-0.38;-4.21;0.55;-2.26
209579.00ms : 0.99;-0.12;-0.36;-4.15;0.79;-1.71
209599.00ms : 0.99;-0.14;-0.37;-6.23;1.34;-1.71
209619.00ms : 0.99;-0.12;-0.36;-9.34;1.40;-3.11
209639.00ms : 1.00;-0.09;-0.38;-10.31;1.77;-3.36
209659.00ms : 1.00;-0.10;-0.39;-7.63;1.83;-2.62
209679.00ms : 1.00;-0.13;-0.38;-5.98;2.08;-1.16
209699.00ms : 0.98;-0.14;-0.36;-7.20;2.08;-1.77
209719.00ms : 0.99;-0.09;-0.39;-8.73;2.20;-3.42
209739.00ms : 1.00;-0.07;-0.39;-5.74;1.53;-3.23
209759.00ms : 1.00;-0.09;-0.39;-3.60;2.50;-2.20
209779.00ms : 1.00;-0.10;-0.39;-2.14;1.95;-1.53
209799.00ms : 0.98;-0.12;-0.38;-1.65;2.26;-2.75
209819.00ms : 0.99;-0.10;-0.38;-2.08;2.69;-3.54
209839.00ms : 1.00;-0.08;-0.40;-0.73;2.32;-3.42
209859.00ms : 1.01;-0.11;-0.40;2.38;2.01;-1.83
209879.00ms : 0.99;-0.14;-0.39;2.20;2.50;-1.53
209899.00ms : 0.99;-0.14;-0.39;0.37;2.87;-2.69
209919.00ms : 0.99;-0.13;-0.38;-3.78;2.44;-4.52
209939.00ms : 1.01;-0.09;-0.41;-3.78;1.71;-3.72
209959.00ms : 0.99;-0.10;-0.39;-1.40;2.38;-4.76
209979.00ms : 0.99;-0.10;-0.38;-1.77;3.23;-5.86
209999.00ms : 0.98;-0.08;-0.37;-3.23;3.91;-9.16
210019.00ms : 0.99;-0.06;-0.39;-1.65;4.33;-9.52
210039.00ms : 0.99;-0.07;-0.39;0.67;5.49;-10.01
210059.00ms : 0.99;-0.13;-0.39;1.40;5.98;-9.28
210079.00ms : 0.97;-0.19;-0.38;-3.48;6.77;-11.72
210099.00ms : 0.97;-0.10;-0.38;-10.62;5.86;-16.05
210119.00ms : 1.00;-0.07;-0.42;-9.89;5.07;-17.15
210139.00ms : 0.99;-0.14;-0.39;-8.79;7.93;-15.50
210159.00ms : 0.97;-0.17;-0.39;-11.17;9.09;-15.01
210179.00ms : 0.98;-0.15;-0.40;-11.96;9.03;-17.27
210199.00ms : 1.00;-0.16;-0.41;-10.74;8.67;-18.68
210219.00ms : 1.01;-0.13;-0.47;-8.61;7.57;-17.33
210239.00ms : 0.98;-0.14;-0.45;-0.43;7.81;-15.56
210259.00ms : 0.97;-0.10;-0.44;6.84;9.34;-16.72
210279.00ms : 1.00;-0.10;-0.45;14.83;7.08;-19.29
210299.00ms : 0.99;-0.11;-0.42;19.10;8.42;-21.91
210319.00ms : 1.00;-0.15;-0.44;20.57;8.61;-21.73
210339.00ms : 0.95;-0.30;-0.40;13.61;11.23;-21.06
210359.00ms : 0.90;-0.39;-0.37;-4.03;12.02;-18.62
210379.00ms : 0.92;-0.34;-0.41;-22.34;12.76;-19.41
210399.00ms : 0.95;-0.31;-0.48;-29.48;9.89;-17.88
210419.00ms : 0.94;-0.34;-0.47;-26.06;10.13;-13.92
210439.00ms : 0.95;-0.28;-0.47;-22.77;10.44;-12.82
210459.00ms : 0.99;-0.18;-0.42;-18.86;10.25;-16.72
210479.00ms : 1.02;-0.14;-0.48;-12.63;12.88;-21.61
210499.00ms : 0.99;-0.16;-0.48;-5.25;14.22;-22.95
210519.00ms : 1.00;-0.23;-0.50;-1.46;15.01;-21.36
210539.00ms : 1.02;-0.27;-0.49;-1.65;13.92;-22.34
210559.00ms : 1.00;-0.35;-0.52;-3.42;11.11;-23.01
210579.00ms : 0.92;-0.40;-0.49;-3.05;10.93;-19.96
210599.00ms : 0.88;-0.41;-0.47;-4.52;12.57;-16.17
210619.00ms : 0.96;-0.34;-0.48;-7.81;12.51;-16.24
210639.00ms : 1.08;-0.26;-0.48;-8.24;10.01;-17.33
210659.00ms : 1.01;-0.37;-0.53;-0.67;8.06;-17.52
210679.00ms : 0.86;-0.41;-0.46;1.46;13.12;-16.72
210699.00ms : 0.96;-0.37;-0.46;-8.12;13.92;-15.87
210719.00ms : 1.03;-0.30;-0.49;-13.31;10.68;-17.15
210739.00ms : 0.95;-0.32;-0.54;-7.32;9.64;-17.46
210759.00ms : 0.86;-0.35;-0.56;1.46;11.78;-14.83
210779.00ms : 0.86;-0.38;-0.55;4.33;11.60;-13.79
210799.00ms : 0.91;-0.39;-0.52;-0.67;10.99;-12.33
210819.00ms : 0.97;-0.39;-0.52;-5.62;10.80;-12.21
210839.00ms : 0.95;-0.34;-0.56;-7.39;9.52;-14.28
210859.00ms : 0.91;-0.31;-0.55;-2.56;8.00;-14.65
210879.00ms : 0.93;-0.33;-0.54;2.01;8.12;-14.53
210899.00ms : 1.00;-0.33;-0.50;1.71;9.64;-15.87
210919.00ms : 0.98;-0.38;-0.48;-1.04;10.99;-18.01
210939.00ms : 0.91;-0.45;-0.53;-6.53;11.35;-18.68
210959.00ms : 0.89;-0.45;-0.54;-11.29;9.58;-20.45
210979.00ms : 0.89;-0.42;-0.56;-13.00;6.47;-20.45
210999.00ms : 0.88;-0.42;-0.58;-10.38;5.98;-19.17
211019.00ms : 0.87;-0.40;-0.56;-6.23;9.03;-18.37
211039.00ms : 0.91;-0.43;-0.56;-4.03;11.23;-19.41
211059.00ms : 0.92;-0.44;-0.58;-4.46;10.13;-20.81
211079.00ms : 0.87;-0.47;-0.60;-5.07;8.79;-19.35
211099.00ms : 0.85;-0.49;-0.63;-5.68;8.85;-16.72
211119.00ms : 0.91;-0.47;-0.59;-7.14;7.69;-16.05
211139.00ms : 0.95;-0.46;-0.58;-8.91;6.53;-16.91
211159.00ms : 0.90;-0.47;-0.58;-8.97;8.36;-18.37
211179.00ms : 0.91;-0.45;-0.59;-7.63;8.24;-17.15
211199.00ms : 0.86;-0.46;-0.59;-5.19;4.64;-17.27
211219.00ms : 0.78;-0.53;-0.58;-1.22;5.49;-16.72
211239.00ms : 0.84;-0.56;-0.59;0.55;7.75;-13.61
211259.00ms : 1.00;-0.54;-0.57;-1.10;6.23;-12.27
211279.00ms : 0.98;-0.48;-0.59;-2.20;0.55;-11.35
211299.00ms : 0.81;-0.50;-0.55;0.73;2.08;-13.06
211319.00ms : 0.66;-0.57;-0.56;-0.31;7.81;-11.96
211339.00ms : 0.75;-0.51;-0.57;-3.30;12.27;-6.96
211359.00ms : 0.89;-0.51;-0.59;-4.03;11.66;-6.23
211379.00ms : 0.90;-0.52;-0.59;-3.05;12.57;-7.08
211399.00ms : 0.89;-0.50;-0.58;-2.93;13.49;-6.90
211419.00ms : 0.85;-0.53;-0.60;-4.82;11.11;-9.34
211439.00ms : 0.90;-0.48;-0.65;-5.13;7.02;-10.56
211459.00ms : 0.90;-0.47;-0.67;-2.81;3.05;-12.02
211479.00ms : 0.82;-0.52;-0.65;-1.89;4.52;-11.78
211499.00ms : 0.79;-0.54;-0.68;-3.48;8.85;-8.97
211519.00ms : 0.80;-0.55;-0.69;-5.25;9.09;-6.41
211539.00ms : 0.91;-0.57;-0.66;-3.48;10.38;-6.77
211559.00ms : 0.96;-0.54;-0.62;-1.95;5.62;-4.76
211579.00ms : 0.91;-0.54;-0.59;1.28;2.93;-6.29
211599.00ms : 0.81;-0.56;-0.54;2.08;0.06;-10.50
211619.00ms : 0.78;-0.57;-0.54;1.04;2.99;-9.58
211639.00ms : 0.81;-0.57;-0.60;-1.10;6.04;-5.55
211659.00ms : 0.79;-0.56;-0.62;-1.71;6.59;-5.19
211679.00ms : 0.76;-0.56;-0.65;-3.30;7.26;-5.37
211699.00ms : 0.83;-0.53;-0.67;-3.54;9.40;-4.46
211719.00ms : 0.86;-0.54;-0.66;-3.17;9.83;-3.78
211739.00ms : 0.81;-0.58;-0.65;-5.43;9.77;-3.60
211759.00ms : 0.84;-0.58;-0.64;-7.32;10.01;-3.60
211779.00ms : 0.89;-0.55;-0.64;-6.41;5.37;-3.85
211799.00ms : 0.87;-0.56;-0.63;-2.99;2.32;-5.19
211819.00ms : 0.85;-0.52;-0.64;0.18;1.65;-5.49
211839.00ms : 0.74;-0.55;-0.67;1.65;3.66;-4.64
211859.00ms : 0.73;-0.58;-0.66;1.46;7.02;-3.30
211879.00ms : 0.85;-0.61;-0.62;0.24;5.98;-4.82
211899.00ms : 0.93;-0.58;-0.59;-0.67;2.14;-4.88
211919.00ms : 0.87;-0.55;-0.64;0.00;-0.55;-2.99
211939.00ms : 0.79;-0.58;-0.67;2.44;3.36;-1.71
211959.00ms : 0.75;-0.57;-0.64;2.87;6.16;-3.30
211979.00ms : 0.79;-0.58;-0.65;1.22;6.90;-3.36
211999.00ms : 0.82;-0.56;-0.69;-0.85;4.03;-1.89
212019.00ms : 0.82;-0.56;-0.72;0.55;2.44;-3.17
212039.00ms : 0.82;-0.55;-0.72;2.38;1.65;-3.66
212059.00ms : 0.84;-0.55;-0.67;4.15;2.50;-3.30
212079.00ms : 0.84;-0.56;-0.68;3.97;-0.37;-2.62
212099.00ms : 0.77;-0.54;-0.66;3.72;-2.38;-2.62
212119.00ms : 0.82;-0.57;-0.63;2.08;-2.50;-4.88
212139.00ms : 0.84;-0.58;-0.62;1.95;-2.38;-5.49
212159.00ms : 0.82;-0.58;-0.62;2.75;-1.95;-5.43
212179.00ms : 0.76;-0.61;-0.62;2.75;3.05;-4.09
212199.00ms : 0.79;-0.58;-0.59;-0.31;6.04;-4.03
212219.00ms : 0.81;-0.59;-0.67;-1.10;4.64;-2.75
212239.00ms : 0.80;-0.61;-0.69;0.18;3.54;-5.07
212259.00ms : 0.81;-0.57;-0.74;0.73;0.18;-4.58
212279.00ms : 0.81;-0.57;-0.73;3.72;1.22;-5.31
212299.00ms : 0.82;-0.56;-0.70;2.44;0.85;-4.64
212319.00ms : 0.82;-0.57;-0.70;0.92;-1.46;-5.25
212339.00ms : 0.81;-0.58;-0.69;3.17;-3.78;-5.92
212359.00ms : 0.79;-0.57;-0.66;4.21;-3.78;-6.29
212379.00ms : 0.76;-0.57;-0.65;3.97;-1.28;-4.94
212399.00ms : 0.77;-0.60;-0.64;2.14;2.08;-4.27
212419.00ms : 0.82;-0.61;-0.65;0.49;2.14;-4.88
212439.00ms : 0.80;-0.59;-0.67;1.22;0.61;-4.39
212459.00ms : 0.76;-0.60;-0.67;3.11;1.89;-3.97
212479.00ms : 0.76;-0.62;-0.67;3.23;4.27;-3.23
212499.00ms : 0.79;-0.60;-0.65;0.43;5.92;-3.78
212519.00ms : 0.80;-0.61;-0.67;0.00;4.76;-2.50
212539.00ms : 0.81;-0.62;-0.68;-0.24;3.05;-3.91
212559.00ms : 0.79;-0.59;-0.71;-0.18;0.43;-3.97
212579.00ms : 0.78;-0.57;-0.74;2.20;-0.43;-4.09
212599.00ms : 0.73;-0.58;-0.73;4.76;-0.12;-3.66
212619.00ms : 0.76;-0.61;-0.72;4.27;2.87;-2.32
212639.00ms : 0.81;-0.62;-0.69;2.99;2.62;-0.98
212659.00ms : 0.81;-0.65;-0.67;1.34;0.67;-1.34
212679.00ms : 0.80;-0.62;-0.69;2.56;-1.95;-2.69
212699.00ms : 0.76;-0.60;-0.70;5.25;-0.79;-1.40
212719.00ms : 0.76;-0.61;-0.70;7.39;2.69;0.49
212739.00ms : 0.77;-0.60;-0.67;4.21;2.32;-0.67
212759.00ms : 0.78;-0.58;-0.69;3.66;1.59;-0.98
212779.00ms : 0.78;-0.62;-0.71;4.39;3.42;0.24
212799.00ms : 0.78;-0.64;-0.73;4.64;4.76;1.22
212819.00ms : 0.79;-0.64;-0.73;6.53;5.25;1.46
212839.00ms : 0.81;-0.60;-0.71;9.03;6.23;0.12
212859.00ms : 0.78;-0.61;-0.72;8.36;5.07;1.10
212879.00ms : 0.78;-0.60;-0.74;5.25;3.60;2.69
212899.00ms : 0.80;-0.62;-0.73;3.36;2.44;1.59
212919.00ms : 0.83;-0.62;-0.71;2.26;-0.12;0.79
212939.00ms : 0.78;-0.61;-0.72;2.56;-1.71;2.01
212959.00ms : 0.76;-0.60;-0.72;2.93;0.12;2.93
212979.00ms : 0.78;-0.63;-0.71;0.12;1.71;3.66
212999.00ms : 0.78;-0.62;-0.72;-3.54;1.34;4.52
213019.00ms : 0.79;-0.59;-0.73;-4.21;0.55;4.82
213039.00ms : 0.75;-0.59;-0.73;-2.93;0.00;6.16
213059.00ms : 0.72;-0.61;-0.72;-4.52;0.92;7.39
213079.00ms : 0.80;-0.65;-0.70;-7.75;0.24;6.47
213099.00ms : 0.87;-0.63;-0.69;-8.12;-4.70;4.46
213119.00ms : 0.85;-0.59;-0.71;-5.74;-7.26;4.21
213139.00ms : 0.74;-0.59;-0.71;-5.37;-4.82;6.23
213159.00ms : 0.71;-0.62;-0.68;-7.69;0.67;7.57
213179.00ms : 0.79;-0.64;-0.67;-10.56;2.50;7.63
213199.00ms : 0.86;-0.60;-0.69;-10.07;-0.24;8.06
213219.00ms : 0.80;-0.60;-0.74;-7.32;-1.34;8.18
213239.00ms : 0.78;-0.60;-0.75;-5.37;0.98;10.68
213259.00ms : 0.80;-0.62;-0.75;-3.42;0.67;11.66
213279.00ms : 0.83;-0.59;-0.73;-0.31;-3.48;8.73
213299.00ms : 0.83;-0.56;-0.76;2.08;-7.69;8.18
213319.00ms : 0.75;-0.55;-0.79;4.27;-7.63;11.96
213339.00ms : 0.75;-0.57;-0.77;7.45;-3.11;15.63
213359.00ms : 0.86;-0.62;-0.71;7.57;-3.60;14.59
213379.00ms : 0.96;-0.59;-0.68;5.25;-12.82;12.57
213399.00ms : 0.83;-0.55;-0.71;2.01;-19.96;11.66
213419.00ms : 0.73;-0.55;-0.73;4.70;-12.45;12.02
213439.00ms : 0.74;-0.57;-0.72;6.16;-6.41;15.44
213459.00ms : 0.82;-0.61;-0.69;3.48;-8.24;16.30
213479.00ms : 0.90;-0.57;-0.67;-0.61;-13.55;15.75
213499.00ms : 0.82;-0.53;-0.68;-4.03;-17.52;15.50
213519.00ms : 0.74;-0.53;-0.67;-5.31;-14.22;15.69
213539.00ms : 0.75;-0.56;-0.67;-6.59;-10.13;17.33
213559.00ms : 0.87;-0.53;-0.68;-9.46;-12.15;20.08
213579.00ms : 0.91;-0.48;-0.70;-11.66;-17.27;22.52
213599.00ms : 0.84;-0.49;-0.68;-7.20;-16.60;20.69
213619.00ms : 0.79;-0.52;-0.69;-4.70;-14.77;19.71
213639.00ms : 0.80;-0.51;-0.67;-4.64;-14.59;20.69
213659.00ms : 0.93;-0.51;-0.63;-3.97;-15.87;24.48
213679.00ms : 0.99;-0.47;-0.64;-3.66;-21.42;25.45
213699.00ms : 0.82;-0.48;-0.61;1.89;-23.07;19.35
213719.00ms : 0.78;-0.51;-0.59;3.11;-17.33;15.93
213739.00ms : 0.86;-0.51;-0.60;-1.46;-14.16;22.22
213759.00ms : 0.94;-0.46;-0.60;-7.20;-14.28;29.11
213779.00ms : 0.95;-0.43;-0.60;-9.40;-15.56;27.10
213799.00ms : 0.92;-0.43;-0.64;-9.83;-17.33;19.96
213819.00ms : 0.85;-0.42;-0.65;-9.83;-19.47;16.97
213839.00ms : 0.82;-0.41;-0.64;-10.07;-18.43;22.22
213859.00ms : 0.86;-0.41;-0.64;-7.81;-15.32;27.40
213879.00ms : 0.88;-0.42;-0.64;-5.31;-16.24;27.77
213899.00ms : 0.89;-0.42;-0.62;-4.70;-18.37;24.90
213919.00ms : 0.93;-0.38;-0.60;-7.08;-21.18;24.17
213939.00ms : 0.96;-0.34;-0.54;-7.63;-22.77;23.25
213959.00ms : 0.95;-0.33;-0.50;-5.55;-21.48;21.12
213979.00ms : 0.93;-0.35;-0.53;-4.82;-17.52;19.47
213999.00ms : 0.93;-0.33;-0.55;-5.86;-17.52;19.29
214019.00ms : 0.92;-0.32;-0.53;-3.91;-18.86;18.80
214039.00ms : 0.89;-0.34;-0.52;-2.32;-18.07;18.55
214059.00ms : 0.92;-0.36;-0.56;-3.36;-15.75;17.58
214079.00ms : 0.94;-0.34;-0.56;-1.71;-17.94;19.35
214099.00ms : 0.91;-0.35;-0.51;1.89;-19.35;19.96
214119.00ms : 0.90;-0.31;-0.45;4.52;-19.04;17.09
214139.00ms : 0.98;-0.25;-0.46;1.46;-16.91;13.31
214159.00ms : 1.07;-0.21;-0.54;2.32;-17.70;13.37
214179.00ms : 0.98;-0.28;-0.51;9.16;-18.07;15.56
214199.00ms : 0.89;-0.35;-0.43;8.18;-15.26;15.38
214219.00ms : 0.89;-0.39;-0.44;-0.98;-13.06;13.73
214239.00ms : 0.94;-0.36;-0.50;-10.38;-13.61;13.43
214259.00ms : 0.95;-0.31;-0.51;-9.58;-15.87;16.05
214279.00ms : 1.00;-0.19;-0.49;-2.62;-17.09;16.60
214299.00ms : 0.98;-0.19;-0.47;8.97;-17.64;15.38
214319.00ms : 0.93;-0.32;-0.47;12.88;-14.10;14.47
214339.00ms : 0.92;-0.38;-0.51;6.65;-14.89;16.97
214359.00ms : 0.99;-0.33;-0.46;-2.14;-17.15;18.07
214379.00ms : 1.02;-0.20;-0.43;-4.33;-19.71;16.91
214399.00ms : 0.99;-0.16;-0.42;1.77;-16.91;13.06
214419.00ms : 0.95;-0.19;-0.41;7.45;-14.59;10.93
214439.00ms : 0.96;-0.24;-0.40;6.71;-13.37;11.90
214459.00ms : 0.99;-0.27;-0.38;3.91;-12.70;11.41
214479.00ms : 0.96;-0.26;-0.39;0.18;-12.82;11.60
214499.00ms : 0.95;-0.25;-0.40;-0.98;-12.02;11.72
214519.00ms : 0.95;-0.24;-0.41;0.37;-11.84;11.60
214539.00ms : 0.96;-0.22;-0.41;2.81;-11.47;11.66
214559.00ms : 0.97;-0.21;-0.40;6.71;-10.93;11.78
214579.00ms : 1.00;-0.17;-0.40;8.24;-10.68;14.04
214599.00ms : 0.98;-0.23;-0.34;8.91;-7.69;12.21
214619.00ms : 0.96;-0.15;-0.34;3.78;-6.53;8.79
214639.00ms : 0.96;-0.19;-0.43;7.81;-9.40;8.79
214659.00ms : 0.91;-0.29;-0.42;13.00;-7.32;12.88
214679.00ms : 0.95;-0.27;-0.40;8.91;-6.29;16.05
214699.00ms : 1.00;-0.16;-0.38;5.92;-6.41;13.67
214719.00ms : 1.01;-0.15;-0.41;8.18;-6.35;12.21
214739.00ms : 0.94;-0.23;-0.38;12.02;-5.62;13.18
214759.00ms : 0.93;-0.18;-0.36;7.63;-4.03;13.24
214779.00ms : 1.03;-0.11;-0.38;3.42;-5.86;10.68
214799.00ms : 1.04;-0.15;-0.35;6.77;-6.41;9.83
214819.00ms : 0.99;-0.17;-0.33;9.22;-3.54;11.29
214839.00ms : 0.94;-0.12;-0.33;7.93;-2.08;7.45
214859.00ms : 1.01;-0.08;-0.40;7.20;-2.75;4.46
214879.00ms : 1.04;-0.16;-0.41;11.84;-4.15;6.77
214899.00ms : 1.00;-0.27;-0.41;13.06;-2.38;11.54
214919.00ms : 0.95;-0.26;-0.37;6.71;-2.99;9.83
214939.00ms : 0.96;-0.12;-0.38;1.04;-3.66;6.47
214959.00ms : 1.02;-0.06;-0.40;7.32;-4.52;7.93
214979.00ms : 1.01;-0.12;-0.40;17.03;-4.39;11.05
214999.00ms : 1.00;-0.16;-0.37;19.17;-3.05;10.62
215019.00ms : 1.01;-0.15;-0.37;16.30;-2.69;7.93
215039.00ms : 0.99;-0.16;-0.40;14.16;-2.38;7.26
215059.00ms : 0.98;-0.15;-0.41;14.53;-2.62;10.44
215079.00ms : 0.97;-0.13;-0.37;15.81;-2.56;10.38
215099.00ms : 1.00;-0.11;-0.39;16.17;-2.20;9.46
215119.00ms : 1.03;-0.15;-0.42;17.03;-3.36;10.01
215139.00ms : 1.01;-0.17;-0.40;16.36;-3.97;11.90
215159.00ms : 0.99;-0.13;-0.39;13.43;-3.78;10.93
215179.00ms : 0.99;-0.11;-0.38;11.66;-4.82;10.13
215199.00ms : 1.00;-0.14;-0.35;8.36;-4.58;10.07
215219.00ms : 0.98;-0.11;-0.35;3.48;-3.91;7.75
215239.00ms : 0.98;0.01;-0.37;4.64;-3.66;4.88
215259.00ms : 1.00;0.00;-0.39;12.39;-2.38;5.37
215279.00ms : 0.99;-0.09;-0.37;16.30;-1.34;6.47
215299.00ms : 0.99;-0.16;-0.34;12.57;-1.59;4.21
215319.00ms : 0.98;-0.14;-0.37;5.92;-0.85;1.59
215339.00ms : 1.02;-0.09;-0.41;4.82;-2.08;3.05
215359.00ms : 0.99;-0.10;-0.40;8.42;-2.69;4.39
215379.00ms : 0.99;-0.11;-0.38;10.44;-1.77;3.54
215399.00ms : 0.99;-0.15;-0.36;6.59;-1.16;1.89
215419.00ms : 0.99;-0.12;-0.37;-0.43;-0.67;1.65
215439.00ms : 1.00;-0.08;-0.39;-2.08;-1.46;1.10
215459.00ms : 1.01;-0.06;-0.41;2.50;-1.83;2.08
215479.00ms : 0.99;-0.07;-0.39;7.26;-2.01;1.89
215499.00ms : 0.98;-0.08;-0.37;8.18;-0.79;0.55
215519.00ms : 1.00;-0.10;-0.38;5.80;-1.04;0.24
215539.00ms : 1.00;-0.10;-0.39;3.60;-0.98;0.85
215559.00ms : 0.99;-0.11;-0.38;2.93;-1.34;0.55
215579.00ms : 1.00;-0.12;-0.38;2.26;-1.22;0.37
215599.00ms : 1.00;-0.11;-0.38;2.26;-2.50;0.31
215619.00ms : 0.99;-0.12;-0.37;2.01;-1.10;0.31
215639.00ms : 0.99;-0.11;-0.39;-0.37;-1.22;0.06
215659.00ms : 1.01;-0.10;-0.39;-1.46;-1.46;0.24
215679.00ms : 1.01;-0.10;-0.39;-0.85;-1.83;1.22
215699.00ms : 0.99;-0.11;-0.36;0.37;-1.95;0.79
215719.00ms : 0.98;-0.10;-0.36;-0.37;-0.67;-0.61
215739.00ms : 1.01;-0.09;-0.39;-1.04;-1.04;0.00
215759.00ms : 1.00;-0.10;-0.40;-0.49;-1.59;1.10
215779.00ms : 0.99;-0.10;-0.39;0.24;-1.46;1.22
215799.00ms : 0.99;-0.11;-0.37;0.67;-1.22;0.24
215819.00ms : 1.00;-0.10;-0.38;-0.73;-0.67;0.43
215839.00ms : 1.00;-0.08;-0.39;-0.79;-1.16;0.49
215859.00ms : 0.99;-0.09;-0.38;0.00;-0.92;0.00
215879.00ms : 1.00;-0.08;-0.39;0.61;-1.34;0.12
215899.00ms : 0.99;-0.11;-0.38;-0.55;-0.49;-0.18
215919.00ms : 1.00;-0.11;-0.39;-2.38;-1.40;0.12
215939.00ms : 0.99;-0.10;-0.39;-2.56;-0.98;-0.73
215959.00ms : 1.01;-0.09;-0.38;-0.55;-1.16;-0.31
215979.00ms : 1.00;-0.10;-0.38;0.06;-1.04;-0.18
215999.00ms : 0.99;-0.11;-0.37;-2.08;-0.67;-0.55
216019.00ms : 0.99;-0.09;-0.38;-2.38;-0.67;-1.10
216039.00ms : 1.00;-0.08;-0.37;-0.79;-0.67;-0.85
216059.00ms : 0.99;-0.10;-0.38;1.22;-0.37;-0.85
216079.00ms : 1.00;-0.11;-0.39;1.59;-0.31;-0.55
216099.00ms : 1.00;-0.11;-0.38;0.55;-0.98;-0.98
216119.00ms : 0.99;-0.11;-0.38;-0.43;-1.04;-0.73
216139.00ms : 0.99;-0.09;-0.37;-0.98;-0.85;-1.04
216159.00ms : 1.00;-0.09;-0.38;-1.28;-0.73;-1.16
216179.00ms : 1.00;-0.11;-0.38;-1.04;-0.85;-1.40
216199.00ms : 0.99;-0.12;-0.39;-1.71;-0.18;-1.04
216219.00ms : 0.99;-0.10;-0.38;-2.62;-0.55;-2.08
216239.00ms : 0.99;-0.07;-0.38;-2.56;-0.18;-2.69
216259.00ms : 1.00;-0.08;-0.39;-0.49;-0.37;-2.20
216279.00ms : 0.99;-0.11;-0.37;-0.49;-0.12;-1.95
216299.00ms : 1.00;-0.11;-0.39;-1.77;0.12;-2.99
216319.00ms : 0.99;-0.11;-0.37;-3.36;-0.31;-4.03
216339.00ms : 0.99;-0.08;-0.38;-4.82;0.12;-4.21
216359.00ms : 1.00;-0.10;-0.40;-3.66;-0.18;-3.72
216379.00ms : 1.00;-0.13;-0.39;-3.42;-0.37;-2.62
216399.00ms : 0.98;-0.13;-0.38;-4.64;0.37;-4.52
216419.00ms : 1.00;-0.11;-0.39;-6.16;-0.43;-5.13
216439.00ms : 1.00;-0.10;-0.40;-5.92;0.06;-4.15
216459.00ms : 0.99;-0.12;-0.40;-6.29;0.06;-3.36
216479.00ms : 1.00;-0.12;-0.38;-5.92;-0.73;-4.03
216499.00ms : 0.99;-0.13;-0.37;-6.41;-0.06;-4.88
216519.00ms : 0.99;-0.11;-0.38;-8.54;0.55;-5.07
216539.00ms : 1.01;-0.11;-0.39;-7.26;0.06;-4.33
216559.00ms : 0.99;-0.13;-0.39;-6.47;0.37;-3.72
216579.00ms : 0.99;-0.15;-0.39;-5.68;0.67;-3.36
216599.00ms : 0.99;-0.13;-0.38;-7.51;1.04;-4.46
216619.00ms : 1.01;-0.12;-0.40;-6.96;-0.31;-3.54
216639.00ms : 0.99;-0.14;-0.38;-5.68;-0.12;-3.05
216659.00ms : 0.98;-0.12;-0.36;-6.04;1.59;-4.58
216679.00ms : 1.00;-0.09;-0.39;-7.93;1.34;-5.62
216699.00ms : 1.00;-0.13;-0.39;-4.70;0.49;-4.21
216719.00ms : 0.98;-0.16;-0.38;-5.13;1.65;-3.42
216739.00ms : 0.98;-0.15;-0.37;-7.08;2.08;-4.94
216759.00ms : 1.01;-0.14;-0.41;-9.03;1.59;-5.25
216779.00ms : 1.00;-0.16;-0.42;-8.06;0.24;-3.42
216799.00ms : 0.98;-0.16;-0.40;-6.29;1.10;-2.56
216819.00ms : 0.99;-0.13;-0.37;-6.16;1.34;-4.21
216839.00ms : 1.00;-0.11;-0.38;-7.08;1.28;-5.68
216859.00ms : 0.99;-0.10;-0.39;-6.71;1.53;-6.16
216879.00ms : 0.97;-0.11;-0.36;-5.68;2.32;-6.96
216899.00ms : 0.99;-0.10;-0.39;-6.35;2.75;-7.75
216919.00ms : 1.01;-0.15;-0.41;-2.81;2.08;-7.57
216939.00ms : 0.97;-0.18;-0.38;-2.93;3.05;-8.36
216959.00ms : 0.97;-0.13;-0.37;-6.71;3.48;-9.46
216979.00ms : 0.99;-0.10;-0.40;-7.87;3.54;-10.68
216999.00ms : 1.01;-0.12;-0.41;-5.86;2.93;-10.19
217019.00ms : 0.97;-0.16;-0.37;-5.07;4.46;-10.25
217039.00ms : 0.98;-0.16;-0.40;-6.35;4.46;-10.93
217059.00ms : 0.98;-0.18;-0.38;-7.75;4.21;-12.08
217079.00ms : 0.98;-0.13;-0.40;-10.31;5.19;-11.90
217099.00ms : 1.00;-0.15;-0.42;-8.00;4.33;-11.47
217119.00ms : 0.98;-0.20;-0.40;-4.09;5.00;-10.62
217139.00ms : 0.98;-0.21;-0.40;-5.55;5.37;-11.17
217159.00ms : 1.00;-0.19;-0.42;-7.02;5.19;-12.94
217179.00ms : 0.99;-0.18;-0.42;-4.82;4.52;-13.00
217199.00ms : 0.97;-0.18;-0.43;-3.05;5.92;-12.08
217219.00ms : 0.98;-0.20;-0.42;-2.50;6.10;-11.35
217239.00ms : 0.98;-0.24;-0.42;-3.66;6.16;-11.05
217259.00ms : 0.98;-0.21;-0.40;-5.80;6.04;-11.78
217279.00ms : 0.99;-0.18;-0.42;-4.88;6.16;-11.66
217299.00ms : 0.97;-0.21;-0.41;-1.16;7.39;-12.21
217319.00ms : 0.98;-0.22;-0.42;-2.69;7.63;-11.90
217339.00ms : 1.00;-0.19;-0.42;-4.46;7.87;-13.73
217359.00ms : 1.01;-0.21;-0.42;-3.60;8.30;-14.89
217379.00ms : 0.97;-0.22;-0.41;-3.48;9.34;-14.34
217399.00ms : 0.98;-0.23;-0.42;-4.82;10.50;-17.03
217419.00ms : 0.99;-0.22;-0.43;-6.29;9.70;-18.98
217439.00ms : 0.97;-0.24;-0.45;-5.13;10.74;-17.58
217459.00ms : 0.96;-0.26;-0.46;-3.42;11.54;-16.42
217479.00ms : 0.96;-0.28;-0.45;-3.48;11.47;-15.20
217499.00ms : 0.96;-0.27;-0.45;-2.75;10.38;-14.83
217519.00ms : 0.95;-0.30;-0.46;-1.10;11.23;-13.98
217539.00ms : 0.93;-0.33;-0.47;-0.92;10.68;-12.45
217559.00ms : 0.96;-0.36;-0.52;-1.16;6.47;-10.13
217579.00ms : 0.97;-0.25;-0.47;3.36;3.48;-9.09
217599.00ms : 0.96;-0.24;-0.49;11.90;3.72;-10.86
217619.00ms : 0.92;-0.26;-0.48;17.09;8.79;-10.99
217639.00ms : 0.98;-0.31;-0.48;12.27;12.02;-8.42
217659.00ms : 1.02;-0.32;-0.44;3.36;10.99;-9.77
217679.00ms : 0.96;-0.38;-0.46;-3.60;10.25;-12.08
217699.00ms : 0.90;-0.38;-0.48;-9.64;12.27;-10.93
217719.00ms : 0.94;-0.35;-0.50;-13.43;12.57;-9.22
217739.00ms : 0.99;-0.25;-0.50;-12.45;11.78;-10.38
217759.00ms : 1.01;-0.25;-0.57;-6.16;10.50;-11.35
217779.00ms : 0.94;-0.31;-0.55;3.48;11.41;-11.17
217799.00ms : 0.91;-0.37;-0.51;4.46;12.88;-9.77
217819.00ms : 0.98;-0.33;-0.49;-3.17;12.70;-11.78
217839.00ms : 1.00;-0.30;-0.52;-8.24;10.50;-12.08
217859.00ms : 0.92;-0.36;-0.54;-6.04;12.02;-11.96
217879.00ms : 0.92;-0.38;-0.55;-5.19;10.31;-11.11
217899.00ms : 0.94;-0.32;-0.50;-4.58;7.02;-12.27
217919.00ms : 0.94;-0.32;-0.56;-2.20;6.10;-14.10
217939.00ms : 0.87;-0.36;-0.55;2.38;10.07;-13.18
217959.00ms : 0.90;-0.36;-0.52;3.85;13.55;-11.05
217979.00ms : 0.98;-0.32;-0.47;1.53;12.76;-11.72
217999.00ms : 1.03;-0.32;-0.55;-2.26;9.83;-14.47
218019.00ms : 0.92;-0.36;-0.54;0.00;10.56;-16.91
218039.00ms : 0.81;-0.43;-0.55;0.55;13.73;-16.54
218059.00ms : 0.84;-0.39;-0.50;-3.30;16.05;-16.54
218079.00ms : 1.02;-0.33;-0.57;-8.36;13.43;-14.40
218099.00ms : 0.99;-0.33;-0.59;-4.58;10.74;-15.87
218119.00ms : 0.86;-0.40;-0.62;2.08;12.02;-19.53
218139.00ms : 0.87;-0.39;-0.57;4.39;13.18;-19.84
218159.00ms : 0.98;-0.37;-0.56;0.79;11.29;-18.01
218179.00ms : 0.92;-0.41;-0.60;-1.83;9.95;-18.07
218199.00ms : 0.80;-0.47;-0.59;-0.92;14.89;-19.78
218219.00ms : 0.86;-0.49;-0.58;-2.99;18.55;-18.49
218239.00ms : 0.99;-0.46;-0.58;-10.74;14.16;-16.91
218259.00ms : 0.88;-0.48;-0.64;-14.47;8.12;-18.55
218279.00ms : 0.71;-0.51;-0.63;-10.80;11.05;-22.09
218299.00ms : 0.77;-0.48;-0.56;-7.81;18.62;-22.52
218319.00ms : 0.93;-0.47;-0.60;-11.72;17.82;-17.76
218339.00ms : 0.90;-0.48;-0.64;-13.24;14.83;-14.34
218359.00ms : 0.86;-0.49;-0.59;-8.67;17.33;-16.97
218379.00ms : 0.89;-0.48;-0.59;-8.00;18.07;-19.96
218399.00ms : 0.87;-0.50;-0.61;-11.35;17.03;-19.65
218419.00ms : 0.79;-0.50;-0.70;-12.39;13.85;-17.15
218439.00ms : 0.76;-0.50;-0.71;-6.65;14.22;-19.23
218459.00ms : 0.82;-0.51;-0.71;-3.05;14.28;-19.10
218479.00ms : 0.88;-0.53;-0.67;-4.39;15.01;-18.31
218499.00ms : 0.95;-0.50;-0.65;-6.29;13.85;-15.32
218519.00ms : 0.95;-0.48;-0.62;-5.92;8.18;-17.33
218539.00ms : 0.88;-0.52;-0.60;-4.03;5.07;-21.85
218559.00ms : 0.74;-0.55;-0.67;-3.91;6.77;-20.20
218579.00ms : 0.70;-0.60;-0.65;-3.60;13.67;-18.13
218599.00ms : 0.81;-0.56;-0.67;-3.97;16.30;-15.50
218619.00ms : 0.83;-0.57;-0.67;-4.33;13.06;-17.09
218639.00ms : 0.81;-0.56;-0.65;-4.46;13.24;-17.27
218659.00ms : 0.83;-0.56;-0.68;-6.16;10.19;-15.44
218679.00ms : 0.83;-0.58;-0.69;-3.48;12.70;-16.05
218699.00ms : 0.86;-0.59;-0.69;-2.14;12.02;-15.14
218719.00ms : 0.85;-0.61;-0.71;-2.56;8.48;-15.44
218739.00ms : 0.82;-0.58;-0.68;-2.08;6.65;-15.81
218759.00ms : 0.81;-0.59;-0.69;-1.34;7.08;-14.53
218779.00ms : 0.82;-0.60;-0.71;-0.18;7.63;-12.51
218799.00ms : 0.79;-0.65;-0.72;1.22;8.00;-11.05
218819.00ms : 0.77;-0.66;-0.69;-0.37;7.32;-10.25
218839.00ms : 0.75;-0.64;-0.68;-2.81;8.61;-7.63
218859.00ms : 0.81;-0.63;-0.69;-3.72;10.93;-7.51
218879.00ms : 0.88;-0.65;-0.66;-3.97;9.22;-8.97
218899.00ms : 0.78;-0.63;-0.65;-4.33;4.33;-8.73
218919.00ms : 0.72;-0.62;-0.65;-4.94;7.69;-10.74
218939.00ms : 0.75;-0.62;-0.68;-4.82;8.54;-9.22
218959.00ms : 0.77;-0.63;-0.72;-3.11;10.31;-8.79
218979.00ms : 0.73;-0.62;-0.75;-1.77;10.38;-6.47
218999.00ms : 0.72;-0.61;-0.77;0.18;11.72;-4.82
219019.00ms : 0.68;-0.62;-0.75;-0.37;10.99;-4.52
219039.00ms : 0.76;-0.67;-0.73;-1.65;12.39;-6.90
219059.00ms : 0.83;-0.64;-0.71;-4.09;7.51;-6.84
219079.00ms : 0.82;-0.64;-0.73;-3.17;3.54;-7.75
219099.00ms : 0.79;-0.61;-0.74;0.49;1.59;-7.08
219119.00ms : 0.73;-0.62;-0.74;2.01;2.56;-6.90
219139.00ms : 0.72;-0.61;-0.75;1.40;5.07;-6.65
219159.00ms : 0.73;-0.61;-0.74;2.32;5.43;-6.41
219179.00ms : 0.75;-0.63;-0.74;2.87;4.88;-7.39
219199.00ms : 0.71;-0.63;-0.77;2.81;2.99;-5.13
219219.00ms : 0.72;-0.66;-0.78;2.69;4.88;-6.10
219239.00ms : 0.76;-0.66;-0.76;1.28;2.81;-6.59
219259.00ms : 0.79;-0.64;-0.75;1.83;1.16;-7.26
219279.00ms : 0.75;-0.63;-0.74;3.66;-1.04;-7.08
219299.00ms : 0.68;-0.64;-0.74;5.07;0.06;-5.80
219319.00ms : 0.69;-0.68;-0.73;3.54;2.56;-7.02
219339.00ms : 0.78;-0.65;-0.72;0.12;1.53;-8.00
219359.00ms : 0.74;-0.64;-0.73;1.16;-1.40;-6.90
219379.00ms : 0.71;-0.65;-0.73;3.30;0.18;-7.87
219399.00ms : 0.71;-0.65;-0.74;3.66;1.46;-6.84
219419.00ms : 0.72;-0.66;-0.75;2.93;1.71;-6.41
219439.00ms : 0.70;-0.65;-0.75;2.20;1.65;-5.68
219459.00ms : 0.70;-0.66;-0.74;1.95;2.81;-6.35
219479.00ms : 0.71;-0.68;-0.73;1.34;4.09;-6.35
219499.00ms : 0.71;-0.68;-0.75;1.28;3.30;-4.82
219519.00ms : 0.73;-0.71;-0.76;1.83;2.56;-5.92
219539.00ms : 0.71;-0.67;-0.80;3.05;-0.06;-3.11
219559.00ms : 0.70;-0.68;-0.78;3.54;1.89;-2.75
219579.00ms : 0.74;-0.70;-0.75;2.93;1.65;-2.62
219599.00ms : 0.77;-0.70;-0.74;1.65;-0.79;-1.65
219619.00ms : 0.69;-0.70;-0.76;1.77;-2.56;-0.79
219639.00ms : 0.69;-0.70;-0.77;2.44;-2.44;-0.85
219659.00ms : 0.72;-0.68;-0.75;1.34;-2.08;-1.04
219679.00ms : 0.70;-0.67;-0.75;-0.12;-1.16;0.85
219699.00ms : 0.68;-0.69;-0.78;-0.37;0.55;3.23
219719.00ms : 0.70;-0.73;-0.77;-1.10;2.01;4.27
219739.00ms : 0.74;-0.74;-0.77;-1.53;1.16;6.35
219759.00ms : 0.73;-0.70;-0.72;-2.99;1.22;7.26
219779.00ms : 0.75;-0.71;-0.79;-5.55;0.61;8.00
219799.00ms : 0.73;-0.70;-0.80;-2.50;-0.73;9.28
219819.00ms : 0.71;-0.71;-0.80;-2.75;0.49;9.46
219839.00ms : 0.74;-0.69;-0.78;-3.48;2.38;7.63
219859.00ms : 0.74;-0.68;-0.77;-4.82;-0.06;8.06
219879.00ms : 0.76;-0.65;-0.79;-4.46;-1.71;10.50
219899.00ms : 0.76;-0.64;-0.79;-2.44;-4.09;14.59
219919.00ms : 0.69;-0.67;-0.77;-6.04;-9.16;15.14
219939.00ms : 0.70;-0.67;-0.74;-6.29;-8.12;12.45
219959.00ms : 0.71;-0.63;-0.75;-5.00;-9.22;12.45
219979.00ms : 0.72;-0.64;-0.78;-1.04;-9.16;13.61
219999.00ms : 0.71;-0.63;-0.75;4.15;-8.12;13.12
220019.00ms : 0.71;-0.62;-0.73;6.53;-8.18;12.88
220039.00ms : 0.73;-0.65;-0.71;6.10;-6.77;11.35
220059.00ms : 0.76;-0.63;-0.74;2.01;-8.24;13.67
220079.00ms : 0.76;-0.63;-0.77;-0.85;-10.38;13.85
220099.00ms : 0.75;-0.59;-0.75;-0.61;-11.41;12.02
220119.00ms : 0.75;-0.58;-0.75;-0.37;-10.86;11.72
220139.00ms : 0.76;-0.61;-0.77;-1.77;-10.99;13.31
220159.00ms : 0.74;-0.59;-0.77;-3.17;-12.27;14.89
220179.00ms : 0.70;-0.62;-0.72;-3.23;-11.29;12.57
220199.00ms : 0.75;-0.64;-0.69;-4.58;-8.79;12.82
220219.00ms : 0.90;-0.60;-0.73;-7.08;-11.47;16.11
220239.00ms : 0.87;-0.56;-0.74;-5.43;-19.35;16.05
220259.00ms : 0.77;-0.56;-0.71;1.40;-17.94;14.22
220279.00ms : 0.75;-0.60;-0.67;3.91;-11.66;14.95
220299.00ms : 0.79;-0.64;-0.69;1.40;-10.31;17.15
220319.00ms : 0.83;-0.59;-0.67;-2.20;-13.00;18.49
220339.00ms : 0.83;-0.56;-0.66;-3.78;-16.42;17.03
220359.00ms : 0.81;-0.57;-0.69;-3.66;-15.20;16.48
220379.00ms : 0.81;-0.56;-0.73;-3.42;-13.79;20.08
220399.00ms : 0.78;-0.56;-0.73;-0.67;-13.55;22.58
220419.00ms : 0.76;-0.57;-0.68;0.49;-13.43;20.51
220439.00ms : 0.82;-0.57;-0.66;-0.61;-14.34;18.62
220459.00ms : 0.83;-0.54;-0.69;-3.78;-19.71;20.63
220479.00ms : 0.81;-0.51;-0.68;-1.77;-19.23;20.57
220499.00ms : 0.87;-0.51;-0.63;1.95;-15.14;20.87
220519.00ms : 0.91;-0.52;-0.64;2.20;-15.69;20.45
220539.00ms : 0.84;-0.51;-0.62;0.49;-17.33;20.08
220559.00ms : 0.79;-0.50;-0.64;0.12;-14.65;18.74
220579.00ms : 0.79;-0.51;-0.63;0.55;-14.22;18.25
220599.00ms : 0.82;-0.52;-0.65;-0.85;-14.59;19.65
220619.00ms : 0.88;-0.49;-0.67;-2.69;-14.53;20.57
220639.00ms : 0.92;-0.44;-0.63;-2.20;-15.63;20.94
220659.00ms : 0.92;-0.44;-0.60;0.18;-16.05;19.41
220679.00ms : 0.92;-0.44;-0.59;0.73;-15.26;16.17
220699.00ms : 0.92;-0.43;-0.63;-0.43;-16.48;16.30
220719.00ms : 0.87;-0.45;-0.61;1.83;-15.32;17.88
220739.00ms : 0.89;-0.46;-0.57;0.85;-12.57;17.27
220759.00ms : 0.87;-0.47;-0.59;-4.52;-14.83;14.71
220779.00ms : 0.82;-0.43;-0.61;-7.51;-14.22;14.40
220799.00ms : 0.85;-0.41;-0.59;-5.13;-13.06;16.60
220819.00ms : 0.90;-0.41;-0.58;-2.14;-11.60;16.11
220839.00ms : 0.93;-0.43;-0.59;-2.81;-13.12;13.79
220859.00ms : 0.90;-0.42;-0.62;-3.30;-14.04;12.88
220879.00ms : 0.88;-0.41;-0.64;-1.16;-14.16;13.79
220899.00ms : 0.87;-0.40;-0.60;2.38;-15.63;13.67
220919.00ms : 0.91;-0.39;-0.58;2.62;-16.54;12.51
220939.00ms : 0.97;-0.38;-0.60;3.30;-16.78;12.88
220959.00ms : 0.96;-0.39;-0.56;6.35;-16.91;13.85
220979.00ms : 0.93;-0.41;-0.54;6.90;-18.13;11.23
220999.00ms : 0.89;-0.41;-0.54;4.88;-19.47;9.16
221019.00ms : 0.89;-0.41;-0.56;4.88;-19.65;9.89
221039.00ms : 0.90;-0.42;-0.54;6.90;-17.09;12.39
221059.00ms : 0.92;-0.40;-0.50;6.90;-15.69;13.85
221079.00ms : 0.97;-0.39;-0.48;3.11;-14.16;12.39
221099.00ms : 0.97;-0.40;-0.51;-0.79;-15.50;10.93
221119.00ms : 0.93;-0.40;-0.55;-1.22;-17.52;12.39
221139.00ms : 0.90;-0.40;-0.52;3.66;-17.82;14.77
221159.00ms : 0.93;-0.35;-0.48;3.78;-16.42;13.92
221179.00ms : 1.03;-0.29;-0.49;1.53;-15.99;12.63
221199.00ms : 1.01;-0.31;-0.49;3.72;-13.00;11.29
221219.00ms : 0.92;-0.38;-0.51;6.29;-11.41;10.80
221239.00ms : 0.84;-0.42;-0.53;3.36;-13.24;12.08
221259.00ms : 0.85;-0.42;-0.52;-2.26;-14.22;12.27
221279.00ms : 0.95;-0.30;-0.50;-5.00;-14.95;12.51
221299.00ms : 1.01;-0.28;-0.51;0.98;-15.14;12.88
221319.00ms : 0.92;-0.34;-0.49;8.91;-12.94;13.12
221339.00ms : 0.88;-0.40;-0.48;8.24;-12.88;15.44
221359.00ms : 0.92;-0.35;-0.46;1.71;-13.31;14.16
221379.00ms : 0.97;-0.27;-0.48;-0.49;-15.01;12.21
221399.00ms : 0.99;-0.24;-0.48;5.92;-14.71;13.00
221419.00ms : 0.92;-0.33;-0.43;14.40;-11.11;13.31
221439.00ms : 0.88;-0.37;-0.44;9.58;-9.40;14.83
221459.00ms : 0.92;-0.37;-0.49;0.55;-10.38;15.38
221479.00ms : 0.97;-0.32;-0.47;-2.08;-13.00;16.24
221499.00ms : 1.02;-0.19;-0.46;-0.31;-14.83;16.30
221519.00ms : 1.04;-0.17;-0.40;8.54;-11.78;13.49
221539.00ms : 0.97;-0.27;-0.38;11.90;-8.61;12.94
221559.00ms : 0.93;-0.35;-0.40;4.64;-7.69;14.83
221579.00ms : 0.99;-0.28;-0.41;-7.87;-9.95;12.70
221599.00ms : 1.04;-0.18;-0.40;-8.24;-12.88;9.16
221619.00ms : 0.98;-0.20;-0.46;0.79;-12.82;10.93
221639.00ms : 0.91;-0.29;-0.45;8.42;-8.79;11.23
221659.00ms : 0.92;-0.28;-0.42;4.46;-7.81;12.21
221679.00ms : 0.97;-0.24;-0.41;-0.85;-7.93;10.86
221699.00ms : 1.00;-0.20;-0.44;-0.98;-9.89;11.41
221719.00ms : 0.95;-0.26;-0.40;6.90;-9.28;11.17
221739.00ms : 0.92;-0.24;-0.42;5.86;-6.41;11.84
221759.00ms : 0.99;-0.21;-0.41;6.77;-6.10;9.89
221779.00ms : 0.98;-0.21;-0.42;8.61;-7.51;11.11
221799.00ms : 0.95;-0.24;-0.38;12.27;-5.92;11.66
221819.00ms : 0.94;-0.24;-0.40;11.11;-2.93;10.19
221839.00ms : 0.97;-0.25;-0.41;6.41;-2.69;9.64
221859.00ms : 1.01;-0.19;-0.39;0.85;-1.89;8.30
221879.00ms : 1.04;-0.18;-0.41;1.46;-2.38;8.54
221899.00ms : 0.97;-0.21;-0.41;7.26;-3.05;9.64
221919.00ms : 0.94;-0.26;-0.38;8.54;-1.65;9.52
221939.00ms : 0.98;-0.24;-0.40;2.32;-1.83;7.63
221959.00ms : 1.03;-0.18;-0.43;-2.20;-3.85;7.93
221979.00ms : 1.01;-0.22;-0.45;1.10;-6.41;13.73
221999.00ms : 0.96;-0.27;-0.38;4.70;-6.59;18.25
222019.00ms : 0.96;-0.19;-0.37;1.46;-9.09;18.13
222039.00ms : 0.99;-0.12;-0.45;1.83;-7.81;14.04
222059.00ms : 0.98;-0.19;-0.46;11.05;-7.14;16.17
222079.00ms : 0.98;-0.25;-0.43;15.99;-6.41;22.89
222099.00ms : 1.02;-0.23;-0.38;16.36;-7.26;22.77
222119.00ms : 1.02;-0.16;-0.38;15.38;-8.18;18.55
222139.00ms : 1.04;-0.13;-0.38;17.82;-7.57;17.94
222159.00ms : 1.02;-0.10;-0.36;22.03;-6.96;18.68
222179.00ms : 0.99;-0.09;-0.34;24.54;-4.52;19.41
222199.00ms : 0.99;-0.12;-0.37;19.53;-3.42;16.11
222219.00ms : 0.98;-0.14;-0.38;13.18;-3.72;13.43
222239.00ms : 0.99;-0.10;-0.40;8.91;-3.66;13.73
222259.00ms : 0.99;-0.08;-0.37;8.67;-3.30;13.00
222279.00ms : 1.00;-0.08;-0.37;8.00;-2.26;11.60
222299.00ms : 0.98;-0.10;-0.39;5.13;-2.32;10.74
222319.00ms : 0.99;-0.05;-0.39;4.70;-1.89;10.01
222339.00ms : 1.00;-0.02;-0.40;8.42;-2.14;9.58
222359.00ms : 1.01;-0.07;-0.39;12.27;-1.65;8.91
222379.00ms : 1.01;-0.13;-0.39;10.62;-2.26;9.46
222399.00ms : 0.99;-0.10;-0.39;8.12;-2.38;9.03
222419.00ms : 0.99;-0.06;-0.41;10.19;-2.93;9.40
222439.00ms : 1.00;-0.07;-0.40;14.95;-3.60;11.66
222459.00ms : 1.00;-0.10;-0.38;15.69;-2.75;11.35
222479.00ms : 1.01;-0.08;-0.37;13.92;-2.38;7.57
222499.00ms : 1.00;-0.06;-0.39;11.72;-2.20;5.92
222519.00ms : 0.98;-0.03;-0.38;12.02;-1.77;5.62
222539.00ms : 0.99;-0.03;-0.37;12.15;-0.37;3.60
222559.00ms : 1.00;-0.06;-0.36;10.38;0.18;1.04
222579.00ms : 0.99;-0.06;-0.38;5.86;-0.06;-0.06
222599.00ms : 1.00;-0.06;-0.40;4.15;-0.79;0.55
222619.00ms : 0.99;-0.09;-0.39;1.83;-0.12;-0.12
222639.00ms : 1.00;-0.07;-0.39;-1.53;0.61;-2.56
222659.00ms : 1.02;-0.07;-0.40;-0.98;-1.22;-1.28
222679.00ms : 1.00;-0.10;-0.41;-0.24;-1.95;1.28
222699.00ms : 1.00;-0.11;-0.38;-0.49;-1.71;0.61
222719.00ms : 0.99;-0.10;-0.38;-2.26;-1.10;-1.22
222739.00ms : 1.00;-0.05;-0.40;-3.23;-1.53;-1.10
222759.00ms : 1.01;-0.04;-0.40;-0.43;-2.62;0.67
222779.00ms : 1.00;-0.09;-0.40;1.83;-2.20;1.77
222799.00ms : 1.00;-0.11;-0.39;0.06;-1.34;0.73
222819.00ms : 1.00;-0.08;-0.39;-1.65;-1.59;-0.85
222839.00ms : 1.01;-0.05;-0.39;0.79;-1.89;-0.67
222859.00ms : 1.00;-0.06;-0.41;4.09;-2.44;0.61
222879.00ms : 1.00;-0.09;-0.39;5.86;-1.71;0.73
222899.00ms : 1.00;-0.10;-0.40;3.05;-2.38;-0.43
222919.00ms : 1.00;-0.09;-0.40;0.98;-2.81;-0.18
222939.00ms : 1.00;-0.06;-0.39;2.81;-2.26;0.12
222959.00ms : 1.00;-0.07;-0.38;5.19;-2.56;0.24
222979.00ms : 0.98;-0.06;-0.38;6.23;-1.89;-0.55
222999.00ms : 1.00;-0.07;-0.38;5.43;-2.14;-0.98
223019.00ms : 0.99;-0.08;-0.37;1.83;-2.50;-0.18
223039.00ms : 0.99;-0.06;-0.39;0.73;-1.95;-1.04
223059.00ms : 1.00;-0.07;-0.39;3.48;-2.14;-1.46
223079.00ms : 0.99;-0.07;-0.39;5.13;-1.10;-1.28
223099.00ms : 1.00;-0.09;-0.39;3.91;-1.22;-1.59
223119.00ms : 1.01;-0.10;-0.40;1.16;-2.20;-1.40
223139.00ms : 0.99;-0.09;-0.39;-1.10;-2.01;-1.40
223159.00ms : 0.99;-0.09;-0.37;-1.46;-2.01;-1.77
223179.00ms : 1.00;-0.08;-0.38;-1.04;-1.77;-2.14
223199.00ms : 1.00;-0.07;-0.38;-0.12;-1.71;-1.95
223219.00ms : 0.99;-0.08;-0.39;0.55;-2.20;-1.89
223239.00ms : 0.99;-0.09;-0.38;-0.61;-1.16;-2.32
223259.00ms : 1.00;-0.08;-0.38;-2.44;-1.77;-2.14
223279.00ms : 1.01;-0.07;-0.38;-1.53;-2.26;-1.83
223299.00ms : 0.99;-0.08;-0.39;0.85;-2.08;-1.59
223319.00ms : 0.99;-0.11;-0.38;0.67;-2.01;-1.46
223339.00ms : 0.99;-0.11;-0.37;-3.11;-1.65;-2.26
223359.00ms : 1.00;-0.08;-0.39;-5.31;-2.20;-2.44
223379.00ms : 1.01;-0.09;-0.38;-2.93;-2.38;-1.16
223399.00ms : 0.99;-0.09;-0.39;-0.92;-1.95;-1.34
223419.00ms : 1.00;-0.11;-0.38;-1.89;-2.32;-1.59
223439.00ms : 1.00;-0.11;-0.38;-4.33;-2.56;-1.16
223459.00ms : 1.00;-0.10;-0.39;-5.25;-2.81;-1.40
223479.00ms : 1.00;-0.08;-0.38;-3.72;-2.32;-1.28
223499.00ms : 1.00;-0.09;-0.39;-1.83;-2.93;-0.24
223519.00ms : 0.99;-0.11;-0.37;-2.87;-2.50;-0.43
223539.00ms : 0.99;-0.11;-0.37;-5.98;-2.99;-0.98
223559.00ms : 1.00;-0.09;-0.37;-7.75;-2.26;-0.98
223579.00ms : 0.99;-0.06;-0.37;-5.37;-1.95;-0.79
223599.00ms : 1.00;-0.08;-0.38;-2.20;-1.59;-0.79
223619.00ms : 1.00;-0.10;-0.38;-2.08;-1.71;-0.49
223639.00ms : 0.99;-0.10;-0.36;-2.99;-2.01;-0.06
223659.00ms : 0.99;-0.08;-0.37;-3.23;-1.16;-0.37
223679.00ms : 1.00;-0.07;-0.37;-1.53;-0.98;-0.43
223699.00ms : 1.00;-0.07;-0.38;1.22;-0.67;0.06
223719.00ms : 1.00;-0.10;-0.37;2.50;-0.85;0.61
223739.00ms : 0.99;-0.11;-0.36;1.83;-0.79;0.73
223759.00ms : 1.00;-0.10;-0.38;1.22;-0.67;0.67
223779.00ms : 0.99;-0.10;-0.38;1.16;-0.73;0.98
223799.00ms : 1.00;-0.09;-0.37;1.83;-0.43;1.22
223819.00ms : 1.00;-0.08;-0.37;2.26;-0.55;0.79
223839.00ms : 0.99;-0.08;-0.36;2.01;0.24;0.43
223859.00ms : 1.00;-0.07;-0.37;1.65;0.00;-0.12
223879.00ms : 0.99;-0.08;-0.38;1.95;0.24;0.37
223899.00ms : 1.00;-0.09;-0.39;2.56;0.00;0.12
223919.00ms : 1.00;-0.11;-0.37;2.81;-0.67;0.31
223939.00ms : 1.00;-0.10;-0.38;1.28;-0.79;0.06
223959.00ms : 1.00;-0.09;-0.38;1.16;-0.98;0.43
223979.00ms : 1.00;-0.09;-0.38;2.01;-0.98;0.73
223999.00ms : 0.99;-0.09;-0.39;1.89;-1.22;0.92
224019.00ms : 0.99;-0.08;-0.38;1.40;-1.10;0.24
224039.00ms : 1.00;-0.09;-0.37;1.22;-0.92;-0.24
224059.00ms : 1.00;-0.08;-0.37;0.18;-0.67;-0.06
224079.00ms : 1.00;-0.07;-0.38;0.55;-0.67;0.00
224099.00ms : 1.00;-0.08;-0.38;2.81;-0.61;0.24
224119.00ms : 0.99;-0.09;-0.38;3.42;-0.61;0.12
224139.00ms : 1.00;-0.10;-0.37;1.71;-0.43;-0.06
224159.00ms : 1.01;-0.09;-0.38;0.24;-0.79;-0.06
224179.00ms : 0.99;-0.09;-0.39;0.49;-0.49;0.18
224199.00ms : 0.99;-0.08;-0.38;0.92;-0.85;0.00
224219.00ms : 1.00;-0.09;-0.38;-0.61;-0.73;-0.31
224239.00ms : 1.01;-0.09;-0.39;-0.98;-0.79;-0.37
224259.00ms : 0.99;-0.10;-0.39;-0.55;-1.04;0.12
224279.00ms : 1.00;-0.09;-0.38;0.12;-0.85;-0.12
224299.00ms : 1.00;-0.09;-0.37;0.12;-0.79;0.00
224319.00ms : 0.99;-0.09;-0.38;-0.92;-0.55;-0.31
224339.00ms : 1.00;-0.09;-0.37;-0.79;-0.79;0.12
224359.00ms : 1.00;-0.10;-0.38;-0.61;-0.85;0.18
224379.00ms : 0.99;-0.08;-0.38;-0.61;-0.43;-0.31
224399.00ms : 1.00;-0.08;-0.38;0.06;-0.61;0.18
224419.00ms : 1.00;-0.10;-0.38;0.43;-0.31;0.49
224439.00ms : 1.00;-0.11;-0.38;-0.31;-0.18;0.61
224459.00ms : 1.00;-0.09;-0.39;-1.53;-0.61;0.24
224479.00ms : 1.00;-0.08;-0.38;-1.10;-0.67;0.61
224499.00ms : 1.00;-0.08;-0.38;-1.16;-0.67;0.43
224519.00ms : 0.99;-0.10;-0.38;-1.59;-0.12;0.37
224539.00ms : 1.00;-0.08;-0.38;-2.99;-0.49;-0.37
224559.00ms : 1.00;-0.08;-0.39;-3.30;-0.79;-0.43
224579.00ms : 1.00;-0.07;-0.38;-2.38;-0.67;-0.31
224599.00ms : 1.00;-0.09;-0.37;-1.16;-0.98;-0.31
224619.00ms : 1.00;-0.09;-0.38;-1.83;-1.16;-0.67
224639.00ms : 1.00;-0.08;-0.38;-2.26;-0.73;-1.10
224659.00ms : 1.00;-0.09;-0.38;-2.32;-0.79;-0.67
224679.00ms : 0.99;-0.08;-0.38;-3.05;-0.67;-1.04
224699.00ms : 1.00;-0.08;-0.39;-0.61;-1.28;-0.92
224719.00ms : 0.99;-0.11;-0.38;0.06;-0.98;-0.12
224739.00ms : 0.99;-0.11;-0.38;-1.83;-1.04;-0.49
224759.00ms : 1.00;-0.08;-0.38;-1.89;-1.16;-0.55
224779.00ms : 0.99;-0.07;-0.39;0.12;-1.04;-0.24
224799.00ms : 1.00;-0.09;-0.38;0.49;-0.67;-0.06
224819.00ms : 1.00;-0.10;-0.38;-0.92;-0.85;-0.06
224839.00ms : 1.00;-0.08;-0.38;-1.59;-0.92;-0.55
224859.00ms : 1.00;-0.08;-0.39;-0.24;-1.04;-0.43
224879.00ms : 1.00;-0.10;-0.38;0.85;-0.85;0.49
224899.00ms : 1.00;-0.10;-0.38;0.67;-0.98;0.12
224919.00ms : 0.99;-0.09;-0.38;-0.55;-0.79;-0.43
224939.00ms : 1.00;-0.08;-0.38;-0.61;-0.85;-0.49
224959.00ms : 1.00;-0.09;-0.39;-0.06;-1.28;0.18
224979.00ms : 0.99;-0.09;-0.37;0.37;-1.16;-0.06
224999.00ms : 0.99;-0.09;-0.38;0.31;-1.16;-0.61
225019.00ms : 0.99;-0.07;-0.38;-0.12;-1.22;-0.61
225039.00ms : 1.01;-0.08;-0.38;1.53;-1.59;-0.12
225059.00ms : 0.99;-0.09;-0.38;2.75;-1.59;0.00
225079.00ms : 0.99;-0.11;-0.38;2.62;-1.16;-0.12
225099.00ms : 1.00;-0.10;-0.37;-0.06;-1.10;0.12
225119.00ms : 1.00;-0.09;-0.38;-0.18;-0.92;0.06
225139.00ms : 1.00;-0.09;-0.38;1.10;-1.34;0.06
225159.00ms : 1.00;-0.09;-0.37;1.40;-1.40;0.43
225179.00ms : 1.00;-0.12;-0.37;-0.43;-0.61;0.55
225199.00ms : 1.00;-0.10;-0.38;-2.38;-1.16;0.06
225219.00ms : 0.99;-0.07;-0.38;-1.16;-0.98;-0.12
225239.00ms : 1.00;-0.07;-0.38;1.10;-0.92;0.24
225259.00ms : 0.99;-0.09;-0.38;0.92;-1.28;0.31
225279.00ms : 1.00;-0.11;-0.38;-0.92;-0.85;0.18
225299.00ms : 1.00;-0.09;-0.38;-2.01;-1.22;-0.06
225319.00ms : 1.00;-0.07;-0.39;-0.37;-1.22;0.43
225339.00ms : 1.00;-0.08;-0.37;1.22;-1.28;0.37
225359.00ms : 1.00;-0.09;-0.37;0.49;-1.22;0.55
225379.00ms : 1.00;-0.10;-0.38;-1.04;-0.73;0.18
225399.00ms : 1.00;-0.09;-0.38;-0.92;-0.98;0.43
225419.00ms : 1.00;-0.07;-0.38;0.73;-0.98;0.12
225439.00ms : 1.00;-0.09;-0.38;1.95;-1.16;0.06
225459.00ms : 1.00;-0.09;-0.37;1.16;-0.98;0.24
225479.00ms : 1.00;-0.11;-0.38;-0.92;-1.04;0.37
225499.00ms : 1.00;-0.10;-0.38;-1.40;-1.04;-0.06
225519.00ms : 1.00;-0.08;-0.38;-0.79;-1.04;-0.49
225539.00ms : 1.00;-0.10;-0.38;-0.37;-0.98;0.31
225559.00ms : 1.00;-0.10;-0.38;-1.34;-1.10;0.61
225579.00ms : 1.00;-0.09;-0.38;-1.59;-1.16;0.37
