64054.00ms : 0.95;-0.29;-0.26;-4.15;1.83;7.81
64074.00ms : 0.96;-0.28;-0.27;-6.65;0.12;5.74
64094.00ms : 0.96;-0.28;-0.26;-2.01;-1.83;4.21
64114.00ms : 0.95;-0.30;-0.29;-0.98;-2.87;1.89
64134.00ms : 0.94;-0.31;-0.27;-0.85;-2.01;-2.38
64154.00ms : 0.95;-0.31;-0.26;0.18;-1.83;-3.17
64174.00ms : 0.95;-0.30;-0.25;-2.62;-2.38;-3.72
64194.00ms : 0.93;-0.31;-0.25;-4.52;-0.85;-3.05
64214.00ms : 0.93;-0.31;-0.26;-5.25;0.98;-6.77
64234.00ms : 0.93;-0.31;-0.27;-5.55;0.18;-6.47
64254.00ms : 0.94;-0.33;-0.27;-4.88;0.31;-4.76
64274.00ms : 0.95;-0.34;-0.27;-6.29;-0.18;-6.35
64294.00ms : 0.91;-0.33;-0.26;-6.84;0.24;-4.94
64314.00ms : 0.94;-0.35;-0.25;-8.12;-0.12;-4.39
64334.00ms : 0.94;-0.33;-0.27;-6.04;-0.06;-5.49
64354.00ms : 0.95;-0.26;-0.28;-4.88;-0.85;-3.91
64374.00ms : 0.94;-0.28;-0.27;-2.44;-0.73;-3.54
64394.00ms : 0.94;-0.31;-0.25;-2.56;-0.06;-5.74
64414.00ms : 0.96;-0.28;-0.27;-5.55;-0.55;-5.86
64434.00ms : 0.95;-0.26;-0.27;-4.27;-0.31;-7.26
64454.00ms : 0.95;-0.26;-0.26;-0.37;-0.49;-8.06
64474.00ms : 0.93;-0.28;-0.25;1.40;0.73;-6.90
64494.00ms : 0.95;-0.36;-0.23;-0.12;0.06;-7.32
64514.00ms : 0.94;-0.37;-0.25;-7.63;-0.79;-5.68
64534.00ms : 0.92;-0.38;-0.29;-12.70;-0.73;-4.03
64554.00ms : 0.95;-0.37;-0.27;-14.22;-3.30;-3.48
64574.00ms : 0.94;-0.27;-0.27;-11.23;1.77;-8.61
64594.00ms : 0.96;-0.31;-0.27;-11.60;0.31;-5.98
64614.00ms : 0.95;-0.32;-0.27;-10.86;-0.79;-7.75
64634.00ms : 0.96;-0.28;-0.27;-8.00;-1.53;-7.93
64654.00ms : 0.95;-0.30;-0.25;-2.56;-1.22;-8.42
64674.00ms : 0.93;-0.34;-0.24;-0.18;-2.01;-8.85
64694.00ms : 0.90;-0.37;-0.23;-0.61;-1.89;-9.70
64714.00ms : 0.92;-0.35;-0.26;-1.28;-1.40;-13.12
64734.00ms : 0.93;-0.35;-0.28;0.31;-2.62;-13.31
64754.00ms : 0.93;-0.38;-0.29;-0.55;-2.69;-11.17
64774.00ms : 0.94;-0.36;-0.25;-1.65;-3.36;-12.08
64794.00ms : 0.93;-0.37;-0.24;-1.77;-3.54;-13.73
64814.00ms : 0.94;-0.38;-0.25;-1.89;-4.27;-14.53
64834.00ms : 0.95;-0.38;-0.27;-1.59;-4.76;-15.14
64854.00ms : 0.95;-0.39;-0.27;-1.34;-6.29;-14.47
64874.00ms : 0.95;-0.39;-0.25;0.55;-6.59;-12.76
64894.00ms : 0.97;-0.38;-0.23;3.85;-6.84;-12.76
64914.00ms : 0.96;-0.41;-0.23;3.72;-6.10;-11.47
64934.00ms : 0.97;-0.41;-0.25;1.22;-6.90;-11.29
64954.00ms : 0.92;-0.45;-0.27;-0.79;-3.17;-10.07
64974.00ms : 0.96;-0.49;-0.25;-4.46;-2.32;-9.89
64994.00ms : 0.94;-0.43;-0.23;-3.54;-3.66;-9.09
65014.00ms : 0.90;-0.43;-0.21;-0.67;-3.60;-8.61
65034.00ms : 0.88;-0.43;-0.20;-2.81;-3.42;-7.14
65054.00ms : 0.89;-0.43;-0.20;-6.84;-2.01;-5.37
65074.00ms : 0.91;-0.43;-0.21;-8.85;-4.21;-3.97
65094.00ms : 0.91;-0.40;-0.23;-5.86;-6.90;-1.71
65114.00ms : 0.92;-0.41;-0.20;-0.61;-8.36;0.12
65134.00ms : 0.91;-0.39;-0.22;0.49;-9.58;1.22
65154.00ms : 0.94;-0.37;-0.20;3.78;-10.31;2.81
65174.00ms : 0.93;-0.39;-0.23;3.97;-9.34;3.36
65194.00ms : 0.88;-0.40;-0.24;3.30;-6.10;4.21
65214.00ms : 0.87;-0.40;-0.24;1.95;-3.78;4.58
65234.00ms : 0.88;-0.44;-0.22;-0.31;-3.23;3.78
65254.00ms : 0.86;-0.41;-0.22;-0.67;-3.54;3.48
65274.00ms : 0.83;-0.42;-0.21;-1.65;-2.26;2.99
65294.00ms : 0.84;-0.40;-0.24;-2.14;-4.52;2.93
65314.00ms : 0.85;-0.36;-0.24;1.77;-5.80;3.72
65334.00ms : 0.81;-0.37;-0.25;5.55;-6.04;5.19
65354.00ms : 0.87;-0.41;-0.24;7.32;-6.35;4.64
65374.00ms : 0.86;-0.41;-0.24;6.53;-5.49;3.60
65394.00ms : 0.83;-0.39;-0.23;6.23;-5.19;3.60
65414.00ms : 0.87;-0.37;-0.21;7.32;-4.39;3.42
65434.00ms : 0.85;-0.44;-0.21;4.39;-1.83;2.20
65454.00ms : 0.86;-0.50;-0.21;-1.28;-2.38;1.59
65474.00ms : 0.92;-0.47;-0.21;-2.62;-5.43;3.11
65494.00ms : 0.92;-0.36;-0.20;1.71;-4.39;3.85
65514.00ms : 0.85;-0.42;-0.21;0.92;-0.79;4.70
65534.00ms : 0.87;-0.53;-0.20;-7.81;0.43;3.48
65554.00ms : 0.89;-0.51;-0.20;-11.54;-1.53;3.72
65574.00ms : 0.91;-0.46;-0.17;-6.96;-2.69;2.62
65594.00ms : 0.88;-0.42;-0.18;-4.70;-3.91;4.76
65614.00ms : 0.86;-0.45;-0.20;-8.18;-3.54;5.55
65634.00ms : 0.90;-0.45;-0.19;-12.51;-3.48;4.03
65654.00ms : 0.93;-0.38;-0.20;-12.51;-4.58;2.38
65674.00ms : 0.92;-0.33;-0.22;-10.19;-3.97;2.99
65694.00ms : 0.87;-0.34;-0.22;-12.76;-3.17;2.08
65714.00ms : 0.90;-0.40;-0.19;-16.91;-2.14;0.49
65734.00ms : 0.95;-0.34;-0.20;-16.66;-3.66;0.85
65754.00ms : 0.92;-0.31;-0.21;-12.63;-3.54;1.95
65774.00ms : 0.88;-0.37;-0.22;-13.85;-1.65;1.28
65794.00ms : 0.90;-0.41;-0.21;-17.27;-1.71;1.53
65814.00ms : 0.89;-0.40;-0.21;-17.46;-1.95;2.08
65834.00ms : 0.85;-0.37;-0.22;-15.99;-2.69;2.38
65854.00ms : 0.86;-0.40;-0.22;-15.32;-3.23;2.32
65874.00ms : 0.86;-0.42;-0.19;-16.30;-1.89;3.48
65894.00ms : 0.86;-0.42;-0.15;-17.27;-1.53;1.65
65914.00ms : 0.87;-0.32;-0.14;-14.34;-3.48;0.73
65934.00ms : 0.87;-0.30;-0.15;-9.03;-4.82;1.53
65954.00ms : 0.87;-0.35;-0.20;-7.57;-4.64;1.22
65974.00ms : 0.90;-0.32;-0.19;-8.12;-2.87;0.49
65994.00ms : 0.90;-0.33;-0.18;-8.67;-0.98;-1.10
66014.00ms : 0.86;-0.37;-0.17;-9.77;-1.59;-2.38
66034.00ms : 0.90;-0.39;-0.19;-9.52;-2.26;-1.28
66054.00ms : 0.91;-0.37;-0.19;-6.71;-2.99;-0.31
66074.00ms : 0.90;-0.36;-0.17;-4.15;-2.38;0.00
66094.00ms : 0.87;-0.38;-0.16;-5.49;-1.46;-1.40
66114.00ms : 0.89;-0.41;-0.17;-7.08;-2.26;-1.65
66134.00ms : 0.90;-0.39;-0.17;-7.26;-2.26;-1.22
66154.00ms : 0.89;-0.37;-0.17;-4.94;-3.36;-1.22
66174.00ms : 0.88;-0.33;-0.18;-1.59;-3.91;0.12
66194.00ms : 0.88;-0.32;-0.19;-0.55;-2.32;0.55
66214.00ms : 0.88;-0.40;-0.15;-6.35;-1.46;-1.46
66234.00ms : 0.91;-0.36;-0.11;-10.01;-1.34;-3.48
66254.00ms : 0.93;-0.31;-0.11;-8.24;-2.20;-1.65
66274.00ms : 0.89;-0.31;-0.17;-3.42;-2.62;-0.31
66294.00ms : 0.89;-0.37;-0.18;-0.85;-3.91;0.12
66314.00ms : 0.88;-0.39;-0.15;-1.59;-2.44;-1.34
66334.00ms : 0.89;-0.37;-0.14;-1.95;-2.69;-1.22
66354.00ms : 0.88;-0.36;-0.17;-1.40;-2.56;-0.73
66374.00ms : 0.87;-0.36;-0.20;-0.79;-1.83;-0.18
66394.00ms : 0.90;-0.39;-0.12;-2.75;-0.55;-1.40
66414.00ms : 0.90;-0.37;-0.11;-5.74;0.00;-3.36
66434.00ms : 0.87;-0.37;-0.16;-5.80;-1.16;-3.66
66454.00ms : 0.87;-0.38;-0.17;-4.70;-1.71;-3.42
66474.00ms : 0.90;-0.34;-0.16;-1.40;-2.56;-3.05
66494.00ms : 0.91;-0.33;-0.16;1.16;-2.44;-1.59
66514.00ms : 0.88;-0.36;-0.16;2.26;-2.14;-1.59
66534.00ms : 0.85;-0.36;-0.18;1.77;-2.20;-2.87
66554.00ms : 0.88;-0.40;-0.14;-0.98;-1.77;-4.09
66574.00ms : 0.92;-0.35;-0.15;-2.56;-2.01;-4.88
66594.00ms : 0.90;-0.31;-0.18;1.22;-2.01;-2.99
66614.00ms : 0.88;-0.35;-0.17;5.55;-2.69;-1.46
66634.00ms : 0.89;-0.38;-0.16;5.86;-2.62;-1.89
66654.00ms : 0.88;-0.42;-0.13;2.62;-1.71;-4.15
66674.00ms : 0.87;-0.40;-0.13;-0.67;-1.10;-4.21
66694.00ms : 0.88;-0.41;-0.15;-2.93;-0.67;-5.43
66714.00ms : 0.89;-0.39;-0.14;-1.46;-2.26;-5.49
66734.00ms : 0.90;-0.36;-0.17;1.53;-2.50;-2.81
66754.00ms : 0.90;-0.34;-0.17;5.07;-2.08;-0.73
66774.00ms : 0.87;-0.36;-0.13;5.55;-1.53;0.00
66794.00ms : 0.87;-0.39;-0.13;4.58;-0.37;0.00
66814.00ms : 0.86;-0.43;-0.11;1.40;1.65;-0.31
66834.00ms : 0.85;-0.45;-0.11;-0.55;1.22;-0.49
66854.00ms : 0.85;-0.43;-0.12;0.24;1.59;-0.98
66874.00ms : 0.86;-0.43;-0.14;2.14;0.49;-0.61
66894.00ms : 0.87;-0.46;-0.15;0.98;0.43;-0.12
66914.00ms : 0.87;-0.47;-0.16;-1.46;-0.06;-0.31
66934.00ms : 0.89;-0.43;-0.17;-2.44;0.31;-0.12
66954.00ms : 0.90;-0.39;-0.18;-1.59;0.00;1.16
66974.00ms : 0.89;-0.36;-0.20;-0.24;0.18;1.83
66994.00ms : 0.89;-0.36;-0.18;0.85;-0.55;2.32
67014.00ms : 0.89;-0.35;-0.15;1.71;-0.92;2.99
67034.00ms : 0.87;-0.38;-0.13;1.53;-0.24;1.65
67054.00ms : 0.86;-0.38;-0.16;0.85;-1.04;0.79
67074.00ms : 0.90;-0.36;-0.18;2.26;-1.46;1.28
67094.00ms : 0.91;-0.36;-0.17;4.52;-1.89;3.60
67114.00ms : 0.88;-0.38;-0.16;5.43;-1.83;2.99
67134.00ms : 0.87;-0.41;-0.15;2.87;-0.24;1.28
67154.00ms : 0.88;-0.42;-0.14;-0.18;0.00;0.49
67174.00ms : 0.89;-0.39;-0.17;-0.12;-0.31;0.18
67194.00ms : 0.88;-0.38;-0.17;2.50;-0.06;1.46
67214.00ms : 0.86;-0.40;-0.17;2.01;0.31;1.46
67234.00ms : 0.87;-0.41;-0.16;-1.28;0.61;0.12
67254.00ms : 0.89;-0.39;-0.17;-3.54;1.16;-0.31
67274.00ms : 0.87;-0.37;-0.19;-2.87;1.28;-0.55
67294.00ms : 0.88;-0.36;-0.18;-1.04;1.71;0.06
67314.00ms : 0.86;-0.40;-0.18;-2.20;3.54;-1.34
67334.00ms : 0.85;-0.41;-0.19;-6.04;4.27;-4.03
67354.00ms : 0.87;-0.38;-0.18;-7.26;2.62;-2.75
67374.00ms : 0.86;-0.36;-0.17;-5.62;2.26;-1.83
67394.00ms : 0.87;-0.31;-0.18;-1.28;2.50;-1.53
67414.00ms : 0.83;-0.30;-0.22;1.40;3.85;-2.20
67434.00ms : 0.79;-0.40;-0.21;-2.26;6.59;-5.49
67454.00ms : 0.79;-0.44;-0.23;-12.08;8.36;-10.38
67474.00ms : 0.82;-0.49;-0.17;-21.18;8.97;-11.35
67494.00ms : 0.88;-0.43;-0.17;-23.62;9.28;-13.18
67514.00ms : 0.91;-0.36;-0.18;-15.44;9.28;-13.85
67534.00ms : 0.97;-0.39;-0.16;-6.23;8.36;-12.94
67554.00ms : 1.04;-0.44;-0.11;-0.79;5.98;-7.20
67574.00ms : 1.02;-0.43;-0.11;1.04;5.25;-4.82
67594.00ms : 0.95;-0.45;-0.04;0.31;3.23;-1.40
67614.00ms : 0.87;-0.47;-0.07;-3.97;2.08;-3.48
67634.00ms : 0.84;-0.44;-0.12;-6.65;0.49;-3.85
67654.00ms : 0.86;-0.39;-0.21;-4.52;-0.37;-3.05
67674.00ms : 0.85;-0.37;-0.28;1.04;-0.24;-0.55
67694.00ms : 0.82;-0.41;-0.27;4.09;1.40;-1.40
67714.00ms : 0.80;-0.48;-0.23;0.43;4.09;-3.72
67734.00ms : 0.85;-0.47;-0.25;-4.39;4.88;-3.72
67754.00ms : 0.83;-0.39;-0.29;-0.24;5.07;-4.39
67774.00ms : 0.82;-0.38;-0.23;5.98;6.29;-3.36
67794.00ms : 0.80;-0.43;-0.14;6.53;4.76;-5.37
67814.00ms : 0.79;-0.45;-0.17;3.91;2.93;-5.92
67834.00ms : 0.86;-0.41;-0.16;5.74;3.78;-6.47
67854.00ms : 0.92;-0.34;-0.20;7.93;0.73;-5.25
67874.00ms : 0.84;-0.32;-0.19;14.83;0.79;-3.78
67894.00ms : 0.79;-0.41;-0.20;17.21;3.17;-6.35
67914.00ms : 0.74;-0.42;-0.21;9.77;2.20;-9.64
67934.00ms : 0.92;-0.41;-0.18;6.77;1.46;-8.79
67954.00ms : 1.00;-0.38;-0.24;8.91;-0.61;-6.10
67974.00ms : 0.87;-0.43;-0.27;12.51;1.89;-0.12
67994.00ms : 0.77;-0.51;-0.26;11.84;3.78;-2.26
68014.00ms : 0.85;-0.50;-0.20;7.26;4.33;-8.73
68034.00ms : 1.00;-0.44;-0.18;1.28;1.71;-5.86
68054.00ms : 0.98;-0.42;-0.23;3.97;0.49;2.14
68074.00ms : 0.87;-0.48;-0.21;10.68;0.00;6.71
68094.00ms : 0.72;-0.47;-0.14;12.15;-0.43;2.32
68114.00ms : 0.95;-0.40;-0.11;8.18;-1.95;-1.65
68134.00ms : 1.02;-0.35;-0.16;8.18;-2.14;1.46
68154.00ms : 0.88;-0.45;-0.21;11.72;-2.99;5.37
68174.00ms : 0.80;-0.50;-0.27;10.19;-4.03;3.60
68194.00ms : 0.89;-0.44;-0.26;11.23;-4.46;1.77
68214.00ms : 0.95;-0.53;-0.26;6.41;0.12;2.81
68234.00ms : 0.93;-0.53;-0.21;-3.85;0.12;4.58
68254.00ms : 0.86;-0.45;-0.21;-9.95;-0.55;4.52
68274.00ms : 0.86;-0.31;-0.25;-6.29;-1.16;6.04
68294.00ms : 0.95;-0.22;-0.29;12.94;-3.30;8.48
68314.00ms : 0.93;-0.38;-0.27;24.48;-2.38;11.60
68334.00ms : 0.86;-0.55;-0.27;19.71;-1.83;10.80
68354.00ms : 0.82;-0.58;-0.24;7.20;0.00;5.86
68374.00ms : 0.88;-0.57;-0.19;-8.79;1.10;0.49
68394.00ms : 0.96;-0.45;-0.22;-12.57;0.00;1.71
68414.00ms : 0.95;-0.41;-0.21;-5.55;-0.67;3.85
68434.00ms : 0.95;-0.43;-0.18;3.78;-2.50;5.00
68454.00ms : 0.91;-0.42;-0.24;10.68;-3.42;5.19
68474.00ms : 0.90;-0.46;-0.26;11.84;-2.32;7.08
68494.00ms : 0.91;-0.53;-0.23;7.20;-1.46;6.96
68514.00ms : 0.89;-0.51;-0.21;2.01;-1.10;4.64
68534.00ms : 0.91;-0.45;-0.22;1.83;-1.04;3.05
68554.00ms : 0.88;-0.37;-0.23;5.86;-1.77;4.21
68574.00ms : 0.89;-0.33;-0.24;13.24;-2.87;6.23
68594.00ms : 0.94;-0.42;-0.25;18.80;-3.91;8.91
68614.00ms : 0.91;-0.48;-0.24;18.86;-4.09;7.93
68634.00ms : 0.91;-0.46;-0.25;17.64;-4.70;6.59
68654.00ms : 0.89;-0.42;-0.26;16.48;-4.52;5.98
68674.00ms : 0.90;-0.44;-0.26;13.49;-3.78;6.59
68694.00ms : 0.91;-0.44;-0.25;10.86;-3.72;6.16
68714.00ms : 0.90;-0.43;-0.26;10.01;-3.23;4.09
68734.00ms : 0.89;-0.44;-0.27;7.87;-3.05;2.56
68754.00ms : 0.89;-0.44;-0.26;6.59;-3.11;2.26
68774.00ms : 0.91;-0.41;-0.27;6.41;-3.66;3.05
68794.00ms : 0.90;-0.43;-0.26;7.45;-3.72;1.71
68814.00ms : 0.90;-0.43;-0.25;5.74;-3.60;1.04
68834.00ms : 0.90;-0.40;-0.27;4.94;-3.85;1.22
68854.00ms : 0.90;-0.43;-0.25;5.07;-3.36;1.71
68874.00ms : 0.89;-0.42;-0.25;5.43;-3.78;0.24
68894.00ms : 0.89;-0.41;-0.25;4.70;-3.23;-0.12
68914.00ms : 0.89;-0.42;-0.26;3.66;-2.56;0.61
68934.00ms : 0.89;-0.44;-0.26;2.01;-2.32;0.85
68954.00ms : 0.89;-0.46;-0.24;0.67;-2.32;0.24
68974.00ms : 0.89;-0.44;-0.26;0.79;-3.11;-0.55
68994.00ms : 0.90;-0.42;-0.26;1.40;-2.75;-0.31
69014.00ms : 0.89;-0.42;-0.25;1.83;-2.56;0.18
69034.00ms : 0.90;-0.42;-0.25;1.53;-2.81;0.55
69054.00ms : 0.88;-0.44;-0.26;0.55;-2.26;0.37
69074.00ms : 0.89;-0.45;-0.26;-0.98;-2.26;0.18
69094.00ms : 0.89;-0.46;-0.25;-2.08;-2.08;0.31
69114.00ms : 0.89;-0.45;-0.25;-2.56;-2.26;0.43
69134.00ms : 0.89;-0.44;-0.25;-2.99;-1.95;0.37
69154.00ms : 0.89;-0.44;-0.26;-3.78;-1.59;0.18
69174.00ms : 0.90;-0.42;-0.26;-4.39;-1.77;0.73
69194.00ms : 0.89;-0.46;-0.25;-4.82;-0.67;1.28
69214.00ms : 0.88;-0.46;-0.24;-6.65;-1.10;0.12
69234.00ms : 0.89;-0.41;-0.25;-7.20;-0.85;-0.98
69254.00ms : 0.90;-0.39;-0.25;-5.98;-1.22;0.00
69274.00ms : 0.89;-0.41;-0.24;-3.85;-0.85;1.04
69294.00ms : 0.89;-0.41;-0.24;-2.62;-0.55;0.67
69314.00ms : 0.89;-0.41;-0.24;-1.59;-0.98;0.43
69334.00ms : 0.90;-0.40;-0.25;-0.06;-1.04;0.79
69354.00ms : 0.90;-0.42;-0.25;0.92;-1.10;1.53
69374.00ms : 0.89;-0.45;-0.25;0.55;-1.65;1.89
69394.00ms : 0.89;-0.43;-0.25;0.79;-1.65;1.53
69414.00ms : 0.89;-0.42;-0.25;1.59;-2.32;1.16
69434.00ms : 0.90;-0.40;-0.25;2.32;-2.08;1.28
69454.00ms : 0.90;-0.41;-0.25;2.62;-1.95;1.22
69474.00ms : 0.89;-0.42;-0.25;1.46;-2.26;1.34
69494.00ms : 0.89;-0.41;-0.25;1.89;-2.26;1.16
69514.00ms : 0.89;-0.42;-0.24;2.38;-2.20;1.04
69534.00ms : 0.90;-0.41;-0.25;2.81;-2.08;0.79
69554.00ms : 0.89;-0.42;-0.23;2.44;-1.89;1.53
69574.00ms : 0.89;-0.44;-0.25;1.10;-1.83;1.22
69594.00ms : 0.88;-0.45;-0.24;-0.43;-1.22;0.73
69614.00ms : 0.89;-0.43;-0.25;-1.59;-1.04;0.31
69634.00ms : 0.89;-0.43;-0.25;-1.89;-0.49;1.22
69654.00ms : 0.89;-0.45;-0.24;-2.93;-0.67;1.04
69674.00ms : 0.89;-0.43;-0.24;-2.87;-0.67;0.67
69694.00ms : 0.89;-0.42;-0.24;-1.65;-0.67;1.04
69714.00ms : 0.89;-0.41;-0.24;-0.37;-0.37;1.53
69734.00ms : 0.89;-0.41;-0.25;-0.06;-0.55;1.53
69754.00ms : 0.90;-0.42;-0.25;0.00;-0.67;1.77
69774.00ms : 0.90;-0.41;-0.25;-0.24;-0.61;1.16
69794.00ms : 0.89;-0.41;-0.24;0.24;-0.31;0.92
69814.00ms : 0.90;-0.40;-0.24;0.24;-0.06;1.10
69834.00ms : 0.90;-0.41;-0.25;-0.12;0.06;1.83
69854.00ms : 0.89;-0.43;-0.25;0.06;0.31;1.95
69874.00ms : 0.89;-0.44;-0.26;-0.67;0.18;1.34
69894.00ms : 0.90;-0.43;-0.25;-1.22;-0.06;1.34
69914.00ms : 0.90;-0.41;-0.25;-1.28;0.37;0.98
69934.00ms : 0.89;-0.40;-0.25;-1.16;0.67;0.98
69954.00ms : 0.90;-0.41;-0.25;-0.85;0.37;0.92
69974.00ms : 0.90;-0.41;-0.26;-0.79;0.24;0.85
69994.00ms : 0.89;-0.42;-0.24;-0.12;0.12;0.92
70014.00ms : 0.90;-0.41;-0.26;-0.49;0.12;0.67
70034.00ms : 0.91;-0.40;-0.25;-0.37;-0.37;0.49
70054.00ms : 0.91;-0.42;-0.26;-0.73;-0.37;1.04
70074.00ms : 0.89;-0.44;-0.25;-1.22;0.31;0.73
70094.00ms : 0.89;-0.43;-0.26;-2.93;0.24;0.49
70114.00ms : 0.89;-0.43;-0.26;-6.04;1.46;0.67
70134.00ms : 0.88;-0.46;-0.25;-9.83;1.95;0.18
70154.00ms : 0.89;-0.45;-0.25;-10.74;1.59;-0.18
70174.00ms : 0.89;-0.43;-0.25;-8.42;1.04;0.61
70194.00ms : 0.91;-0.43;-0.26;-4.94;0.61;2.14
70214.00ms : 0.91;-0.41;-0.26;-1.04;-0.37;3.30
70234.00ms : 0.90;-0.39;-0.24;2.93;-1.28;3.78
70254.00ms : 0.91;-0.37;-0.25;5.55;-1.53;4.15
70274.00ms : 0.90;-0.40;-0.25;5.62;-1.28;4.58
70294.00ms : 0.91;-0.40;-0.26;4.03;-1.46;4.15
70314.00ms : 0.90;-0.41;-0.26;2.99;-1.16;3.17
70334.00ms : 0.90;-0.42;-0.27;0.98;-0.79;2.62
70354.00ms : 0.90;-0.42;-0.25;-1.28;-0.12;2.56
70374.00ms : 0.91;-0.41;-0.26;-2.50;-0.31;2.08
70394.00ms : 0.90;-0.41;-0.25;-1.95;-0.12;2.26
70414.00ms : 0.91;-0.42;-0.26;-2.01;-0.43;2.08
70434.00ms : 0.90;-0.41;-0.26;-2.50;-0.37;1.95
70454.00ms : 0.91;-0.40;-0.26;-2.14;-0.67;1.28
70474.00ms : 0.91;-0.39;-0.26;-1.46;-1.04;1.46
70494.00ms : 0.91;-0.38;-0.25;0.24;-0.85;1.22
70514.00ms : 0.91;-0.38;-0.26;0.85;-1.22;0.85
70534.00ms : 0.91;-0.39;-0.26;1.53;-1.83;1.53
70554.00ms : 0.90;-0.43;-0.26;1.40;-1.40;1.89
70574.00ms : 0.89;-0.43;-0.25;0.00;-1.22;0.67
70594.00ms : 0.90;-0.40;-0.25;-0.55;-0.79;-0.24
70614.00ms : 0.91;-0.38;-0.26;-0.37;-1.16;0.49
70634.00ms : 0.91;-0.40;-0.26;0.06;-1.04;1.10
70654.00ms : 0.90;-0.43;-0.26;-0.92;-0.98;1.22
70674.00ms : 0.90;-0.42;-0.25;-1.65;-0.73;0.24
70694.00ms : 0.91;-0.39;-0.25;-2.14;-0.85;0.06
70714.00ms : 0.91;-0.39;-0.27;-1.89;-0.85;1.34
70734.00ms : 0.90;-0.41;-0.26;-1.40;-0.85;2.50
70754.00ms : 0.90;-0.41;-0.25;-1.46;-1.04;1.95
70774.00ms : 0.91;-0.38;-0.25;-1.59;-1.46;1.65
70794.00ms : 0.91;-0.38;-0.26;-0.55;-1.34;2.32
70814.00ms : 0.90;-0.41;-0.27;-1.53;-1.10;3.72
70834.00ms : 0.90;-0.42;-0.25;-2.44;-0.49;2.69
70854.00ms : 0.91;-0.41;-0.25;-2.50;-0.67;2.26
70874.00ms : 0.90;-0.40;-0.25;-1.83;-0.31;1.77
70894.00ms : 0.90;-0.40;-0.25;-0.79;-0.67;1.46
70914.00ms : 0.91;-0.39;-0.26;0.24;-0.49;2.20
70934.00ms : 0.91;-0.39;-0.25;2.32;-0.73;2.56
70954.00ms : 0.90;-0.39;-0.25;3.78;-1.10;1.77
70974.00ms : 0.91;-0.38;-0.25;4.39;-0.85;1.10
70994.00ms : 0.91;-0.39;-0.25;3.85;-0.67;0.67
71014.00ms : 0.91;-0.40;-0.27;2.62;-0.92;0.92
71034.00ms : 0.91;-0.40;-0.27;2.50;-0.73;1.34
71054.00ms : 0.91;-0.41;-0.26;2.20;-0.92;0.06
71074.00ms : 0.91;-0.39;-0.25;1.53;-0.06;-0.98
71094.00ms : 0.92;-0.38;-0.26;0.55;0.12;-0.37
71114.00ms : 0.91;-0.40;-0.27;0.92;0.37;0.79
71134.00ms : 0.90;-0.43;-0.25;0.98;0.37;0.06
71154.00ms : 0.91;-0.39;-0.26;1.04;-0.24;-1.22
71174.00ms : 0.91;-0.38;-0.26;-0.31;-0.31;-1.46
71194.00ms : 0.91;-0.41;-0.27;-2.32;0.00;-0.31
71214.00ms : 0.90;-0.42;-0.26;-3.05;0.37;-0.79
71234.00ms : 0.92;-0.37;-0.26;-1.40;-0.61;-1.65
71254.00ms : 0.91;-0.38;-0.27;0.12;-0.79;-0.37
71274.00ms : 0.91;-0.40;-0.26;1.53;-0.67;-0.37
71294.00ms : 0.91;-0.38;-0.25;1.59;-0.61;-1.65
71314.00ms : 0.93;-0.35;-0.27;2.75;-1.04;-1.28
71334.00ms : 0.91;-0.39;-0.27;3.36;-0.43;-0.61
71354.00ms : 0.91;-0.43;-0.29;1.53;-1.34;-1.34
71374.00ms : 0.90;-0.41;-0.27;0.73;-1.53;-2.44
71394.00ms : 0.92;-0.37;-0.28;1.10;-2.20;-2.01
71414.00ms : 0.90;-0.40;-0.26;1.40;-0.98;-1.71
71434.00ms : 0.91;-0.43;-0.27;-0.43;-1.53;-2.01
71454.00ms : 0.90;-0.43;-0.27;-0.92;-1.53;-2.69
71474.00ms : 0.91;-0.41;-0.27;-0.92;-2.26;-2.87
71494.00ms : 0.91;-0.40;-0.27;-0.79;-1.34;-2.93
71514.00ms : 0.90;-0.41;-0.26;-1.83;-0.61;-4.27
71534.00ms : 0.91;-0.40;-0.25;-3.05;0.49;-6.41
71554.00ms : 0.92;-0.41;-0.27;-4.64;0.06;-7.81
71574.00ms : 0.91;-0.43;-0.28;-7.69;-0.18;-7.75
71594.00ms : 0.91;-0.45;-0.26;-10.56;-0.37;-7.93
71614.00ms : 0.93;-0.42;-0.26;-13.00;-0.92;-8.67
71634.00ms : 0.93;-0.44;-0.28;-14.04;-0.55;-8.67
71654.00ms : 0.93;-0.49;-0.26;-12.76;-1.59;-8.42
71674.00ms : 0.92;-0.47;-0.25;-10.56;-1.59;-7.87
71694.00ms : 0.95;-0.43;-0.24;-6.84;-3.30;-7.14
71714.00ms : 0.95;-0.42;-0.23;-2.08;-4.03;-5.19
71734.00ms : 0.94;-0.43;-0.23;2.50;-3.23;-3.78
71754.00ms : 0.91;-0.46;-0.27;9.22;-2.99;-4.09
71774.00ms : 0.92;-0.47;-0.26;5.37;-2.20;-3.78
71794.00ms : 0.91;-0.48;-0.26;-2.32;-0.67;-4.46
71814.00ms : 0.88;-0.53;-0.25;-8.79;-0.24;-5.80
71834.00ms : 0.87;-0.49;-0.22;-13.06;-0.18;-7.08
71854.00ms : 0.88;-0.43;-0.24;-16.54;0.85;-8.24
71874.00ms : 0.87;-0.43;-0.25;-18.86;1.89;-6.65
71894.00ms : 0.88;-0.45;-0.24;-19.41;1.83;-6.35
71914.00ms : 0.91;-0.43;-0.23;-19.29;0.73;-7.02
71934.00ms : 0.91;-0.40;-0.21;-17.76;0.00;-6.77
71954.00ms : 0.91;-0.40;-0.22;-17.03;-0.31;-7.08
71974.00ms : 0.90;-0.42;-0.22;-17.15;-1.46;-5.19
71994.00ms : 0.90;-0.42;-0.21;-14.40;-3.36;-3.85
72014.00ms : 0.90;-0.40;-0.21;-10.80;-3.60;-3.60
72034.00ms : 0.89;-0.45;-0.25;-10.86;-4.58;-1.34
72054.00ms : 0.89;-0.48;-0.25;-11.78;-6.47;2.75
72074.00ms : 0.89;-0.46;-0.23;-10.13;-6.29;3.72
72094.00ms : 0.87;-0.44;-0.21;-10.07;-5.25;4.03
72114.00ms : 0.87;-0.44;-0.20;-11.35;-5.49;4.64
72134.00ms : 0.89;-0.43;-0.19;-12.88;-5.31;4.39
72154.00ms : 0.89;-0.41;-0.20;-13.61;-5.55;4.76
72174.00ms : 0.87;-0.44;-0.21;-14.10;-6.10;5.43
72194.00ms : 0.89;-0.41;-0.21;-13.00;-5.68;3.60
72214.00ms : 0.89;-0.40;-0.22;-11.66;-5.68;4.03
72234.00ms : 0.85;-0.44;-0.22;-10.38;-5.19;4.21
72254.00ms : 0.85;-0.42;-0.21;-11.11;-5.43;3.42
72274.00ms : 0.86;-0.40;-0.21;-11.17;-5.00;1.53
72294.00ms : 0.84;-0.41;-0.22;-9.89;-5.55;2.93
72314.00ms : 0.84;-0.43;-0.22;-8.24;-5.80;4.58
72334.00ms : 0.86;-0.40;-0.23;-3.97;-6.47;5.49
72354.00ms : 0.87;-0.36;-0.22;1.16;-6.35;7.93
72374.00ms : 0.86;-0.39;-0.21;3.36;-4.70;8.42
72394.00ms : 0.84;-0.42;-0.17;1.04;-4.39;5.86
72414.00ms : 0.83;-0.42;-0.13;-1.89;-4.39;3.17
72434.00ms : 0.85;-0.40;-0.15;-3.72;-4.88;2.99
72454.00ms : 0.86;-0.37;-0.18;-0.85;-5.43;3.78
72474.00ms : 0.87;-0.35;-0.20;1.77;-5.13;5.19
72494.00ms : 0.86;-0.39;-0.18;1.65;-4.52;3.30
72514.00ms : 0.87;-0.42;-0.19;-0.79;-4.03;1.77
72534.00ms : 0.88;-0.42;-0.20;-2.32;-3.42;1.77
72554.00ms : 0.86;-0.42;-0.21;-1.95;-3.48;2.32
72574.00ms : 0.87;-0.38;-0.20;-1.28;-3.54;1.83
72594.00ms : 0.88;-0.41;-0.19;0.43;-4.70;1.40
72614.00ms : 0.88;-0.41;-0.19;0.49;-3.97;2.20
72634.00ms : 0.88;-0.42;-0.16;-0.49;-4.15;0.98
72654.00ms : 0.88;-0.41;-0.17;-0.67;-4.76;0.61
72674.00ms : 0.89;-0.39;-0.19;0.12;-4.64;1.89
72694.00ms : 0.88;-0.40;-0.18;0.43;-4.46;2.14
72714.00ms : 0.87;-0.39;-0.20;0.67;-4.76;2.87
72734.00ms : 0.88;-0.39;-0.21;0.55;-2.87;3.11
72754.00ms : 0.88;-0.40;-0.22;0.79;-1.77;2.99
72774.00ms : 0.88;-0.40;-0.20;0.00;-0.73;3.30
72794.00ms : 0.86;-0.47;-0.16;-4.27;0.61;0.92
72814.00ms : 0.87;-0.45;-0.14;-7.69;-0.67;-0.73
72834.00ms : 0.89;-0.40;-0.15;-6.59;-0.85;0.00
72854.00ms : 0.86;-0.39;-0.10;-4.52;-1.65;-0.37
72874.00ms : 0.87;-0.41;-0.10;-3.78;-4.76;-0.06
72894.00ms : 0.86;-0.38;-0.15;-1.89;-5.25;0.92
72914.00ms : 0.88;-0.38;-0.14;-0.61;-5.13;1.34
72934.00ms : 0.88;-0.39;-0.17;-0.98;-4.70;0.06
72954.00ms : 0.87;-0.44;-0.15;-4.21;-2.81;-0.85
72974.00ms : 0.86;-0.43;-0.14;-7.93;-4.03;-2.20
72994.00ms : 0.86;-0.40;-0.15;-7.45;-4.39;-1.83
73014.00ms : 0.87;-0.38;-0.15;-5.43;-5.00;-1.04
73034.00ms : 0.88;-0.40;-0.17;-4.70;-4.27;-0.98
73054.00ms : 0.86;-0.41;-0.16;-5.07;-3.78;-1.28
73074.00ms : 0.87;-0.42;-0.17;-4.39;-4.76;-0.79
73094.00ms : 0.89;-0.39;-0.20;-3.05;-3.66;1.16
73114.00ms : 0.88;-0.39;-0.17;-0.98;-3.05;0.61
73134.00ms : 0.87;-0.40;-0.15;-1.59;-1.89;-0.73
73154.00ms : 0.85;-0.41;-0.14;-4.64;-0.12;-2.93
73174.00ms : 0.86;-0.43;-0.10;-6.65;-2.38;-2.87
73194.00ms : 0.90;-0.37;-0.16;-5.80;-2.14;-0.98
73214.00ms : 0.90;-0.34;-0.17;-3.48;-1.65;0.24
73234.00ms : 0.88;-0.37;-0.14;-1.71;-0.92;0.00
73254.00ms : 0.88;-0.39;-0.17;-2.08;-0.67;0.31
73274.00ms : 0.89;-0.37;-0.20;-1.53;0.67;1.28
73294.00ms : 0.88;-0.44;-0.12;-2.62;0.98;0.31
73314.00ms : 0.86;-0.41;-0.12;-5.13;0.79;-0.92
73334.00ms : 0.85;-0.43;-0.10;-5.55;-0.18;-1.77
73354.00ms : 0.86;-0.41;-0.13;-4.39;-1.65;-0.55
73374.00ms : 0.88;-0.38;-0.16;-1.04;-1.83;0.98
73394.00ms : 0.87;-0.39;-0.17;1.46;-2.26;1.10
73414.00ms : 0.88;-0.39;-0.17;2.50;-2.14;1.10
73434.00ms : 0.90;-0.35;-0.18;2.50;-0.67;1.46
73454.00ms : 0.87;-0.42;-0.14;1.04;-0.24;0.49
73474.00ms : 0.86;-0.41;-0.11;-1.28;-0.49;-0.55
73494.00ms : 0.87;-0.41;-0.10;-2.87;-1.46;-1.34
73514.00ms : 0.88;-0.39;-0.11;-2.44;-3.36;-1.34
73534.00ms : 0.88;-0.36;-0.15;0.43;-2.75;0.55
73554.00ms : 0.88;-0.38;-0.17;0.85;-1.04;0.37
73574.00ms : 0.86;-0.42;-0.15;-1.53;0.12;-1.77
73594.00ms : 0.87;-0.41;-0.15;-5.00;0.73;-2.69
73614.00ms : 0.88;-0.40;-0.17;-4.94;0.98;-1.22
73634.00ms : 0.88;-0.38;-0.17;-2.14;1.28;0.06
73654.00ms : 0.87;-0.42;-0.15;-1.46;1.40;-0.61
73674.00ms : 0.87;-0.42;-0.13;-3.11;0.79;-1.53
73694.00ms : 0.88;-0.41;-0.13;-4.52;1.40;-1.40
73714.00ms : 0.87;-0.38;-0.15;-4.03;1.28;-1.16
73734.00ms : 0.88;-0.40;-0.13;-2.87;0.37;-0.98
73754.00ms : 0.87;-0.40;-0.12;-3.23;0.24;-1.34
73774.00ms : 0.88;-0.41;-0.13;-4.21;0.37;-1.40
73794.00ms : 0.89;-0.38;-0.18;-4.70;0.98;-0.37
73814.00ms : 0.87;-0.39;-0.16;-3.48;1.40;-0.43
73834.00ms : 0.87;-0.41;-0.15;-4.15;1.22;-1.16
73854.00ms : 0.88;-0.41;-0.16;-5.68;2.26;-1.46
73874.00ms : 0.88;-0.41;-0.16;-5.55;2.08;-0.73
73894.00ms : 0.89;-0.37;-0.18;-4.03;2.81;0.49
73914.00ms : 0.89;-0.38;-0.14;-2.32;2.44;0.61
73934.00ms : 0.87;-0.40;-0.15;-2.01;2.81;0.37
73954.00ms : 0.86;-0.41;-0.13;-3.42;3.17;0.31
73974.00ms : 0.86;-0.42;-0.13;-4.27;2.14;-0.67
73994.00ms : 0.88;-0.37;-0.18;-1.65;1.95;0.85
74014.00ms : 0.89;-0.35;-0.19;3.48;2.62;2.75
74034.00ms : 0.86;-0.41;-0.17;4.39;3.66;2.32
74054.00ms : 0.85;-0.44;-0.16;0.12;4.52;-0.06
74074.00ms : 0.87;-0.39;-0.19;-1.59;4.03;0.06
74094.00ms : 0.89;-0.37;-0.18;-0.12;5.43;0.92
74114.00ms : 0.86;-0.40;-0.14;0.55;5.86;-0.67
74134.00ms : 0.83;-0.46;-0.08;-1.71;3.36;-3.36
74154.00ms : 0.89;-0.40;-0.16;-3.30;2.38;-1.53
74174.00ms : 0.90;-0.36;-0.18;-1.22;4.15;0.12
74194.00ms : 0.87;-0.38;-0.16;0.98;4.64;-1.16
74214.00ms : 0.82;-0.43;-0.17;1.04;3.48;-4.27
74234.00ms : 0.87;-0.42;-0.15;0.79;0.79;-2.32
74254.00ms : 0.90;-0.37;-0.13;1.77;0.61;-0.43
74274.00ms : 0.87;-0.39;-0.09;3.42;0.98;-2.20
74294.00ms : 0.81;-0.40;-0.10;3.17;-3.11;-4.64
74314.00ms : 0.87;-0.40;-0.21;4.46;-3.17;-3.30
74334.00ms : 0.90;-0.38;-0.23;6.23;-2.38;-1.22
74354.00ms : 0.91;-0.39;-0.24;10.68;-1.77;-0.55
74374.00ms : 0.86;-0.43;-0.19;11.72;0.92;-1.77
74394.00ms : 0.85;-0.48;-0.15;5.68;-0.37;-2.56
74414.00ms : 0.88;-0.41;-0.17;3.42;0.00;-1.28
74434.00ms : 0.88;-0.41;-0.15;5.86;0.85;-1.59
74454.00ms : 0.88;-0.43;-0.12;8.85;-1.04;-0.55
74474.00ms : 0.86;-0.42;-0.13;11.60;-3.05;-0.79
74494.00ms : 0.84;-0.40;-0.14;11.78;-5.07;-0.06
74514.00ms : 0.86;-0.41;-0.20;11.84;-5.98;1.77
74534.00ms : 0.91;-0.40;-0.25;18.07;-1.40;0.24
74554.00ms : 0.90;-0.41;-0.29;21.67;3.05;-5.92
74574.00ms : 0.78;-0.40;-0.24;18.68;5.92;-3.11
74594.00ms : 0.76;-0.46;-0.17;10.44;3.97;-6.35
74614.00ms : 0.86;-0.40;-0.19;3.30;3.54;-8.42
74634.00ms : 0.86;-0.40;-0.20;1.89;4.33;-7.69
74654.00ms : 0.92;-0.40;-0.26;6.10;2.14;-2.08
74674.00ms : 0.90;-0.44;-0.26;10.25;4.09;-2.08
74694.00ms : 0.81;-0.48;-0.22;10.31;5.25;-3.91
74714.00ms : 0.90;-0.47;-0.18;6.71;3.48;-5.13
74734.00ms : 0.91;-0.49;-0.15;3.60;2.08;-4.03
74754.00ms : 0.86;-0.50;-0.15;2.14;1.34;-3.48
74774.00ms : 0.90;-0.41;-0.18;4.52;0.00;-3.72
74794.00ms : 0.92;-0.34;-0.19;9.70;-1.16;-0.55
74814.00ms : 0.93;-0.37;-0.21;12.51;-2.62;4.94
74834.00ms : 0.88;-0.45;-0.21;15.20;-1.34;6.35
74854.00ms : 0.86;-0.49;-0.17;13.00;-1.83;1.89
74874.00ms : 0.83;-0.42;-0.22;11.29;-3.17;-1.34
74894.00ms : 0.83;-0.47;-0.26;11.17;-3.05;1.10
74914.00ms : 0.81;-0.55;-0.27;8.61;-3.17;-1.04
74934.00ms : 0.86;-0.48;-0.24;8.54;-4.09;-2.56
74954.00ms : 0.94;-0.37;-0.24;11.17;-3.42;-0.31
74974.00ms : 0.90;-0.41;-0.23;13.61;-1.28;2.87
74994.00ms : 0.85;-0.48;-0.20;11.60;0.18;2.01
75014.00ms : 0.93;-0.46;-0.20;8.24;-1.53;0.92
75034.00ms : 0.93;-0.48;-0.20;9.03;-1.83;0.37
75054.00ms : 0.88;-0.52;-0.21;7.57;-0.92;0.31
75074.00ms : 0.83;-0.52;-0.23;6.10;-1.22;-0.24
75094.00ms : 0.87;-0.46;-0.23;4.64;-1.59;-0.92
75114.00ms : 0.92;-0.43;-0.23;4.58;-2.01;-0.49
75134.00ms : 0.91;-0.43;-0.23;5.00;-0.61;1.46
75154.00ms : 0.87;-0.47;-0.24;6.35;0.18;3.30
75174.00ms : 0.84;-0.50;-0.21;6.65;-0.31;1.95
75194.00ms : 0.86;-0.47;-0.22;4.58;-1.40;-0.43
75214.00ms : 0.90;-0.46;-0.24;4.03;-1.71;1.59
75234.00ms : 0.87;-0.49;-0.27;5.25;-0.55;3.42
75254.00ms : 0.85;-0.51;-0.25;4.64;-0.06;2.32
75274.00ms : 0.87;-0.47;-0.25;2.01;-0.06;1.59
75294.00ms : 0.89;-0.48;-0.26;-1.40;1.10;2.62
75314.00ms : 0.88;-0.47;-0.25;-2.99;1.71;2.56
75334.00ms : 0.88;-0.45;-0.22;-3.05;1.83;1.71
75354.00ms : 0.88;-0.44;-0.22;-3.30;1.40;1.28
75374.00ms : 0.87;-0.41;-0.24;-2.08;1.34;2.08
75394.00ms : 0.86;-0.43;-0.24;0.79;0.55;3.60
75414.00ms : 0.88;-0.39;-0.23;3.85;-0.92;3.85
75434.00ms : 0.91;-0.37;-0.24;6.10;-2.44;5.74
75454.00ms : 0.86;-0.44;-0.25;6.59;-0.06;5.49
75474.00ms : 0.85;-0.49;-0.28;2.75;0.79;3.78
75494.00ms : 0.85;-0.50;-0.28;0.37;0.73;3.54
75514.00ms : 0.86;-0.51;-0.24;-1.59;1.22;2.38
75534.00ms : 0.91;-0.47;-0.21;-1.22;0.37;0.37
75554.00ms : 0.97;-0.45;-0.21;0.06;0.12;1.71
75574.00ms : 0.98;-0.44;-0.23;4.76;-0.73;2.20
75594.00ms : 0.93;-0.49;-0.25;7.51;-0.61;3.54
75614.00ms : 0.87;-0.52;-0.26;6.35;-0.37;2.87
75634.00ms : 0.88;-0.49;-0.27;3.97;-0.79;2.56
75654.00ms : 0.89;-0.48;-0.24;2.38;-0.31;2.87
75674.00ms : 0.87;-0.45;-0.24;1.77;-0.31;2.38
75694.00ms : 0.87;-0.43;-0.25;3.05;-0.79;3.17
75714.00ms : 0.88;-0.42;-0.28;6.04;-1.04;4.33
75734.00ms : 0.88;-0.45;-0.28;7.26;-0.49;5.07
75754.00ms : 0.90;-0.41;-0.27;7.08;-1.28;4.33
75774.00ms : 0.91;-0.39;-0.28;8.54;-1.71;6.04
75794.00ms : 0.89;-0.42;-0.27;9.64;-1.34;6.96
75814.00ms : 0.90;-0.45;-0.27;10.31;-2.26;6.29
75834.00ms : 0.89;-0.46;-0.27;9.46;-2.50;5.55
75854.00ms : 0.90;-0.45;-0.28;8.30;-2.69;4.88
75874.00ms : 0.90;-0.45;-0.27;7.02;-2.44;4.46
75894.00ms : 0.90;-0.44;-0.26;7.69;-2.93;3.48
75914.00ms : 0.90;-0.47;-0.26;8.24;-3.05;2.99
75934.00ms : 0.89;-0.45;-0.26;7.57;-3.72;1.34
75954.00ms : 0.90;-0.43;-0.29;6.29;-4.21;2.38
75974.00ms : 0.89;-0.46;-0.29;6.41;-3.91;2.75
75994.00ms : 0.89;-0.45;-0.26;6.84;-4.15;1.40
76014.00ms : 0.90;-0.42;-0.27;7.75;-4.70;0.37
76034.00ms : 0.91;-0.42;-0.28;7.75;-5.49;2.08
76054.00ms : 0.88;-0.46;-0.28;6.71;-4.39;2.81
76074.00ms : 0.88;-0.49;-0.27;3.72;-3.97;1.34
76094.00ms : 0.88;-0.45;-0.26;1.40;-3.78;-0.37
76114.00ms : 0.89;-0.42;-0.27;0.98;-2.99;-0.24
76134.00ms : 0.90;-0.42;-0.27;0.61;-2.44;0.79
76154.00ms : 0.88;-0.45;-0.27;0.43;-1.53;0.79
76174.00ms : 0.88;-0.45;-0.26;-0.49;-0.92;-1.34
76194.00ms : 0.91;-0.41;-0.27;-0.55;-2.01;-0.55
76214.00ms : 0.90;-0.43;-0.29;0.73;-1.59;0.55
76234.00ms : 0.88;-0.47;-0.27;2.01;-1.59;0.98
76254.00ms : 0.89;-0.44;-0.25;2.87;-2.93;-0.37
76274.00ms : 0.90;-0.44;-0.28;2.08;-2.38;0.85
76294.00ms : 0.88;-0.47;-0.27;0.31;-2.08;1.04
76314.00ms : 0.89;-0.46;-0.28;-0.85;-2.01;1.04
76334.00ms : 0.89;-0.46;-0.27;-0.49;-2.20;0.55
76354.00ms : 0.89;-0.44;-0.28;-0.12;-2.62;0.85
76374.00ms : 0.89;-0.45;-0.27;0.55;-2.26;0.73
76394.00ms : 0.89;-0.45;-0.27;-0.92;-2.50;0.73
76414.00ms : 0.89;-0.45;-0.27;-2.93;-2.20;0.92
76434.00ms : 0.89;-0.46;-0.27;-4.70;-1.53;0.79
76454.00ms : 0.88;-0.44;-0.26;-4.58;-1.22;-0.06
76474.00ms : 0.90;-0.41;-0.27;-3.48;-1.65;-0.85
76494.00ms : 0.91;-0.41;-0.27;-1.77;-2.38;0.73
76514.00ms : 0.89;-0.44;-0.27;-0.43;-2.32;1.53
76534.00ms : 0.87;-0.45;-0.24;-0.55;-1.89;1.28
76554.00ms : 0.89;-0.44;-0.25;-0.49;-2.38;0.49
76574.00ms : 0.90;-0.42;-0.27;-0.37;-2.38;0.55
76594.00ms : 0.89;-0.44;-0.28;0.00;-2.01;1.46
76614.00ms : 0.89;-0.46;-0.26;-0.12;-2.08;1.89
76634.00ms : 0.89;-0.45;-0.26;0.18;-2.69;1.28
76654.00ms : 0.89;-0.44;-0.26;0.61;-2.81;0.92
76674.00ms : 0.89;-0.42;-0.26;0.67;-2.56;1.16
76694.00ms : 0.90;-0.42;-0.26;1.65;-2.26;1.53
76714.00ms : 0.89;-0.43;-0.26;1.77;-2.01;1.65
76734.00ms : 0.89;-0.43;-0.27;1.77;-2.44;1.40
76754.00ms : 0.89;-0.43;-0.26;1.59;-2.14;1.83
76774.00ms : 0.89;-0.45;-0.25;1.89;-2.50;1.46
76794.00ms : 0.89;-0.45;-0.26;1.16;-2.32;1.53
76814.00ms : 0.89;-0.44;-0.26;0.61;-2.38;1.34
76834.00ms : 0.89;-0.43;-0.27;0.43;-2.20;1.53
76854.00ms : 0.90;-0.44;-0.27;0.31;-2.14;1.71
76874.00ms : 0.89;-0.45;-0.27;0.06;-2.32;1.95
76894.00ms : 0.88;-0.45;-0.27;-0.43;-2.01;1.22
76914.00ms : 0.89;-0.43;-0.25;-1.28;-1.77;1.10
76934.00ms : 0.90;-0.43;-0.26;-1.40;-1.46;1.10
76954.00ms : 0.89;-0.45;-0.27;-2.69;-1.10;1.16
76974.00ms : 0.88;-0.44;-0.26;-4.52;-0.12;1.04
76994.00ms : 0.89;-0.44;-0.25;-7.63;0.92;0.85
77014.00ms : 0.88;-0.46;-0.24;-11.23;2.14;-0.37
77034.00ms : 0.88;-0.45;-0.25;-12.88;2.50;-0.85
77054.00ms : 0.89;-0.43;-0.25;-11.47;2.32;-0.18
77074.00ms : 0.90;-0.44;-0.27;-10.86;1.59;0.00
77094.00ms : 0.89;-0.44;-0.26;-9.46;0.98;0.61
77114.00ms : 0.88;-0.43;-0.24;-7.57;0.85;0.37
77134.00ms : 0.89;-0.40;-0.24;-6.47;0.98;0.37
77154.00ms : 0.90;-0.39;-0.25;-4.27;0.49;0.37
77174.00ms : 0.90;-0.38;-0.24;-1.34;0.18;1.40
77194.00ms : 0.91;-0.40;-0.26;0.37;0.31;1.04
77214.00ms : 0.89;-0.45;-0.27;-0.37;0.37;1.46
77234.00ms : 0.89;-0.47;-0.26;-2.14;-0.06;1.04
77254.00ms : 0.88;-0.46;-0.25;-2.99;0.06;-0.06
77274.00ms : 0.90;-0.43;-0.26;-3.54;-0.55;-0.43
77294.00ms : 0.90;-0.41;-0.26;-3.11;-0.31;0.12
77314.00ms : 0.90;-0.41;-0.26;-2.26;-0.85;0.61
77334.00ms : 0.89;-0.41;-0.26;-1.04;-1.04;0.61
77354.00ms : 0.89;-0.43;-0.25;0.00;-0.98;0.55
77374.00ms : 0.90;-0.43;-0.26;0.37;-1.40;0.98
77394.00ms : 0.89;-0.43;-0.27;0.49;-1.34;1.40
77414.00ms : 0.89;-0.42;-0.25;1.53;-1.34;0.73
77434.00ms : 0.89;-0.42;-0.26;2.01;-1.77;1.10
77454.00ms : 0.90;-0.43;-0.26;1.83;-1.59;1.16
77474.00ms : 0.89;-0.44;-0.25;1.71;-1.46;1.10
77494.00ms : 0.89;-0.43;-0.25;1.28;-1.59;1.04
77514.00ms : 0.89;-0.43;-0.25;0.43;-1.04;0.73
77534.00ms : 0.90;-0.42;-0.26;-0.55;-0.98;0.43
77554.00ms : 0.90;-0.42;-0.27;-0.55;-0.67;0.79
77574.00ms : 0.89;-0.43;-0.25;-0.31;-0.98;0.98
77594.00ms : 0.89;-0.43;-0.25;0.06;-1.10;0.49
77614.00ms : 0.90;-0.42;-0.27;0.79;-1.10;0.73
77634.00ms : 0.90;-0.44;-0.26;-0.06;-0.73;1.34
77654.00ms : 0.89;-0.43;-0.26;-0.43;-0.61;1.04
77674.00ms : 0.89;-0.42;-0.26;-0.12;-0.98;0.92
77694.00ms : 0.90;-0.41;-0.26;0.67;-1.04;1.16
77714.00ms : 0.90;-0.43;-0.26;0.98;-1.34;1.59
77734.00ms : 0.89;-0.43;-0.26;0.43;-1.04;1.53
77754.00ms : 0.89;-0.44;-0.26;-0.06;-0.73;1.10
77774.00ms : 0.89;-0.43;-0.26;-1.04;-0.92;0.98
77794.00ms : 0.90;-0.41;-0.26;-1.16;-1.59;1.16
77814.00ms : 0.90;-0.43;-0.27;-0.67;-1.22;1.16
77834.00ms : 0.89;-0.44;-0.26;-0.92;-1.22;1.28
77854.00ms : 0.90;-0.43;-0.26;-1.28;-1.40;0.61
77874.00ms : 0.90;-0.41;-0.26;-0.31;-1.28;0.12
77894.00ms : 0.90;-0.42;-0.26;-0.92;-0.92;-0.49
77914.00ms : 0.89;-0.42;-0.25;-0.85;-0.67;0.06
77934.00ms : 0.89;-0.43;-0.27;-0.67;-1.22;0.55
77954.00ms : 0.90;-0.42;-0.27;-0.43;-1.34;0.79
77974.00ms : 0.90;-0.42;-0.25;-0.12;-1.22;1.16
77994.00ms : 0.90;-0.42;-0.25;-0.43;-1.10;0.61
78014.00ms : 0.90;-0.42;-0.26;-0.12;-1.28;0.67
78034.00ms : 0.90;-0.41;-0.26;0.55;-1.28;0.85
78054.00ms : 0.90;-0.42;-0.26;0.61;-1.22;0.98
78074.00ms : 0.90;-0.43;-0.26;0.06;-1.40;0.73
78094.00ms : 0.89;-0.43;-0.26;-0.37;-1.10;0.49
78114.00ms : 0.90;-0.42;-0.25;-0.24;-1.22;0.12
78134.00ms : 0.90;-0.41;-0.26;0.24;-1.95;0.37
78154.00ms : 0.90;-0.42;-0.27;0.73;-1.22;0.55
78174.00ms : 0.90;-0.43;-0.26;0.18;-1.46;0.49
78194.00ms : 0.89;-0.42;-0.25;-0.12;-0.98;-0.31
78214.00ms : 0.89;-0.42;-0.26;-0.31;-1.28;-0.06
78234.00ms : 0.89;-0.41;-0.26;-0.49;-0.67;-0.12
78254.00ms : 0.90;-0.42;-0.26;-0.37;-0.79;0.31
78274.00ms : 0.90;-0.44;-0.26;-0.73;-1.10;0.18
78294.00ms : 0.89;-0.43;-0.26;-1.04;-1.22;-0.37
78314.00ms : 0.90;-0.41;-0.25;-0.43;-0.92;-0.31
78334.00ms : 0.90;-0.42;-0.26;-0.31;-0.85;0.31
78354.00ms : 0.90;-0.42;-0.26;-0.06;-1.22;0.37
78374.00ms : 0.89;-0.44;-0.26;-0.31;-1.53;0.61
78394.00ms : 0.89;-0.43;-0.26;-0.67;-1.46;-0.12
78414.00ms : 0.89;-0.42;-0.25;-0.43;-0.92;-0.24
78434.00ms : 0.90;-0.41;-0.26;-0.24;-1.16;-0.37
78454.00ms : 0.90;-0.42;-0.26;0.92;-1.28;0.24
78474.00ms : 0.90;-0.44;-0.26;0.61;-1.28;0.06
78494.00ms : 0.89;-0.43;-0.26;0.49;-1.46;-0.43
78514.00ms : 0.90;-0.42;-0.26;0.24;-1.53;-0.43
78534.00ms : 0.90;-0.42;-0.27;0.55;-1.40;0.12
78554.00ms : 0.89;-0.43;-0.26;0.49;-1.16;-0.24
78574.00ms : 0.90;-0.43;-0.26;0.12;-1.34;-0.43
78594.00ms : 0.90;-0.43;-0.26;-0.12;-1.10;-0.49
78614.00ms : 0.89;-0.45;-0.26;-0.98;-0.92;-0.12
78634.00ms : 0.88;-0.44;-0.26;-2.26;-0.24;-1.16
78654.00ms : 0.89;-0.43;-0.25;-3.78;0.49;-2.01
78674.00ms : 0.90;-0.41;-0.26;-5.07;1.10;-2.44
78694.00ms : 0.90;-0.44;-0.27;-5.86;1.16;-2.44
78714.00ms : 0.89;-0.45;-0.26;-6.29;0.12;-2.08
78734.00ms : 0.90;-0.44;-0.26;-4.76;-0.85;-1.77
78754.00ms : 0.90;-0.43;-0.25;-2.44;-1.16;-1.46
78774.00ms : 0.90;-0.42;-0.26;-2.14;-1.59;-1.10
78794.00ms : 0.89;-0.40;-0.25;-0.67;-1.65;-0.79
78814.00ms : 0.90;-0.41;-0.24;1.28;-1.83;-1.10
78834.00ms : 0.89;-0.42;-0.26;1.59;-2.01;-1.10
78854.00ms : 0.90;-0.44;-0.26;0.85;-2.38;-0.92
78874.00ms : 0.89;-0.45;-0.27;-0.31;-2.38;-1.95
78894.00ms : 0.88;-0.45;-0.26;-1.40;-2.20;-3.11
78914.00ms : 0.89;-0.44;-0.25;-2.87;-1.77;-3.72
78934.00ms : 0.90;-0.42;-0.25;-5.31;-1.16;-4.09
78954.00ms : 0.89;-0.41;-0.25;-5.62;-0.98;-3.78
78974.00ms : 0.90;-0.42;-0.25;-5.31;-1.46;-4.03
78994.00ms : 0.89;-0.44;-0.26;-5.07;-0.79;-4.15
79014.00ms : 0.89;-0.46;-0.26;-7.45;-0.61;-5.13
79034.00ms : 0.89;-0.46;-0.25;-8.67;-0.61;-5.13
79054.00ms : 0.90;-0.47;-0.25;-8.67;-1.28;-5.19
79074.00ms : 0.89;-0.47;-0.24;-8.73;-0.49;-5.68
79094.00ms : 0.90;-0.43;-0.26;-9.34;-0.85;-5.74
79114.00ms : 0.91;-0.43;-0.25;-5.62;-0.98;-3.97
79134.00ms : 0.89;-0.47;-0.24;-2.99;-0.79;-4.21
79154.00ms : 0.90;-0.47;-0.23;-3.11;-1.71;-4.46
79174.00ms : 0.92;-0.47;-0.22;-2.69;-1.53;-4.15
79194.00ms : 0.95;-0.46;-0.22;-2.14;-2.38;-4.33
79214.00ms : 0.93;-0.49;-0.22;-2.01;-2.44;-4.09
79234.00ms : 0.90;-0.47;-0.22;-2.01;-2.87;-4.09
79254.00ms : 0.91;-0.46;-0.21;-2.38;-3.54;-4.46
79274.00ms : 0.92;-0.45;-0.25;-5.13;-2.01;-4.52
79294.00ms : 0.89;-0.51;-0.25;-8.42;0.06;-4.03
79314.00ms : 0.89;-0.53;-0.22;-11.96;-0.06;-5.49
79334.00ms : 0.89;-0.48;-0.23;-14.40;0.18;-6.90
79354.00ms : 0.89;-0.47;-0.25;-14.71;-0.18;-7.39
79374.00ms : 0.88;-0.48;-0.23;-13.43;-0.31;-5.86
79394.00ms : 0.86;-0.46;-0.22;-11.84;-1.22;-4.27
79414.00ms : 0.89;-0.42;-0.22;-11.35;-2.14;-3.05
79434.00ms : 0.89;-0.41;-0.22;-8.12;-3.30;-2.32
79454.00ms : 0.89;-0.39;-0.21;-4.58;-3.78;-1.95
79474.00ms : 0.88;-0.43;-0.23;-5.68;-3.60;0.61
79494.00ms : 0.87;-0.48;-0.23;-6.65;-3.66;-0.18
79514.00ms : 0.86;-0.47;-0.22;-8.54;-3.78;0.49
79534.00ms : 0.87;-0.47;-0.21;-9.89;-2.81;0.43
79554.00ms : 0.85;-0.45;-0.18;-11.78;-3.30;0.31
79574.00ms : 0.86;-0.46;-0.21;-12.45;-4.03;1.65
79594.00ms : 0.87;-0.45;-0.20;-11.11;-3.97;2.75
79614.00ms : 0.85;-0.45;-0.20;-11.17;-3.91;2.14
79634.00ms : 0.84;-0.49;-0.21;-11.84;-3.97;2.87
79654.00ms : 0.83;-0.46;-0.21;-12.15;-4.33;2.93
79674.00ms : 0.86;-0.40;-0.22;-10.74;-5.00;3.78
79694.00ms : 0.86;-0.42;-0.23;-7.57;-5.13;4.33
79714.00ms : 0.85;-0.43;-0.23;-4.82;-4.52;5.13
79734.00ms : 0.88;-0.43;-0.21;-2.87;-5.31;5.31
79754.00ms : 0.87;-0.39;-0.20;-1.40;-4.46;4.94
79774.00ms : 0.86;-0.42;-0.20;-1.34;-3.91;5.55
79794.00ms : 0.85;-0.48;-0.19;-2.32;-4.33;5.07
79814.00ms : 0.85;-0.48;-0.20;-4.33;-4.76;3.85
79834.00ms : 0.87;-0.46;-0.18;-6.16;-4.46;3.42
79854.00ms : 0.88;-0.45;-0.18;-6.65;-4.21;3.17
79874.00ms : 0.83;-0.43;-0.16;-5.25;-3.78;3.54
79894.00ms : 0.83;-0.43;-0.15;-6.16;-4.15;2.62
79914.00ms : 0.87;-0.40;-0.17;-7.75;-4.39;1.16
79934.00ms : 0.87;-0.40;-0.17;-7.57;-3.36;1.16
79954.00ms : 0.87;-0.42;-0.18;-7.93;-2.56;1.22
79974.00ms : 0.86;-0.43;-0.17;-7.75;-3.54;1.40
79994.00ms : 0.86;-0.41;-0.19;-5.31;-3.91;2.14
80014.00ms : 0.88;-0.41;-0.19;-3.42;-4.15;3.66
80034.00ms : 0.86;-0.44;-0.19;-3.85;-3.48;4.33
80054.00ms : 0.85;-0.44;-0.20;-3.05;-3.05;4.21
80074.00ms : 0.84;-0.40;-0.22;-3.85;-1.59;3.91
80094.00ms : 0.87;-0.42;-0.18;-3.97;-2.50;4.27
80114.00ms : 0.87;-0.44;-0.17;-4.82;-2.14;4.82
80134.00ms : 0.87;-0.43;-0.15;-5.80;-1.53;3.30
80154.00ms : 0.87;-0.39;-0.15;-5.62;-2.08;3.42
80174.00ms : 0.87;-0.39;-0.14;-5.31;-1.22;3.30
80194.00ms : 0.86;-0.43;-0.13;-6.96;-1.89;2.69
80214.00ms : 0.87;-0.42;-0.14;-8.24;-3.11;2.93
80234.00ms : 0.89;-0.40;-0.16;-7.69;-2.75;2.50
80254.00ms : 0.88;-0.37;-0.15;-6.16;-2.99;2.14
80274.00ms : 0.87;-0.38;-0.20;-3.17;-4.03;4.88
80294.00ms : 0.87;-0.39;-0.22;-0.43;-3.97;6.10
80314.00ms : 0.87;-0.39;-0.21;-0.37;-2.26;4.58
80334.00ms : 0.86;-0.43;-0.15;-2.26;-2.01;1.34
80354.00ms : 0.85;-0.44;-0.15;-4.52;-2.26;0.98
80374.00ms : 0.86;-0.43;-0.18;-5.31;-2.56;1.28
80394.00ms : 0.87;-0.39;-0.18;-2.93;-2.93;1.59
80414.00ms : 0.87;-0.42;-0.16;-1.59;-2.93;1.65
80434.00ms : 0.87;-0.42;-0.16;-1.77;-3.60;0.79
80454.00ms : 0.87;-0.40;-0.16;-2.44;-2.93;0.79
80474.00ms : 0.87;-0.42;-0.16;-2.26;-3.36;1.83
80494.00ms : 0.90;-0.41;-0.17;-4.03;-2.14;1.83
80514.00ms : 0.88;-0.42;-0.12;-6.16;-0.85;0.24
80534.00ms : 0.87;-0.40;-0.11;-6.90;-2.38;-0.61
80554.00ms : 0.87;-0.39;-0.10;-7.26;-1.89;0.43
80574.00ms : 0.86;-0.38;-0.10;-6.65;-2.69;-0.55
80594.00ms : 0.84;-0.42;-0.10;-4.33;-6.23;-1.10
80614.00ms : 0.87;-0.40;-0.14;-2.81;-7.39;0.12
80634.00ms : 0.87;-0.38;-0.20;0.12;-6.71;2.26
80654.00ms : 0.88;-0.40;-0.22;1.16;-3.91;1.65
80674.00ms : 0.86;-0.42;-0.20;-1.22;-1.59;-0.06
80694.00ms : 0.88;-0.40;-0.23;-2.20;-0.12;-0.24
80714.00ms : 0.89;-0.37;-0.25;-1.34;3.97;0.79
80734.00ms : 0.86;-0.44;-0.12;-3.42;4.46;-1.40
80754.00ms : 0.85;-0.43;-0.08;-6.84;2.14;-3.54
80774.00ms : 0.87;-0.41;-0.07;-7.08;0.24;-2.50
80794.00ms : 0.89;-0.34;-0.12;-3.72;-1.16;-0.49
80814.00ms : 0.89;-0.34;-0.14;0.85;-1.34;1.77
80834.00ms : 0.88;-0.38;-0.15;2.20;-0.55;0.43
80854.00ms : 0.88;-0.40;-0.18;0.00;0.92;-1.04
80874.00ms : 0.89;-0.40;-0.15;-2.99;0.98;-1.34
80894.00ms : 0.88;-0.40;-0.17;-3.17;1.22;-0.49
80914.00ms : 0.89;-0.39;-0.17;-2.87;2.08;-0.43
80934.00ms : 0.86;-0.42;-0.13;-3.05;2.99;-2.01
80954.00ms : 0.84;-0.44;-0.07;-4.64;0.73;-4.21
80974.00ms : 0.88;-0.41;-0.11;-5.49;-0.85;-2.08
80994.00ms : 0.88;-0.37;-0.15;-3.17;-0.31;-0.37
81014.00ms : 0.87;-0.36;-0.17;0.73;-0.06;0.37
81034.00ms : 0.87;-0.42;-0.13;0.12;0.18;-0.67
81054.00ms : 0.88;-0.42;-0.14;-3.54;0.79;-1.95
81074.00ms : 0.89;-0.40;-0.17;-4.33;1.46;-1.22
81094.00ms : 0.88;-0.38;-0.15;-2.32;1.28;-0.55
81114.00ms : 0.87;-0.39;-0.17;-0.98;1.40;-0.18
81134.00ms : 0.87;-0.40;-0.16;-0.37;1.65;-0.49
81154.00ms : 0.86;-0.42;-0.17;-0.79;2.08;-1.28
81174.00ms : 0.86;-0.42;-0.13;-0.37;2.01;-1.22
81194.00ms : 0.87;-0.42;-0.13;-0.31;0.43;-0.85
81214.00ms : 0.87;-0.40;-0.14;-0.73;0.85;-0.31
81234.00ms : 0.87;-0.39;-0.14;-1.22;1.16;-0.79
81254.00ms : 0.86;-0.42;-0.11;-1.71;-0.61;-1.04
81274.00ms : 0.89;-0.41;-0.17;-1.40;-0.18;0.31
81294.00ms : 0.88;-0.38;-0.18;0.24;0.98;0.67
81314.00ms : 0.89;-0.40;-0.14;-0.24;0.24;1.04
81334.00ms : 0.87;-0.44;-0.14;-2.38;0.85;0.73
81354.00ms : 0.86;-0.42;-0.14;-3.36;1.16;0.55
81374.00ms : 0.86;-0.41;-0.14;-4.21;0.79;-0.18
81394.00ms : 0.87;-0.39;-0.16;-4.39;1.89;-0.18
81414.00ms : 0.85;-0.43;-0.11;-4.76;2.26;-1.34
81434.00ms : 0.84;-0.45;-0.14;-5.49;0.67;-2.20
81454.00ms : 0.89;-0.40;-0.17;-5.31;0.79;-0.37
81474.00ms : 0.89;-0.39;-0.17;-3.42;1.16;0.18
81494.00ms : 0.87;-0.41;-0.17;-2.26;1.65;-0.12
81514.00ms : 0.86;-0.44;-0.17;-3.48;2.50;-1.16
81534.00ms : 0.87;-0.40;-0.18;-4.52;2.93;-1.34
81554.00ms : 0.88;-0.40;-0.15;-4.03;2.44;-1.71
81574.00ms : 0.86;-0.43;-0.12;-2.75;0.24;-1.59
81594.00ms : 0.87;-0.40;-0.15;-2.20;-0.18;-0.98
81614.00ms : 0.87;-0.37;-0.17;0.67;0.00;-0.79
81634.00ms : 0.85;-0.37;-0.14;2.56;1.04;-3.60
81654.00ms : 0.84;-0.44;-0.13;0.24;-0.92;-5.31
81674.00ms : 0.90;-0.43;-0.20;-0.92;-0.85;-1.83
81694.00ms : 0.91;-0.38;-0.23;1.95;1.04;0.24
81714.00ms : 0.88;-0.40;-0.20;4.52;1.95;-1.16
81734.00ms : 0.85;-0.42;-0.17;3.60;0.61;-1.89
81754.00ms : 0.86;-0.45;-0.16;2.20;1.40;-2.69
81774.00ms : 0.85;-0.43;-0.17;2.62;1.46;-2.14
81794.00ms : 0.87;-0.41;-0.15;3.97;0.31;-1.46
81814.00ms : 0.86;-0.42;-0.14;4.64;-0.79;-2.20
81834.00ms : 0.86;-0.41;-0.17;5.62;-1.22;-2.14
81854.00ms : 0.84;-0.40;-0.18;8.06;-0.85;-2.93
81874.00ms : 0.87;-0.40;-0.20;8.48;-1.40;-1.04
81894.00ms : 0.87;-0.43;-0.17;8.61;-2.20;-0.73
81914.00ms : 0.85;-0.46;-0.17;8.61;-2.50;-0.98
81934.00ms : 0.83;-0.44;-0.17;5.98;-1.04;-1.65
81954.00ms : 0.89;-0.41;-0.15;6.16;-1.46;0.12
81974.00ms : 0.90;-0.40;-0.16;7.26;-1.22;0.67
81994.00ms : 0.89;-0.45;-0.14;7.93;0.61;0.73
82014.00ms : 0.87;-0.43;-0.14;7.08;0.24;-1.89
82034.00ms : 0.87;-0.42;-0.20;17.03;-3.48;1.10
82054.00ms : 0.90;-0.38;-0.16;10.13;-0.85;0.18
82074.00ms : 0.87;-0.38;-0.18;11.35;-0.79;1.04
82094.00ms : 0.87;-0.42;-0.16;9.89;-0.24;1.34
82114.00ms : 0.88;-0.43;-0.18;6.35;0.49;-0.06
82134.00ms : 0.88;-0.43;-0.17;4.88;0.61;-1.46
82154.00ms : 0.84;-0.40;-0.20;6.23;0.61;-1.04
82174.00ms : 0.84;-0.43;-0.19;7.93;0.49;-1.40
82194.00ms : 0.85;-0.42;-0.20;8.00;-0.79;-1.34
82214.00ms : 0.86;-0.43;-0.21;8.79;-1.46;-0.24
82234.00ms : 0.85;-0.41;-0.23;10.56;-0.31;0.55
82254.00ms : 0.83;-0.42;-0.23;12.39;0.85;-0.61
82274.00ms : 0.84;-0.44;-0.22;9.40;1.04;-1.34
82294.00ms : 0.87;-0.45;-0.23;5.19;1.83;-1.77
82314.00ms : 0.88;-0.47;-0.24;3.11;2.69;-2.14
82334.00ms : 0.86;-0.48;-0.21;1.22;3.11;-4.46
82354.00ms : 0.90;-0.46;-0.20;-0.92;2.69;-6.04
82374.00ms : 0.82;-0.52;-0.20;-0.85;2.01;-5.92
82394.00ms : 0.82;-0.53;-0.20;-0.61;-1.28;-4.70
82414.00ms : 0.89;-0.42;-0.24;8.54;-5.19;-2.32
82434.00ms : 0.94;-0.42;-0.20;17.46;-5.80;-1.04
82454.00ms : 0.91;-0.40;-0.20;19.71;-4.09;1.53
82474.00ms : 0.91;-0.49;-0.19;15.20;-2.08;2.75
82494.00ms : 0.87;-0.53;-0.17;8.42;-0.92;0.12
82514.00ms : 0.88;-0.46;-0.17;4.94;-0.49;-2.01
82534.00ms : 0.90;-0.40;-0.17;4.09;-0.31;-1.59
82554.00ms : 0.89;-0.42;-0.19;3.36;-0.31;1.34
82574.00ms : 0.88;-0.47;-0.20;1.40;0.98;1.22
82594.00ms : 0.87;-0.46;-0.21;-2.75;2.99;-1.77
82614.00ms : 0.86;-0.41;-0.22;-7.26;3.60;-3.11
82634.00ms : 0.84;-0.40;-0.27;-5.68;4.21;-0.61
82654.00ms : 0.85;-0.51;-0.23;-2.26;2.93;0.12
82674.00ms : 0.89;-0.48;-0.22;-1.95;1.95;-1.53
82694.00ms : 0.87;-0.44;-0.20;-0.67;2.26;-0.73
82714.00ms : 0.85;-0.41;-0.20;1.77;1.40;-0.43
82734.00ms : 0.89;-0.39;-0.24;7.93;-0.79;3.11
82754.00ms : 0.92;-0.47;-0.23;12.27;-1.40;4.52
82774.00ms : 0.88;-0.57;-0.22;10.13;-0.98;2.38
82794.00ms : 0.86;-0.53;-0.21;4.46;-0.55;-0.79
82814.00ms : 0.87;-0.47;-0.24;0.06;0.06;-0.67
82834.00ms : 0.86;-0.48;-0.24;-0.24;0.61;0.18
82854.00ms : 0.86;-0.48;-0.21;1.22;0.31;1.59
82874.00ms : 0.88;-0.47;-0.20;2.87;-0.37;0.55
82894.00ms : 0.89;-0.44;-0.21;4.03;-0.55;1.22
82914.00ms : 0.87;-0.48;-0.22;5.00;-0.61;2.01
82934.00ms : 0.85;-0.49;-0.22;3.85;-0.49;1.46
82954.00ms : 0.87;-0.46;-0.24;3.72;-0.92;1.89
82974.00ms : 0.88;-0.47;-0.25;3.48;-0.18;2.01
82994.00ms : 0.87;-0.50;-0.25;2.32;0.12;0.67
83014.00ms : 0.86;-0.51;-0.23;1.28;1.10;0.37
83034.00ms : 0.88;-0.46;-0.23;0.24;1.04;-0.85
83054.00ms : 0.90;-0.45;-0.21;0.18;1.10;0.06
83074.00ms : 0.87;-0.46;-0.24;-0.98;0.92;1.34
83094.00ms : 0.85;-0.46;-0.25;0.12;1.22;0.92
83114.00ms : 0.87;-0.45;-0.23;1.22;1.10;-0.06
83134.00ms : 0.90;-0.47;-0.24;-0.43;2.08;-0.31
83154.00ms : 0.88;-0.50;-0.25;-3.23;2.56;-0.73
83174.00ms : 0.83;-0.49;-0.27;-3.30;2.38;-0.92
83194.00ms : 0.84;-0.50;-0.25;-2.69;2.01;-0.73
83214.00ms : 0.88;-0.44;-0.23;-2.20;0.98;-0.49
83234.00ms : 0.92;-0.45;-0.22;-1.46;0.92;0.55
83254.00ms : 0.91;-0.47;-0.23;-1.16;0.67;1.16
83274.00ms : 0.89;-0.47;-0.23;0.73;-0.49;0.98
83294.00ms : 0.87;-0.46;-0.23;3.48;-1.04;0.31
83314.00ms : 0.89;-0.45;-0.24;3.91;-0.49;1.04
83334.00ms : 0.89;-0.47;-0.24;1.59;0.06;1.16
83354.00ms : 0.88;-0.47;-0.25;0.24;0.06;1.59
83374.00ms : 0.87;-0.49;-0.24;0.55;-0.67;2.20
83394.00ms : 0.85;-0.46;-0.25;1.65;-0.85;1.34
83414.00ms : 0.86;-0.40;-0.25;3.66;-1.22;2.08
83434.00ms : 0.88;-0.40;-0.28;6.23;-1.46;4.52
83454.00ms : 0.88;-0.46;-0.24;8.54;-1.71;5.43
83474.00ms : 0.87;-0.50;-0.20;9.40;-2.93;2.50
83494.00ms : 0.88;-0.46;-0.22;9.03;-3.72;0.43
83514.00ms : 0.90;-0.45;-0.24;7.93;-3.11;1.28
83534.00ms : 0.90;-0.46;-0.26;7.02;-2.14;1.59
83554.00ms : 0.89;-0.48;-0.26;6.53;-1.16;2.32
83574.00ms : 0.87;-0.52;-0.26;5.86;-1.40;0.98
83594.00ms : 0.85;-0.52;-0.26;3.78;-1.16;0.43
83614.00ms : 0.86;-0.50;-0.26;1.71;-0.98;0.79
83634.00ms : 0.87;-0.48;-0.26;0.79;-0.67;1.65
83654.00ms : 0.88;-0.45;-0.25;1.04;-0.49;1.83
83674.00ms : 0.87;-0.44;-0.25;1.40;-0.12;1.83
83694.00ms : 0.87;-0.43;-0.26;1.95;0.06;2.38
83714.00ms : 0.88;-0.42;-0.28;3.72;-0.85;3.05
83734.00ms : 0.90;-0.44;-0.26;6.41;-1.40;5.31
83754.00ms : 0.89;-0.46;-0.25;8.67;-2.08;4.82
83774.00ms : 0.87;-0.46;-0.26;8.61;-1.71;4.58
83794.00ms : 0.88;-0.48;-0.27;7.20;-2.01;5.25
83814.00ms : 0.89;-0.48;-0.27;6.96;-2.08;5.13
83834.00ms : 0.88;-0.48;-0.26;7.02;-2.50;4.76
83854.00ms : 0.88;-0.46;-0.26;6.77;-2.14;4.21
83874.00ms : 0.88;-0.45;-0.27;5.80;-1.89;3.97
83894.00ms : 0.89;-0.45;-0.26;5.62;-2.26;4.27
83914.00ms : 0.89;-0.45;-0.26;7.08;-3.05;4.03
83934.00ms : 0.89;-0.47;-0.26;7.81;-3.36;3.91
83954.00ms : 0.88;-0.48;-0.27;6.59;-2.93;4.03
83974.00ms : 0.87;-0.49;-0.26;5.31;-2.50;2.87
83994.00ms : 0.89;-0.43;-0.27;4.82;-2.50;2.08
84014.00ms : 0.89;-0.41;-0.27;5.00;-1.71;2.75
84034.00ms : 0.89;-0.44;-0.27;4.70;-1.16;3.30
84054.00ms : 0.89;-0.45;-0.27;3.72;-1.16;2.56
84074.00ms : 0.88;-0.48;-0.28;2.75;-1.28;2.50
84094.00ms : 0.87;-0.49;-0.28;1.89;-0.98;2.56
84114.00ms : 0.88;-0.49;-0.26;-0.12;-0.92;1.59
84134.00ms : 0.89;-0.43;-0.27;-0.24;-0.79;1.65
84154.00ms : 0.90;-0.41;-0.28;0.92;-1.22;2.56
84174.00ms : 0.88;-0.43;-0.29;1.65;-0.37;3.23
84194.00ms : 0.89;-0.46;-0.28;1.59;-1.10;2.50
84214.00ms : 0.88;-0.46;-0.27;2.20;-1.40;2.56
84234.00ms : 0.89;-0.44;-0.27;2.99;-1.28;2.62
84254.00ms : 0.90;-0.44;-0.28;2.44;-1.59;3.11
84274.00ms : 0.89;-0.45;-0.28;3.17;-2.01;3.23
84294.00ms : 0.89;-0.45;-0.27;2.99;-1.83;3.17
84314.00ms : 0.88;-0.46;-0.27;2.20;-1.40;2.69
84334.00ms : 0.89;-0.46;-0.27;0.12;-1.28;2.87
84354.00ms : 0.89;-0.43;-0.28;0.49;-1.65;2.14
84374.00ms : 0.90;-0.44;-0.28;0.73;-1.16;2.56
84394.00ms : 0.89;-0.45;-0.27;0.06;-1.04;2.69
84414.00ms : 0.89;-0.46;-0.28;-0.98;-0.67;2.44
84434.00ms : 0.89;-0.45;-0.27;-1.40;-1.16;2.20
84454.00ms : 0.89;-0.43;-0.27;-1.53;-0.98;2.08
84474.00ms : 0.89;-0.41;-0.28;-1.34;-0.37;2.14
84494.00ms : 0.89;-0.43;-0.27;-1.53;-0.49;2.62
84514.00ms : 0.89;-0.44;-0.27;-1.46;-0.79;2.20
84534.00ms : 0.89;-0.45;-0.28;-1.28;-0.85;1.95
84554.00ms : 0.89;-0.43;-0.28;-0.85;-0.73;2.20
84574.00ms : 0.90;-0.44;-0.28;-1.40;-0.37;1.89
84594.00ms : 0.90;-0.44;-0.28;-1.59;-1.04;1.77
84614.00ms : 0.89;-0.43;-0.28;-1.65;-1.22;1.77
84634.00ms : 0.89;-0.43;-0.27;-0.67;-1.53;1.71
84654.00ms : 0.90;-0.42;-0.28;-0.12;-2.26;1.71
84674.00ms : 0.90;-0.42;-0.28;0.61;-2.26;1.53
84694.00ms : 0.90;-0.43;-0.27;0.73;-1.89;1.89
84714.00ms : 0.89;-0.44;-0.28;-0.12;-1.83;1.65
84734.00ms : 0.90;-0.44;-0.28;-0.37;-2.44;1.40
84754.00ms : 0.90;-0.43;-0.29;0.85;-2.44;1.83
84774.00ms : 0.89;-0.43;-0.27;1.34;-1.77;1.89
84794.00ms : 0.89;-0.44;-0.27;0.31;-2.08;1.22
84814.00ms : 0.90;-0.43;-0.27;-0.55;-1.71;0.55
84834.00ms : 0.90;-0.41;-0.28;-0.37;-2.08;1.40
84854.00ms : 0.89;-0.43;-0.27;0.67;-1.95;1.77
84874.00ms : 0.88;-0.45;-0.27;0.37;-1.59;1.59
84894.00ms : 0.89;-0.44;-0.26;-0.73;-1.34;0.61
84914.00ms : 0.91;-0.41;-0.28;-1.10;-1.40;0.73
84934.00ms : 0.90;-0.42;-0.28;-1.04;-1.40;1.59
84954.00ms : 0.89;-0.45;-0.28;-0.31;-1.71;1.71
84974.00ms : 0.89;-0.46;-0.27;-0.49;-1.53;1.28
84994.00ms : 0.89;-0.44;-0.27;-1.28;-1.59;0.49
85014.00ms : 0.90;-0.41;-0.27;-1.53;-1.59;0.67
85034.00ms : 0.90;-0.42;-0.27;-1.16;-1.46;0.92
85054.00ms : 0.90;-0.43;-0.26;-1.04;-0.98;0.85
85074.00ms : 0.89;-0.42;-0.27;-0.85;-0.73;0.18
85094.00ms : 0.90;-0.42;-0.28;-1.46;-1.16;0.49
85114.00ms : 0.90;-0.43;-0.28;-1.65;-1.40;0.49
85134.00ms : 0.89;-0.45;-0.27;-2.69;-0.43;0.55
85154.00ms : 0.89;-0.44;-0.27;-3.78;-1.10;-0.73
85174.00ms : 0.90;-0.42;-0.28;-3.85;-1.10;-0.73
85194.00ms : 0.90;-0.42;-0.27;-3.17;-1.10;-0.37
85214.00ms : 0.90;-0.43;-0.27;-3.30;-1.10;-0.31
85234.00ms : 0.90;-0.44;-0.26;-3.85;-0.85;-0.67
85254.00ms : 0.89;-0.43;-0.26;-4.46;-1.04;-1.10
85274.00ms : 0.90;-0.40;-0.27;-4.03;-0.92;-0.92
85294.00ms : 0.90;-0.44;-0.27;-2.75;-0.79;-0.24
85314.00ms : 0.90;-0.43;-0.26;-2.32;-1.34;-0.85
85334.00ms : 0.89;-0.43;-0.26;-3.42;-0.79;-1.16
85354.00ms : 0.90;-0.42;-0.26;-4.52;-0.85;-1.83
85374.00ms : 0.90;-0.42;-0.27;-4.27;-0.85;-1.46
85394.00ms : 0.89;-0.44;-0.27;-3.97;-0.49;-1.71
85414.00ms : 0.90;-0.42;-0.26;-3.60;-1.16;-2.38
85434.00ms : 0.90;-0.41;-0.27;-2.99;-1.59;-2.08
85454.00ms : 0.90;-0.42;-0.27;-2.75;-0.73;-1.95
85474.00ms : 0.90;-0.43;-0.27;-2.75;-1.10;-2.62
85494.00ms : 0.89;-0.43;-0.27;-2.50;-1.40;-2.93
85514.00ms : 0.90;-0.43;-0.27;-2.26;-1.83;-2.87
85534.00ms : 0.89;-0.44;-0.27;-2.56;-1.83;-2.69
85554.00ms : 0.89;-0.46;-0.27;-3.36;-1.77;-2.87
85574.00ms : 0.89;-0.44;-0.27;-4.27;-1.95;-3.85
85594.00ms : 0.89;-0.44;-0.25;-4.64;-1.95;-3.97
85614.00ms : 0.90;-0.43;-0.25;-4.82;-2.38;-5.07
85634.00ms : 0.89;-0.43;-0.27;-4.64;-1.77;-4.64
85654.00ms : 0.89;-0.45;-0.26;-5.13;-2.08;-4.58
85674.00ms : 0.89;-0.44;-0.23;-5.68;-2.81;-5.62
85694.00ms : 0.90;-0.46;-0.27;-8.85;-2.50;-5.86
85714.00ms : 0.90;-0.48;-0.27;-12.63;-2.08;-5.98
85734.00ms : 0.91;-0.48;-0.26;-11.90;-4.03;-6.16
85754.00ms : 0.92;-0.44;-0.25;-10.19;-5.55;-5.92
85774.00ms : 0.90;-0.44;-0.24;-6.71;-5.68;-5.31
85794.00ms : 0.90;-0.47;-0.23;-6.65;-4.27;-5.49
85814.00ms : 0.94;-0.47;-0.23;-8.12;-4.33;-5.74
85834.00ms : 0.95;-0.47;-0.20;-6.84;-3.48;-4.94
85854.00ms : 0.94;-0.45;-0.19;-5.19;-3.66;-5.07
85874.00ms : 0.92;-0.51;-0.22;-4.58;-2.69;-6.04
85894.00ms : 0.91;-0.46;-0.22;-4.88;-1.95;-5.43
85914.00ms : 0.93;-0.46;-0.23;-5.86;-3.60;-3.23
85934.00ms : 0.91;-0.45;-0.21;-3.30;-5.07;-1.22
85954.00ms : 0.90;-0.43;-0.22;-1.59;-3.66;-1.71
85974.00ms : 0.89;-0.48;-0.23;-3.11;-3.17;-1.46
85994.00ms : 0.87;-0.48;-0.22;-4.94;-3.72;-0.85
86014.00ms : 0.87;-0.50;-0.24;-7.08;-3.78;-0.55
86034.00ms : 0.85;-0.54;-0.21;-6.90;-4.03;-1.65
86054.00ms : 0.86;-0.48;-0.21;-12.21;-3.48;-1.10
86074.00ms : 0.87;-0.47;-0.20;-15.44;-1.77;-2.08
86094.00ms : 0.85;-0.44;-0.21;-18.19;-1.83;-0.67
86114.00ms : 0.85;-0.46;-0.19;-16.97;-3.23;-0.43
86134.00ms : 0.86;-0.44;-0.19;-15.75;-3.66;-1.71
86154.00ms : 0.85;-0.42;-0.21;-15.38;-2.75;-2.01
86174.00ms : 0.86;-0.45;-0.21;-16.05;-2.81;-2.87
86194.00ms : 0.83;-0.47;-0.23;-16.66;-3.85;-1.34
86214.00ms : 0.84;-0.43;-0.21;-13.73;-5.80;0.55
86234.00ms : 0.88;-0.40;-0.21;-11.23;-6.35;1.59
86254.00ms : 0.87;-0.43;-0.22;-10.01;-5.25;1.34
86274.00ms : 0.85;-0.47;-0.21;-10.62;-5.07;2.62
86294.00ms : 0.87;-0.44;-0.20;-12.27;-5.62;3.30
86314.00ms : 0.88;-0.44;-0.20;-13.06;-4.27;1.59
86334.00ms : 0.85;-0.46;-0.20;-16.11;-2.99;1.77
86354.00ms : 0.86;-0.44;-0.19;-17.21;-3.30;2.50
86374.00ms : 0.86;-0.41;-0.20;-14.89;-3.91;3.78
86394.00ms : 0.85;-0.41;-0.19;-11.29;-4.82;4.76
86414.00ms : 0.87;-0.44;-0.19;-8.54;-4.27;6.04
86434.00ms : 0.86;-0.43;-0.19;-8.06;-2.50;6.10
86454.00ms : 0.87;-0.43;-0.18;-8.91;-1.40;3.54
86474.00ms : 0.85;-0.39;-0.15;-8.97;-1.28;3.72
86494.00ms : 0.86;-0.41;-0.14;-8.79;-1.95;3.30
86514.00ms : 0.85;-0.43;-0.16;-8.18;-1.59;4.33
86534.00ms : 0.85;-0.38;-0.21;-4.15;-2.14;4.94
86554.00ms : 0.85;-0.36;-0.20;0.12;-2.14;5.37
86574.00ms : 0.85;-0.42;-0.16;0.79;-2.01;4.88
86594.00ms : 0.85;-0.46;-0.14;-2.81;-1.71;3.72
86614.00ms : 0.85;-0.46;-0.13;-6.41;-1.89;0.92
86634.00ms : 0.85;-0.42;-0.12;-7.57;-2.99;0.73
86654.00ms : 0.87;-0.39;-0.13;-5.00;-4.70;1.83
86674.00ms : 0.87;-0.39;-0.16;-0.61;-5.98;2.99
86694.00ms : 0.87;-0.39;-0.19;2.87;-5.80;4.39
86714.00ms : 0.87;-0.41;-0.19;2.81;-5.37;3.23
86734.00ms : 0.87;-0.41;-0.18;2.56;-4.64;4.03
86754.00ms : 0.89;-0.38;-0.20;1.16;-2.62;3.30
86774.00ms : 0.88;-0.43;-0.15;0.85;-2.81;2.87
86794.00ms : 0.86;-0.43;-0.14;0.43;-2.62;2.32
86814.00ms : 0.85;-0.43;-0.11;-0.98;-2.93;1.53
86834.00ms : 0.85;-0.41;-0.10;-1.59;-4.15;0.98
86854.00ms : 0.86;-0.41;-0.11;-0.18;-5.13;1.71
86874.00ms : 0.84;-0.44;-0.12;0.73;-6.65;2.20
86894.00ms : 0.85;-0.41;-0.18;1.28;-6.65;2.75
86914.00ms : 0.86;-0.40;-0.20;2.14;-4.76;2.38
86934.00ms : 0.84;-0.45;-0.19;2.32;-4.70;1.40
86954.00ms : 0.86;-0.43;-0.21;1.28;-2.93;2.08
86974.00ms : 0.87;-0.44;-0.17;-0.49;-0.92;1.40
86994.00ms : 0.86;-0.45;-0.13;-3.30;-1.77;-1.22
87014.00ms : 0.86;-0.42;-0.14;-5.00;-0.98;-1.28
87034.00ms : 0.86;-0.42;-0.11;-4.82;-1.71;-1.46
87054.00ms : 0.88;-0.38;-0.15;-2.50;-3.30;0.73
87074.00ms : 0.89;-0.39;-0.19;0.98;-1.77;2.38
87094.00ms : 0.87;-0.37;-0.18;0.92;-0.12;2.56
87114.00ms : 0.86;-0.41;-0.13;-1.22;-0.67;0.67
87134.00ms : 0.88;-0.41;-0.16;-3.91;0.37;0.12
87154.00ms : 0.89;-0.40;-0.14;-4.58;0.92;0.31
87174.00ms : 0.87;-0.41;-0.12;-4.70;-0.18;-0.06
87194.00ms : 0.84;-0.42;-0.12;-5.00;-0.18;-1.40
87214.00ms : 0.85;-0.45;-0.10;-5.74;-2.20;-1.22
87234.00ms : 0.88;-0.39;-0.17;-4.27;-2.69;0.92
87254.00ms : 0.88;-0.37;-0.21;-0.85;-1.16;2.01
87274.00ms : 0.86;-0.40;-0.15;-0.49;-0.49;0.67
87294.00ms : 0.85;-0.43;-0.13;-3.11;-0.85;-1.40
87314.00ms : 0.88;-0.40;-0.17;-3.23;-0.92;-0.73
87334.00ms : 0.88;-0.41;-0.13;-2.62;-0.37;-0.12
87354.00ms : 0.86;-0.40;-0.14;-1.95;-1.65;-0.92
87374.00ms : 0.87;-0.40;-0.15;-0.92;-1.46;-0.73
87394.00ms : 0.87;-0.41;-0.14;-0.49;-1.40;-0.79
87414.00ms : 0.87;-0.42;-0.14;-1.04;-2.01;-0.79
87434.00ms : 0.86;-0.44;-0.12;-2.01;-2.93;-1.10
87454.00ms : 0.89;-0.38;-0.15;-1.59;-2.38;0.49
87474.00ms : 0.87;-0.38;-0.18;-0.18;-0.24;0.73
87494.00ms : 0.87;-0.41;-0.16;-0.06;-0.43;0.43
87514.00ms : 0.86;-0.43;-0.15;-2.14;0.43;0.37
87534.00ms : 0.86;-0.44;-0.14;-2.87;0.31;0.24
87554.00ms : 0.87;-0.42;-0.13;-4.03;0.73;-0.06
87574.00ms : 0.87;-0.40;-0.12;-4.27;0.49;-0.85
87594.00ms : 0.86;-0.41;-0.13;-3.17;-0.37;0.49
87614.00ms : 0.87;-0.41;-0.15;-2.01;0.24;1.16
87634.00ms : 0.87;-0.40;-0.14;-1.59;1.40;-0.06
87654.00ms : 0.89;-0.38;-0.16;0.85;4.09;-2.38
87674.00ms : 0.87;-0.37;-0.18;2.75;3.97;-1.46
87694.00ms : 0.84;-0.38;-0.18;5.37;3.48;-0.06
87714.00ms : 0.86;-0.47;-0.15;3.60;1.40;0.85
87734.00ms : 0.89;-0.46;-0.14;-0.31;-0.31;-0.12
87754.00ms : 0.88;-0.44;-0.11;-1.59;-0.67;0.73
87774.00ms : 0.87;-0.42;-0.13;-2.93;-1.95;1.40
87794.00ms : 0.87;-0.40;-0.12;-2.44;-2.32;0.98
87814.00ms : 0.88;-0.37;-0.13;-1.46;-2.81;1.53
87834.00ms : 0.88;-0.35;-0.14;0.37;-2.69;2.01
87854.00ms : 0.87;-0.39;-0.14;0.24;-1.83;1.59
87874.00ms : 0.87;-0.41;-0.14;-1.65;-0.98;1.10
87894.00ms : 0.87;-0.42;-0.15;-4.52;-0.92;0.18
87914.00ms : 0.88;-0.41;-0.13;-4.88;-1.40;0.06
87934.00ms : 0.87;-0.41;-0.13;-4.09;-0.98;0.79
87954.00ms : 0.86;-0.40;-0.13;-3.78;-1.16;0.12
87974.00ms : 0.87;-0.40;-0.14;-3.05;-1.95;0.12
87994.00ms : 0.88;-0.39;-0.15;-0.98;-1.71;0.18
88014.00ms : 0.87;-0.37;-0.18;1.34;-1.59;0.73
88034.00ms : 0.88;-0.39;-0.16;2.69;-1.89;1.53
88054.00ms : 0.88;-0.43;-0.15;1.95;-1.71;1.53
88074.00ms : 0.87;-0.43;-0.12;0.37;-1.22;0.24
88094.00ms : 0.87;-0.40;-0.14;-1.04;-0.31;-0.18
88114.00ms : 0.86;-0.39;-0.12;-0.98;-0.49;-0.43
88134.00ms : 0.86;-0.40;-0.14;-0.31;-1.71;0.06
88154.00ms : 0.87;-0.42;-0.16;0.61;-0.85;1.28
88174.00ms : 0.88;-0.39;-0.16;0.49;0.85;1.16
88194.00ms : 0.86;-0.40;-0.13;0.49;0.37;-0.55
88214.00ms : 0.85;-0.42;-0.13;-0.92;-0.06;-1.46
88234.00ms : 0.87;-0.42;-0.14;-2.14;0.06;-0.85
88254.00ms : 0.88;-0.43;-0.11;-2.50;-0.43;-1.22
88274.00ms : 0.88;-0.42;-0.12;-2.93;-1.10;-1.22
88294.00ms : 0.88;-0.38;-0.15;-1.04;-1.16;-0.31
88314.00ms : 0.87;-0.37;-0.16;1.34;-0.24;0.24
88334.00ms : 0.87;-0.41;-0.15;1.34;0.24;0.43
88354.00ms : 0.87;-0.42;-0.14;-0.92;0.37;-0.24
88374.00ms : 0.87;-0.42;-0.14;-1.89;0.43;-1.16
88394.00ms : 0.86;-0.41;-0.15;-1.28;0.24;-1.04
88414.00ms : 0.87;-0.41;-0.16;-0.73;-0.06;-0.92
88434.00ms : 0.88;-0.42;-0.16;-0.61;-0.31;-0.43
88454.00ms : 0.88;-0.41;-0.16;0.43;-0.06;0.06
88474.00ms : 0.86;-0.40;-0.18;1.83;0.37;-0.06
88494.00ms : 0.86;-0.40;-0.17;2.56;0.85;-0.73
88514.00ms : 0.86;-0.42;-0.17;2.38;1.40;-0.73
88534.00ms : 0.86;-0.40;-0.19;3.23;1.95;-0.92
88554.00ms : 0.86;-0.40;-0.20;5.37;2.20;-0.98
88574.00ms : 0.86;-0.43;-0.17;5.07;3.54;-0.73
88594.00ms : 0.85;-0.46;-0.17;2.87;2.93;-2.93
88614.00ms : 0.84;-0.44;-0.19;2.62;3.05;-4.21
88634.00ms : 0.84;-0.40;-0.22;5.43;4.33;-3.05
88654.00ms : 0.83;-0.45;-0.18;7.02;5.13;-3.54
88674.00ms : 0.80;-0.46;-0.16;5.68;4.76;-4.09
88694.00ms : 0.85;-0.45;-0.18;4.33;3.54;-4.88
88714.00ms : 0.87;-0.40;-0.17;7.51;3.05;-4.15
88734.00ms : 0.84;-0.40;-0.13;9.34;3.85;-4.76
88754.00ms : 0.84;-0.41;-0.12;8.30;1.10;-4.52
88774.00ms : 0.87;-0.39;-0.17;8.18;0.55;-3.48
88794.00ms : 0.90;-0.38;-0.19;11.78;0.92;-2.20
88814.00ms : 0.89;-0.39;-0.14;13.85;1.83;-1.77
88834.00ms : 0.86;-0.43;-0.14;11.78;0.24;-2.44
88854.00ms : 0.89;-0.45;-0.13;9.64;0.43;-2.08
88874.00ms : 0.91;-0.48;-0.12;6.16;1.04;-2.99
88894.00ms : 0.90;-0.47;-0.13;3.91;0.85;-4.52
88914.00ms : 0.84;-0.45;-0.14;5.62;1.16;-4.58
88934.00ms : 0.81;-0.45;-0.15;5.55;-1.53;-3.91
88954.00ms : 0.88;-0.42;-0.21;4.94;-2.50;-1.34
88974.00ms : 0.87;-0.40;-0.23;6.71;-0.06;-1.10
88994.00ms : 0.84;-0.47;-0.23;6.53;2.20;-2.62
89014.00ms : 0.83;-0.49;-0.22;3.36;3.78;-6.77
89034.00ms : 0.82;-0.48;-0.20;0.12;4.58;-9.95
89054.00ms : 0.90;-0.42;-0.21;-2.75;1.59;-6.16
89074.00ms : 0.91;-0.39;-0.24;4.03;2.14;-2.26
89094.00ms : 0.88;-0.42;-0.23;10.80;2.62;-0.92
89114.00ms : 0.85;-0.48;-0.22;13.67;2.99;-1.46
89134.00ms : 0.86;-0.52;-0.19;11.11;3.11;-3.54
89154.00ms : 0.87;-0.53;-0.21;6.23;2.38;-5.37
89174.00ms : 0.84;-0.50;-0.21;4.15;2.75;-5.31
89194.00ms : 0.86;-0.51;-0.23;3.54;1.95;-3.17
89214.00ms : 0.87;-0.45;-0.25;5.07;1.22;-2.08
89234.00ms : 0.86;-0.44;-0.24;7.20;1.65;-0.18
89254.00ms : 0.88;-0.49;-0.22;5.49;2.20;0.12
89274.00ms : 0.87;-0.50;-0.20;2.38;3.30;-1.10
89294.00ms : 0.88;-0.44;-0.18;0.55;2.81;-2.01
89314.00ms : 0.88;-0.41;-0.18;2.08;1.46;-2.01
89334.00ms : 0.83;-0.46;-0.22;3.48;1.34;-0.49
89354.00ms : 0.82;-0.53;-0.26;4.52;0.00;1.04
89374.00ms : 0.84;-0.51;-0.29;5.55;-1.10;0.06
89394.00ms : 0.83;-0.49;-0.27;6.77;-0.12;-0.12
89414.00ms : 0.79;-0.49;-0.25;3.11;2.08;-1.83
89434.00ms : 0.81;-0.43;-0.25;1.22;1.22;-1.71
89454.00ms : 0.85;-0.42;-0.26;1.65;-0.67;1.40
89474.00ms : 0.94;-0.50;-0.25;2.81;-2.14;4.88
89494.00ms : 0.91;-0.53;-0.21;5.49;-2.44;2.69
89514.00ms : 0.88;-0.43;-0.22;9.40;-2.62;1.71
89534.00ms : 0.85;-0.38;-0.23;11.66;-1.77;3.36
89554.00ms : 0.91;-0.46;-0.21;11.78;-2.44;5.13
89574.00ms : 0.91;-0.53;-0.21;9.22;-1.77;5.92
89594.00ms : 0.89;-0.60;-0.18;5.49;-2.26;4.58
89614.00ms : 0.88;-0.56;-0.21;2.69;-3.17;0.43
89634.00ms : 0.86;-0.50;-0.21;-0.49;-1.95;-0.12
89654.00ms : 0.89;-0.46;-0.22;-0.06;-0.55;0.79
89674.00ms : 0.90;-0.42;-0.25;0.79;-0.24;2.14
89694.00ms : 0.90;-0.53;-0.26;-0.49;0.24;3.72
89714.00ms : 0.87;-0.60;-0.24;-2.26;-0.73;3.05
89734.00ms : 0.85;-0.51;-0.21;-3.11;-0.73;1.28
89754.00ms : 0.88;-0.41;-0.22;-3.30;-0.55;0.67
89774.00ms : 0.88;-0.40;-0.24;-1.40;0.73;3.23
89794.00ms : 0.88;-0.46;-0.24;-0.31;0.55;5.19
89814.00ms : 0.87;-0.53;-0.23;-0.31;-0.06;4.94
89834.00ms : 0.85;-0.49;-0.25;1.40;-1.34;4.09
89854.00ms : 0.86;-0.46;-0.26;3.17;-2.08;5.19
89874.00ms : 0.86;-0.43;-0.25;2.81;-4.76;7.87
89894.00ms : 0.86;-0.50;-0.26;3.36;-5.43;10.56
89914.00ms : 0.88;-0.50;-0.24;4.88;-5.00;8.73
89934.00ms : 0.90;-0.45;-0.21;7.75;-4.33;7.08
89954.00ms : 0.95;-0.39;-0.22;9.95;-4.21;6.84
89974.00ms : 0.94;-0.41;-0.22;11.41;-3.11;7.69
89994.00ms : 0.89;-0.49;-0.24;11.35;-2.99;7.39
90014.00ms : 0.87;-0.52;-0.26;9.28;-2.38;5.25
90034.00ms : 0.86;-0.51;-0.25;6.35;-1.83;3.60
90054.00ms : 0.87;-0.47;-0.25;4.15;-2.26;2.32
90074.00ms : 0.89;-0.44;-0.24;4.58;-2.87;3.36
90094.00ms : 0.87;-0.43;-0.25;5.98;-2.69;3.66
90114.00ms : 0.88;-0.43;-0.25;5.25;-2.32;3.48
90134.00ms : 0.88;-0.44;-0.25;3.91;-2.08;2.99
90154.00ms : 0.89;-0.46;-0.26;2.20;-1.65;2.50
90174.00ms : 0.88;-0.48;-0.25;1.59;-2.26;2.69
90194.00ms : 0.88;-0.48;-0.25;0.37;-2.20;2.44
90214.00ms : 0.87;-0.48;-0.24;-1.77;-1.16;2.26
90234.00ms : 0.88;-0.45;-0.25;-2.87;-1.10;1.89
90254.00ms : 0.87;-0.47;-0.24;-4.03;-0.43;2.20
90274.00ms : 0.87;-0.46;-0.25;-5.13;-0.37;1.77
90294.00ms : 0.89;-0.44;-0.24;-5.19;-0.12;1.83
90314.00ms : 0.89;-0.42;-0.24;-2.69;-0.61;2.20
90334.00ms : 0.90;-0.40;-0.25;-0.61;-0.85;2.44
90354.00ms : 0.89;-0.42;-0.25;0.49;-0.85;3.17
90374.00ms : 0.88;-0.44;-0.23;1.89;-1.16;2.99
90394.00ms : 0.88;-0.43;-0.25;2.20;-1.10;2.93
90414.00ms : 0.89;-0.45;-0.25;2.50;-1.16;2.99
90434.00ms : 0.88;-0.43;-0.25;2.75;-1.10;3.36
90454.00ms : 0.89;-0.45;-0.24;2.08;-0.37;3.42
90474.00ms : 0.89;-0.46;-0.25;1.65;-0.61;3.30
90494.00ms : 0.88;-0.47;-0.25;0.43;-0.55;2.99
90514.00ms : 0.89;-0.46;-0.26;-0.61;-0.79;2.99
90534.00ms : 0.88;-0.46;-0.25;-0.79;-0.37;2.62
90554.00ms : 0.89;-0.43;-0.25;-1.10;-0.37;2.01
90574.00ms : 0.89;-0.41;-0.25;-0.55;-0.18;2.20
90594.00ms : 0.89;-0.41;-0.25;0.18;-0.55;2.44
90614.00ms : 0.89;-0.44;-0.24;0.55;-0.55;2.32
90634.00ms : 0.89;-0.44;-0.25;0.67;-0.79;1.95
90654.00ms : 0.89;-0.44;-0.25;1.34;-0.79;1.71
90674.00ms : 0.89;-0.44;-0.26;0.43;-0.85;1.89
90694.00ms : 0.89;-0.44;-0.26;-0.06;-0.98;2.20
90714.00ms : 0.89;-0.45;-0.25;-0.49;-0.79;1.65
90734.00ms : 0.89;-0.44;-0.25;-0.37;-1.77;1.34
90754.00ms : 0.90;-0.41;-0.27;0.67;-2.08;1.89
90774.00ms : 0.88;-0.44;-0.24;2.01;-0.85;3.42
90794.00ms : 0.88;-0.44;-0.25;0.85;-0.79;1.95
90814.00ms : 0.89;-0.40;-0.25;0.92;-0.79;1.95
90834.00ms : 0.91;-0.41;-0.26;2.26;-0.98;2.32
90854.00ms : 0.88;-0.44;-0.26;3.91;-1.22;3.05
90874.00ms : 0.88;-0.45;-0.25;4.09;-1.34;2.87
90894.00ms : 0.88;-0.46;-0.26;2.38;-0.98;2.20
90914.00ms : 0.89;-0.44;-0.26;-0.12;-0.31;1.83
90934.00ms : 0.90;-0.43;-0.26;-1.77;-0.12;2.08
90954.00ms : 0.89;-0.44;-0.25;-1.10;0.31;2.26
90974.00ms : 0.88;-0.44;-0.25;-0.73;0.24;2.20
90994.00ms : 0.89;-0.43;-0.25;0.24;-0.43;2.26
91014.00ms : 0.90;-0.42;-0.27;2.01;-1.40;2.32
91034.00ms : 0.90;-0.44;-0.28;1.71;-0.85;3.72
91054.00ms : 0.88;-0.46;-0.26;0.43;-0.85;3.60
91074.00ms : 0.90;-0.44;-0.26;0.12;-2.14;2.50
91094.00ms : 0.89;-0.43;-0.26;0.18;-1.28;2.69
91114.00ms : 0.89;-0.44;-0.25;-0.98;-0.92;2.69
91134.00ms : 0.90;-0.42;-0.26;-2.62;-1.04;2.38
91154.00ms : 0.90;-0.41;-0.26;-2.08;-0.79;2.44
91174.00ms : 0.90;-0.42;-0.25;-1.16;-1.22;2.56
91194.00ms : 0.89;-0.42;-0.26;-0.37;-0.79;2.87
91214.00ms : 0.89;-0.42;-0.25;-0.61;-1.10;2.14
91234.00ms : 0.90;-0.41;-0.26;-0.92;-1.28;2.14
91254.00ms : 0.90;-0.41;-0.26;-0.37;-1.34;2.56
91274.00ms : 0.89;-0.43;-0.26;-0.73;-1.16;2.38
91294.00ms : 0.89;-0.43;-0.25;-1.28;-0.73;1.71
91314.00ms : 0.90;-0.39;-0.26;-1.22;-1.16;1.16
91334.00ms : 0.91;-0.40;-0.26;-0.31;-1.28;1.65
91354.00ms : 0.90;-0.43;-0.26;-0.06;-1.83;2.44
91374.00ms : 0.88;-0.44;-0.25;-0.79;-0.73;2.44
91394.00ms : 0.90;-0.43;-0.25;-1.53;-1.46;0.98
91414.00ms : 0.90;-0.39;-0.26;-0.61;-1.28;1.04
91434.00ms : 0.91;-0.40;-0.25;0.06;-1.53;1.89
91454.00ms : 0.90;-0.41;-0.26;0.49;-1.59;1.89
91474.00ms : 0.89;-0.42;-0.25;0.92;-1.53;1.89
91494.00ms : 0.91;-0.41;-0.25;1.34;-2.14;1.71
91514.00ms : 0.90;-0.41;-0.25;1.71;-1.77;2.01
91534.00ms : 0.90;-0.40;-0.25;1.34;-1.59;1.34
91554.00ms : 0.91;-0.40;-0.25;1.04;-1.83;0.67
91574.00ms : 0.91;-0.40;-0.27;1.59;-2.01;0.98
91594.00ms : 0.90;-0.43;-0.27;1.34;-1.89;0.92
91614.00ms : 0.89;-0.44;-0.26;0.12;-1.53;0.55
91634.00ms : 0.90;-0.43;-0.25;-1.16;-1.77;-0.31
91654.00ms : 0.90;-0.41;-0.26;-1.04;-1.83;-0.37
91674.00ms : 0.90;-0.40;-0.26;-0.24;-1.40;-0.43
91694.00ms : 0.89;-0.42;-0.25;-0.12;-1.40;0.37
91714.00ms : 0.90;-0.43;-0.26;-0.12;-1.77;0.37
91734.00ms : 0.90;-0.43;-0.26;-1.10;-1.40;0.06
91754.00ms : 0.90;-0.41;-0.24;-0.98;-1.59;-0.49
91774.00ms : 0.90;-0.40;-0.26;0.06;-1.53;-0.18
91794.00ms : 0.90;-0.42;-0.25;0.24;-1.04;0.24
91814.00ms : 0.90;-0.43;-0.25;-0.31;-0.98;0.24
91834.00ms : 0.90;-0.42;-0.27;-0.49;-1.34;-0.49
91854.00ms : 0.90;-0.42;-0.25;-0.79;-1.22;-0.06
91874.00ms : 0.90;-0.42;-0.25;-0.98;-0.98;-0.18
91894.00ms : 0.90;-0.42;-0.26;-1.10;-1.10;-0.12
91914.00ms : 0.90;-0.42;-0.27;-0.79;-1.77;0.43
91934.00ms : 0.90;-0.42;-0.26;-1.16;-0.92;0.06
91954.00ms : 0.91;-0.42;-0.26;-1.59;-1.89;-0.24
91974.00ms : 0.89;-0.41;-0.25;-0.55;-1.34;0.00
91994.00ms : 0.90;-0.42;-0.25;-0.61;-1.34;-0.12
92014.00ms : 0.89;-0.42;-0.25;-0.43;-1.34;0.37
92034.00ms : 0.90;-0.42;-0.26;-0.31;-1.89;0.06
92054.00ms : 0.90;-0.41;-0.25;-0.85;-1.46;0.00
92074.00ms : 0.90;-0.40;-0.25;-0.73;-1.34;0.06
92094.00ms : 0.90;-0.42;-0.26;-0.49;-1.77;0.79
92114.00ms : 0.89;-0.43;-0.25;-0.12;-1.16;0.85
92134.00ms : 0.90;-0.43;-0.25;-0.55;-1.71;-0.06
92154.00ms : 0.90;-0.40;-0.26;-0.31;-1.83;0.31
92174.00ms : 0.90;-0.41;-0.25;0.18;-1.34;0.98
92194.00ms : 0.89;-0.42;-0.24;-0.31;-1.04;0.92
92214.00ms : 0.90;-0.43;-0.25;-0.49;-1.34;0.49
92234.00ms : 0.90;-0.41;-0.25;-0.06;-1.77;0.67
92254.00ms : 0.89;-0.41;-0.26;0.49;-1.22;1.34
92274.00ms : 0.89;-0.42;-0.25;0.55;-1.46;0.98
92294.00ms : 0.90;-0.41;-0.25;0.37;-1.10;0.61
92314.00ms : 0.90;-0.41;-0.25;0.18;-1.28;0.67
92334.00ms : 0.90;-0.42;-0.26;0.18;-1.28;1.46
92354.00ms : 0.89;-0.44;-0.25;-0.31;-1.22;0.92
92374.00ms : 0.89;-0.42;-0.25;-0.24;-1.22;0.31
92394.00ms : 0.90;-0.42;-0.25;-0.79;-0.79;0.43
92414.00ms : 0.90;-0.41;-0.25;-1.04;-1.16;0.85
92434.00ms : 0.90;-0.42;-0.25;-0.55;-0.73;0.85
92454.00ms : 0.90;-0.41;-0.26;-0.12;-1.46;0.79
92474.00ms : 0.90;-0.40;-0.26;0.61;-1.22;1.04
92494.00ms : 0.90;-0.41;-0.25;0.79;-1.77;1.16
92514.00ms : 0.90;-0.43;-0.25;0.92;-1.65;1.46
92534.00ms : 0.89;-0.43;-0.25;-0.06;-0.98;1.40
92554.00ms : 0.90;-0.43;-0.25;-0.24;-1.22;1.10
92574.00ms : 0.90;-0.40;-0.26;0.79;-1.77;1.22
92594.00ms : 0.91;-0.39;-0.26;2.87;-2.26;1.89
92614.00ms : 0.90;-0.41;-0.25;2.93;-1.71;2.08
92634.00ms : 0.90;-0.41;-0.25;2.38;-1.95;1.46
92654.00ms : 0.90;-0.42;-0.26;1.40;-1.89;1.46
92674.00ms : 0.90;-0.41;-0.25;1.59;-1.71;1.46
92694.00ms : 0.89;-0.41;-0.25;1.71;-1.34;1.10
92714.00ms : 0.90;-0.42;-0.25;0.92;-1.28;1.10
92734.00ms : 0.90;-0.40;-0.25;1.46;-1.28;0.98
92754.00ms : 0.90;-0.41;-0.26;1.77;-1.59;0.92
92774.00ms : 0.89;-0.41;-0.25;1.89;-1.04;1.04
92794.00ms : 0.90;-0.42;-0.24;1.34;-0.73;0.55
92814.00ms : 0.90;-0.41;-0.26;0.92;-0.79;-0.12
92834.00ms : 0.90;-0.42;-0.26;0.73;-0.73;0.49
92854.00ms : 0.89;-0.42;-0.26;0.73;-1.10;0.55
92874.00ms : 0.90;-0.42;-0.25;0.37;-0.98;-0.06
92894.00ms : 0.91;-0.41;-0.26;-0.12;-0.92;0.12
92914.00ms : 0.89;-0.42;-0.25;-0.18;-0.37;0.49
92934.00ms : 0.90;-0.40;-0.26;-0.18;-0.92;0.18
92954.00ms : 0.91;-0.40;-0.26;0.73;-0.92;0.55
92974.00ms : 0.90;-0.42;-0.26;0.92;-0.92;0.24
92994.00ms : 0.90;-0.42;-0.26;1.10;-1.40;0.49
93014.00ms : 0.91;-0.41;-0.27;1.71;-1.28;0.18
93034.00ms : 0.90;-0.39;-0.27;3.42;-1.65;0.55
93054.00ms : 0.90;-0.41;-0.27;3.11;-1.77;0.79
93074.00ms : 0.90;-0.44;-0.27;1.83;-1.65;0.73
93094.00ms : 0.89;-0.44;-0.25;0.24;-1.59;0.00
93114.00ms : 0.90;-0.42;-0.26;-1.22;-1.40;-0.67
93134.00ms : 0.91;-0.40;-0.26;0.37;-1.53;0.06
93154.00ms : 0.90;-0.40;-0.26;2.01;-1.59;0.98
93174.00ms : 0.90;-0.41;-0.25;1.89;-1.77;0.24
93194.00ms : 0.91;-0.41;-0.26;1.04;-1.46;0.24
93214.00ms : 0.90;-0.42;-0.27;0.18;-1.22;0.06
93234.00ms : 0.89;-0.42;-0.26;0.43;-0.98;0.31
93254.00ms : 0.90;-0.41;-0.27;1.16;-1.46;0.12
93274.00ms : 0.90;-0.42;-0.26;1.65;-1.28;0.49
93294.00ms : 0.90;-0.43;-0.26;0.67;-1.16;0.67
93314.00ms : 0.90;-0.42;-0.26;0.31;-1.40;0.85
93334.00ms : 0.89;-0.43;-0.26;0.98;-1.34;1.10
93354.00ms : 0.89;-0.42;-0.25;0.49;-0.85;1.04
93374.00ms : 0.90;-0.40;-0.26;0.00;-0.55;0.37
93394.00ms : 0.91;-0.40;-0.26;0.06;-1.10;0.79
93414.00ms : 0.90;-0.42;-0.26;0.31;-0.98;1.59
93434.00ms : 0.90;-0.44;-0.26;-0.24;-0.43;1.10
93454.00ms : 0.90;-0.43;-0.26;-1.22;-0.55;0.31
93474.00ms : 0.90;-0.41;-0.26;-1.71;-0.55;0.31
93494.00ms : 0.91;-0.39;-0.26;-0.43;-0.79;0.92
93514.00ms : 0.90;-0.41;-0.26;0.18;-0.61;1.53
93534.00ms : 0.90;-0.43;-0.25;-0.43;-0.73;0.73
93554.00ms : 0.90;-0.42;-0.26;-0.85;-0.92;0.24
93574.00ms : 0.90;-0.40;-0.26;0.18;-1.16;0.37
93594.00ms : 0.91;-0.41;-0.26;1.16;-1.40;0.98
93614.00ms : 0.90;-0.41;-0.26;1.46;-1.28;0.85
93634.00ms : 0.90;-0.42;-0.26;0.61;-1.16;0.73
93654.00ms : 0.90;-0.42;-0.26;0.37;-1.34;0.24
93674.00ms : 0.90;-0.41;-0.26;0.79;-1.04;0.67
93694.00ms : 0.90;-0.41;-0.26;1.53;-1.10;0.31
93714.00ms : 0.90;-0.42;-0.26;1.10;-1.04;0.31
93734.00ms : 0.90;-0.42;-0.26;0.73;-0.98;0.31
93754.00ms : 0.90;-0.42;-0.27;0.24;-1.04;0.24
93774.00ms : 0.90;-0.43;-0.26;-0.43;-1.22;0.24
93794.00ms : 0.90;-0.42;-0.26;-0.49;-0.92;0.00
93814.00ms : 0.90;-0.41;-0.26;-0.43;-0.55;0.12
93834.00ms : 0.90;-0.41;-0.26;-0.79;-0.43;0.12
93854.00ms : 0.90;-0.43;-0.27;-1.16;-0.61;0.24
93874.00ms : 0.90;-0.43;-0.27;-1.53;-0.92;0.49
93894.00ms : 0.90;-0.42;-0.26;-1.16;-0.85;-0.12
93914.00ms : 0.90;-0.41;-0.26;-0.79;-0.92;0.00
93934.00ms : 0.91;-0.41;-0.26;-1.59;-0.43;0.00
93954.00ms : 0.91;-0.40;-0.27;-0.67;-0.55;0.67
93974.00ms : 0.90;-0.42;-0.26;-0.18;-0.92;0.61
93994.00ms : 0.89;-0.43;-0.26;0.06;-1.34;0.00
94014.00ms : 0.90;-0.42;-0.26;-1.22;-1.16;-0.06
94034.00ms : 0.91;-0.40;-0.26;-1.83;-0.98;-0.24
